Title,News_Type,date,content,url
我談判團隊分析川普政府關稅5大殺招  定案核心目標,政治,2026/02/21 17:37,美國最高法院裁定川普的全球性關稅措施違法，據了解，行政團隊連夜分析，並啟動應變分析，其實美國高院審議期間，談判團隊就曾分析，川普政府還有五大殺招。政院並定案核心目標，就是要確保目前取得的相對優勢以及232最惠國待遇成果，並且應對301調查。（路透資料照）美國最高法院裁定川普的全球性關稅措施違法，川普緊急援用1974年「貿易法」第122條款，對所有進口貨加徵10%關稅。據了解，行政團隊連夜分析，並啟動應變分析，其實美國高院審議期間，談判團隊就曾分析，川普政府還有五大殺招。政院並定案核心目標，就是要確保目前取得的相對優勢以及232最惠國待遇成果，並且應對301調查。知情人士透露，美國最高法院裁定川普關稅違法，行政團隊隨即啟動應變分析，包括駐外單位搜集美方文件、122條款內容，美方公布的聲明及高院判決文件等。行政院經貿辦連夜分析之外，副院長鄭麗君帶領的台美經貿小組也就相關情事進行盤整，政院隨即召開內部會議討論接下來的變局與應對，並定案核心目標，就是要確保目前取得的相對優勢以及232最惠國待遇成果，並且應對301調查。請繼續往下閱讀...該名人士表示，其實美國高院審議期間，談判團隊就曾分析，川普政府還有五大殺招，除正在進行的232條款調查之外，還有台灣人耳熟能詳的301條款，此外還有201條款、338條款，再來就是今天川普宣布的122條款。他解釋，122條款雖只能生效150天，但真正的大殺器232條款美國早就開始使用，2018年川普就開始對鋼鋁徵收達232關稅，去年甚至提高到50%，此外台灣也曾經因為盜版、軟體盜用等問題被列入301條款，80年代甚至因為嚴重逆差，被美國祭出特別301條款，台灣因此調整金融政策，並建立智慧財產法。    ,https://news.ltn.com.tw/news/politics/breakingnews/5347377
藍白為何拖延國防特別預算？沈伯洋：幫習爭取對美談判籌碼,政治,2026/02/21 16:54,立法院外交及國防委員會民進黨籍立委沈伯洋。（資料照）立法院本會期即將於2月24日開議，然而政府所提出為期8年、暫匡1.25兆元上限的國防特別預算條例，已遭在野黨程序杯葛數月，立法院正副院長韓國瑜、江啟臣近日聲明稱將列入本會期優先議案。對此，民進黨立委沈伯洋今（21）日表示，藍白陣營從頭到尾的政治動作並非只是單純阻擋，而是刻意「拖延」的陽謀，目的就是為了不讓台灣的軍購案在3月底可能的「川習會」前生米煮成熟飯，藉此為中國國家主席習近平爭取對美談判的籌碼。國防部日前示警，美方對台軍售首波3案項的發價書（LOA）草案，若未於3月15日效期內簽署，恐導致全案取消。對此，沈伯洋今天受訪剖析藍白戰術指出，依據立法院時程，即便法案成功付委，也要等到3月11日選出召委後才能展開審查，在時效上怎麼看都來不及。請繼續往下閱讀...沈指出，近期外界傳出川普將訪中日期提前確認為3月31日，我國國防特別條例已提出數個月卻至今在程序上也不願進入實質審查，就是希望將時間拖過這個關鍵節點。一旦國防特別預算無法在會前定案，習近平在與川普碰面時就擁有了談判籌碼，這正是藍白做了諸多政治動作、從頭到尾故意為之的陽謀。沈伯洋警告，當時間被無端消耗、甚至拖過關鍵節點後，將衍生出極大變數，實質上等同於卡住台灣當下的國防建設。他強調，如果美方供售的軍購品項需要重來或展延，將一定程度導致台灣的增進防衛力量的進程產生空窗期。更嚴重的是，目前全球各國都在擴充軍備、市場需求大增，若其他國家的軍火廠商看到台灣因內部政治導致國家政策不穩定，將會大幅降低與台灣做生意的意願，進而轉向尋求其他更穩定的國家合作。針對接下來的國會攻防，沈伯洋坦言，過往國民黨會將立法院正副院長席次放在外交及國防委員會，使在野黨在該委員會的人數比綠營少，但本屆在野黨恐將改變策略。若藍白更改佈局，民進黨在國防外交委員會可能將不再具備人數優勢，增添了未來審議的難度。儘管面臨在野黨杯葛與委員會人數劣勢，沈伯洋強調，民進黨團仍會積極應戰。他表示，雖然時程緊迫，但民進黨團在程序委員會中依然會全力爭取將國防特別條例排入最優先議程討論。同時，面對即將到來的「川習會」變數與時間賽跑的壓力，政府也會積極與美方溝通，爭取現有發價書草案效期的延長，以確保台灣的國防需求不受政治干擾而停擺。    ,https://news.ltn.com.tw/news/politics/breakingnews/5347347
轟黃國昌「土匪法律邏輯」！  胡采蘋拆解美稅法真相狠打臉,政治,2026/02/21 16:27,民眾黨主席黃國昌。（資料照）美國聯邦最高法院裁定川普援引《國際緊急經濟權力法》（IEEPA）加徵關稅違憲。民眾黨主席黃國昌對此大讚美國司法獨立、敢向總統說不。對此，財經網紅胡采蘋詳細拆解美國貿易法規，強調課稅權並非國會專有，大法官是判定IEEPA未授權總統課稅，而非全面剝奪行政權的關稅手段，直批黃國昌的說法是「土匪強盜法律邏輯」。胡采蘋今（21）日在臉書粉專「Emmy追劇時間」發文表示，所謂的「美國總統沒有課關稅的權力，大法官會議把課關稅的權力還給國會」，這是一個錯誤的說法，不然2018年開始的川普對中關稅為什麼可以成立，拜登還繼續課？請繼續往下閱讀...她指出，「關稅是國會的權力」是指一體適用的關稅稅則，例如1929年著名的「斯姆特-霍利關稅法案 」（Smoot–Hawley Tariff Act），就是由這兩位議員提出關稅法案，1930年國會通過，把本來已經頗高的關稅再往上加，最後經濟急凍，1929大蕭條進一步惡化。然而總統與行政權，包括商務部、貿易代表署這些，他們仍然可以針對各國的貿易壁壘情況，對每一個國家施予不同手段，包括課徵關稅。胡采蘋舉例，《1974年貿易法第301條》就是著名的301條款，專門處理不公平的貿易條件，給予行政權的手段包括加徵關稅、限制對方進口貨物、撤銷給對方的貿易優惠、停發業務執照與許可證等等，這都是總統的權力範圍。另如晶片稅、鋼鋁稅所依據的《1962年貿易擴張法》第232條，則授權商務部認定進口是否影響國家安全，「這裡是指經濟安全，例如藥品、關鍵礦物這類國家安全物資，商務部一樣擁有課徵關稅、限制進口配額等權力」。至於川普宣佈未來150天內，將以《1974年貿易法》第122條，一律課徵10%關稅。胡采蘋認為，這一條更是接近川普原意，它賦予美國總統在國際收支失衡的時候，可以短期的課徵關稅、加徵附加稅、限制進口配額。但是它只有150天期限，它的本意應該是讓國會跟上立法。她強調，「『課稅權』並非國會專有，只是行政權要課關稅，它是必須針對每一個國家的貿易壁壘情形，做出針對性的處置，一個一個國家去jusitify你的課稅行動」。此外，胡采蘋也提到，2018年川普對中國課徵關稅依據的是301條款；拜登總統繼續對中關稅，則是307條款（同一部1974年貿易法的307條）規定，每四年要檢查一次是否貿易平衡了，而拜登總統認為沒有，可以繼續川普的301關稅，「如果行政權沒有課關稅的權力，那怎麼能課中國關稅？」她直言，這次美國最高法院判定違憲是指「IEEPA國際緊急權力法並沒有給總統關稅權」，是指這部法律沒有授權課稅。那川普目前就是每天鞭打商務部，叫盧特尼克每天加班，生出來一套針對每一個國家的稅率組合理由，完全合乎各種貿易法規。胡采蘋說，世界各國佔美國便宜多久了，各種離譜的產業保護措施跟屎一樣，台灣想要扶植汽車產業，最後扶植到車商進口中國零組件，在台灣組裝，就符合國產車資格，享受各種國產車保護措施，這就是台灣傾全國60年之力保護汽車的貿易措施的後果，沒有川普關稅壓境，怎麼可能取消，車商是多少政客的父母。最後，她直言，美國大法官會議做出的決定非常有水準，他們這樣剛直，也是在督促行政權要用更正直的手段去行使權力，讓整個法制體系更加完善、適法性更加充足，而不是暴力濫用、破壞三權分立，「人民需要智商，慎思明辨，不需要黃國昌式的土匪強盜暴民法律邏輯，國家才會蒸蒸日上。沒水準的土匪超速仔人人得而嗆之，國家最大的不幸就是這些廢渣。」    ,https://news.ltn.com.tw/news/politics/breakingnews/5347309
川普關稅被判違法 許毓仁提3重點：美最在意維持承諾可信、政策連貫,政治,2026/02/21 16:14,"許毓仁發文直言，台灣要把「不確定性」壓到最低，讓供應鏈穩定成為雙方共同利益，他也強調華府最在意的不是台灣是否有爭論，而是台灣是否能在爭論後仍維持政策連貫與承諾可信。圖為示意圖。（路透）美國最高法院宣判美國總統川普依據「國際緊急經濟權力法」（IEEPA）實施的「對等關稅」違法，引發國際關注，民眾黨主席黃國昌質疑川普違憲濫權，國民黨立委翁曉玲更稱「立院已無審查必要」。前國民黨立委、現任華府哈德遜智庫研究員許毓仁則發文直言，台灣要把「不確定性」壓到最低，讓供應鏈穩定成為雙方共同利益，他也強調華府最在意的不是台灣是否有爭論，而是台灣是否能在爭論後仍維持政策連貫與承諾可信。許毓仁在臉書發文指出，川普關稅被最高法院卡住後，白宮立刻改用其他法源推回「全球 10%」臨時附加稅。對台灣來說，重點不是稅率本身，而是如何面對後續不確定性。白宮已確認習近平與川普將在3/31–4/2會晤。對華府政策圈而言，這場峰會的關鍵不只在議題本身，而在「時間壓力」下雙方期待的成果和施壓力道的改變。請繼續往下閱讀...許毓仁分析，在川普的關稅政策受挫之下，北京更傾向提出多議題打包：關稅、科技出口限制、芬太尼與關鍵礦物、以及施壓川普對台灣相關的軍售與挺台行動克制，會被放進同一個交換框架。北京知道：在峰會期間，白宮更急迫想要對「可見成果」的需求更高，提出交易的可能性越高。台灣要怎麼「對華府說話」才有效？許毓仁對此提出三點建言。其一，針對台灣關鍵輸美品項，要求白宮清楚公布並可執行的口徑：分類、豁免、期限、例外處理與轉換規則。因為這波10%是以《1974貿易法》122條的150天臨時工具推出，企業最需要的是穩定的「操作手冊」。企業最怕的是規則一變、整條供應鏈被迫重談；台灣要把「不確定性」壓到最低，讓供應鏈穩定成為雙方共同利益。許毓仁強調，政府部分要盤點輸美產品可能豁免項、合約關稅分攤條款、與在美庫存/轉運節點，先把「重談成本」降到最低。其二，對外要呈現「監督可以更嚴，但方向一致、履約一致」。華府最在意的不是台灣是否有爭論，而是台灣是否能在爭論後仍維持政策連貫與承諾可信。內部越分裂，外部越容易把台灣視為可被調節的變數。美國財政部長貝森特接受媒體專訪時更特別提到，「盟友應該要履行合約（honor the deal）, 否則川普總統擁有拒絕（embargo）貨物進入市場的權利」其三，台灣要讓華府理解：台海穩定不是可以用來換取短期中美貿易降溫的籌碼，而是決定印太秩序與全球供應鏈安全的基礎條件。美國最高法院宣判美國總統川普依據「國際緊急經濟權力法」（IEEPA）實施的「對等關稅」違法，引發國際關注。（美聯社）    ",https://news.ltn.com.tw/news/politics/breakingnews/5347314
川普關稅被擋 傅崐萁：政府須說明848億美元天價採購換來什麼,政治,2026/02/21 15:56,國民黨團總召傅崐萁。（資料照）美國最高法院宣判美國總統川普依據「國際緊急經濟權力法」（IEEPA）實施的「對等關稅」違法一事。國民黨團總召傅崐萁表示，此判決澈底推翻台美關稅協議的法源基礎，賴清德政府先前為了迎合美方所做出的退讓與天價採購承諾，如今看來宛如一場缺乏法律保障的「盲目讓利」，行政院必須立刻向國人交代，並重新向美方確立談判底線。傅崐萁表示，美國最高法院的判決清楚告訴世人，國際經貿不是喊口號、靠關係，而是講制度、講法律。反觀台灣政府對外談判黑箱、對內交代空白，至今仍未向立法院與社會大眾說清楚，台灣究竟承擔了多少潛在風險？又換回了什麼實質保障？請繼續往下閱讀...傅崐萁提出三大呼籲與質疑，要求行政院說明：一，協議法源消失，15%「不疊加」承諾是否跳票？ 二，關稅威脅換湯不換藥，848億美元天價採購換來什麼？三，拒絕黑箱與空窗期，行政部門應立刻赴立院報告。傅崐萁指出，現階段台美關稅協議中「15%不疊加架構」是建構在IEEPA與行政命令之上，如今最高法院判決出爐，法律文字必然面臨改寫，「對等關稅」一詞在法律上已然失效。國民黨團擔憂，在第一階段的過渡期中，美方若改以「貿易法」第122條行政命令，用「10%關稅加上台灣原本關稅」來疊加取代，雖然部分項目可能低於15%，但整體而言，台灣的出口產業將陷入極大的不確定性。賴政府當初信誓旦旦的「關稅保護傘」，是否已經破洞？傅崐萁表示，美國的最終目標是解決貿易逆差與逼迫投資回流，法源依據只是工具。未來美方隨時可能透過第232條重新包裝，甚至對台灣啟動301調查，轉為個別國家的關稅架構。令人痛心的是，台灣當初承諾高達848億美元的對美採購與投資，本質上是賴政府為了在「美國優先」結構下花錢買穩定。如今美方關稅法源被推翻，這筆高達數兆新台幣的承諾卻「幾乎不會改變」。只要美國仍握有其他關稅工具，台灣就只能繼續吞下這筆政治現實的呆帳，難道台灣人民的血汗錢，難道只能這樣毫無保障地雙手奉上？傅崐萁認為，危機就是轉機，對台灣而言，現在正是凝聚內部共識、重新整合意見，並調整如何回應美國要求的關鍵時刻。既然IEEPA已被美國最高法院否決，但行政部門絕對不能裝聾作啞，應立刻啟動應變機制，正式向美方確認未來關稅架構的「新法律依據」。若賴政府繼續怠惰，未來關稅相關規定未能制定清楚，將導致台灣產業鏈暴露在更巨大的雙重風險之下。傅崐萁強調，台灣不能再承受一次又一次錯誤的政治豪賭。政府若持續忽視法治與制度風險，只會讓台灣在國際經貿競局中成為最大輸家。國民黨將持續在立法院強力監督，為產業、為勞工、為國家整體利益把關到底。    ,https://news.ltn.com.tw/news/politics/breakingnews/5347317
大年初五迎財神 侯友宜金山財神廟參香發送「馬上賺錢」福袋,政治,2026/02/21 15:48,新北市長侯友宜今日上午前往金山財神廟發送「馬上賺錢」福袋。（記者吳昇儒攝）農曆大年初五迎財神，新北市長侯友宜上午特別前往位於萬里與金山交界的金山財神廟，與民眾一起迎接財神，同時也發送「馬上賺錢」福袋，祝福民眾財到福到。也讓本來就香火鼎盛的金山財神廟，湧進更多人潮。侯友宜表示，今天是正月初五迎財神的好日子，希望藉由財神的力量，為大家在新年帶來好運、大發財，不斷地讓個人財富增加、國家經濟蓬勃發展，也希望每一個人都能心想事成。今天也帶來「馬上賺錢」福袋送給大家，祝大家發財。請繼續往下閱讀...侯友宜說，金山財神廟香火鼎盛，自2008年起陸續以「財神號」名義捐贈救護車及復康巴士予全台各縣市及市府，截至目前已捐出23輛，協助提升第一線救護量能，並持續投入助學圓夢基金、地方獎助學金及弱勢家庭物資捐贈，行善足跡遍布全台。新北市長侯友宜今日上午前往金山財神廟發送「馬上賺錢」福袋。（記者吳昇儒攝）新北市長侯友宜今日上午前往金山財神廟發送「馬上賺錢」福袋。（記者吳昇儒攝）    ,https://news.ltn.com.tw/news/politics/breakingnews/5347313
陳佩琪青澀「學生照」曝光！ 驚撞臉這名「國民黨女立委」,政治,2026/02/21 15:47,陳佩琪。（資料照）民眾黨創黨主席柯文哲近日指出，總統賴清德行程中頻頻遇到昏倒、身體不適民眾，他自己也是急救專家，卻鮮少遇到類似情況；柯文哲妻子陳佩琪今日在臉書發文，透露過去在飛機上協助救援的經歷，還曬出一張就讀大學時、被男同學偷偷拍下的青澀照片，沒想到，不少網友認為照片中的陳佩琪「撞臉」國民黨立委徐巧芯。陳佩琪今日在臉書發文，透露自己數年前從舊金山搭機返回桃園機場，在機上遇到有旅客身體不適、空服員廣播尋求協助、她以醫師身分幫忙解決狀況的經驗。她自謙，雖然自己成績沒有特別好，但還好她還算是個用功的學生，該學的都有學起來，才完成班機上的急救。請繼續往下閱讀...貼文中，她也附上一張大學時期的照片表示，這張台大時期在第七講堂上課的舊照，是由當年男同學私下拍下，多年後才傳給她。只見陳佩琪當時一頭及肩黑髮，臉頰明顯比現在更為圓潤，還長著許多青春痘。不過，照片立刻被一名網友轉至Threads，並表示「好像徐姓立委」。貼文下方，網友紛紛留言：「好像！」、「哇！有像」、「從痘痘看得出來 年輕時火氣就很大」、「真的有點像欸。」陳佩琪今日在臉書發文，曬出一張就讀大學時、被男同學偷偷拍下的青澀照片。（取自陳佩琪臉書）立委徐巧芯。（資料照）    ,https://news.ltn.com.tw/news/politics/breakingnews/5347250
美最高法院裁定川普關稅違憲 王定宇揭台灣2優勢：已建最強護城河,政治,2026/02/21 15:04,民進黨資深外交及國防立委王定宇。（資料照）美國聯邦最高法院20日以6比3票數，裁定美國總統川普援引《國際緊急經濟權力法》（IEEPA）對全球徵收的關稅違憲。對此，民進黨立委王定宇今（21）日表示，面對美國司法與關稅政策波動，外界應先「弄清楚什麼違憲？什麼維持有效？」他強調，台灣已透過談判成功「卡位」，事前取得的穩定協議就是台灣最強的護城河。王定宇指出，最高法院雖然判定川普援引IEEPA徵收全球關稅違憲，但必須注意的是，針對鋼鋁與半導體的「232條款」及「301條款」依然維持有效。面對判決結果，川普已立即啟動《1974年貿易法》第122條暨後續條款，先對全球徵收效期150天的10%臨時關稅。他分析，川普手上仍維持4項工具來實施對等關稅，包含反制不公平貿易的301條款、針對貿易逆差的122條款、維護國家安全的232條款，以及重啟大蕭條時期法案的338條款。請繼續往下閱讀...針對台灣在這一波全球關稅混亂局勢中的處境，王定宇點出台灣具備「制度避險」與「產業底氣」兩大戰略優勢。在制度避險方面，台灣已於今年1月與美方簽署協定，不僅將稅率降至15%，更是全球最先取得「232條款」豁免地位的最惠國待遇，涵蓋鋼鋁、半導體等領域。這項成果確保了232豁免的確定性，讓台灣在全球關稅大亂鬥中成功領先卡位。在產業方面，王定宇說明，台積電赴美投資是長期的戰略佈局，此舉也成功換取了2.5倍免稅配額的優勢。台灣正利用半導體的絕對優勢與科學園區的發展經驗，持續與美方建立深厚的經貿紐帶，這是台灣產業的「底氣」。「與其擔心美國司法波動，已達成的穩定協議才是最強護城河」，王定宇強調，台灣必須清楚自身談判結果涵蓋對等關稅與232豁免的實質意義。透過深化的實質夥伴關係，台灣正將這波國際經貿挑戰，成功轉化為市場擴張的紅利。    ,https://news.ltn.com.tw/news/politics/breakingnews/5347285
民眾嗆黃國昌竟遭用糖塞嘴 詹凌瑀批羞辱選民：不顧衛生、不尊重人權,政治,2026/02/21 14:20,民眾黨主席黃國昌近日積極投入新北市長選戰，不過他到各地掃街拜票時卻頻頻遭到民眾嗆聲，昨日甚至有志工用糖果塞往嗆聲民眾嘴巴，引發網路批評。（資料照）民眾黨主席黃國昌近日積極投入新北市長選戰，不過他到各地掃街拜票時卻頻頻遭到民眾嗆聲，昨日甚至有志工用糖果塞往嗆聲民眾嘴巴，引發網路批評，媒體人詹凌瑀也質疑，這種完全不顧衛生、不尊重人權的粗暴行徑，不僅傲慢、無理更是毫無民主素養，若民眾黨繼續放任黨工這樣羞辱選民，遲早會在政治版圖上徹底泡沫化。詹凌瑀在臉書發文直言，黃國昌巡迴秀不是拜年，是大型顧人怨實境秀。她表示原本以為是去市場討紅包，結果變成人人喊打的「臭俗辣」？黃國昌在彰化掃街，再度解鎖「走到哪被嗆到哪」的新成就。請繼續往下閱讀...詹凌瑀批評，面對民眾的不滿，民眾黨不但沒有半點反省，竟然還進化出令人目瞪口呆的「粗暴餵食秀」。看到民眾黨工為了護主，竟然直接把「連包裝都沒拆」的糖果硬塞進嗆聲阿伯的嘴裡，到底是什麼層次的傲慢與無禮？原來民眾黨的溝通方式，就是讓反對者「閉嘴塞糖果」？詹凌瑀質疑，這種完全不顧衛生、不尊重人權的粗暴行徑，活生生體現了這個政黨的基因：傲慢、無理、毫無民主素養。一個只會靠拉仇恨值、製造對立來刷存在感的政黨，連市場阿伯都看不下去。詹凌瑀在文末也指出，如果民眾黨繼續放任黨工這樣羞辱選民，只顧著沉溺在自己的同溫層裡，這種「顧人怨」的仇恨政治，「遲早會讓你們在政治版圖上徹底泡沫化」。    ,https://news.ltn.com.tw/news/politics/breakingnews/5347110
初五開工迎財神 侯友宜與副市長兵分3路參香祝賀「馬祥厚運」,政治,2026/02/21 14:11,今天大年初五，新北市長侯友宜前往萬里、汐止地區廟宇發送福袋。（圖由新北市民政局提供）今天是農曆大年初五開工日，新北市一早除有市長侯友宜前往萬里及汐止地區廟宇參香、發福袋之外，副市長朱惕之、陳純敬也分別前往三峽、林口地區的廟宇拜年，向鄉親祝賀「馬祥厚運」，同時感謝各界宗教團體長期的無私奉獻，成為社會安定的重要力量。侯友宜今早前往金山財神廟、忠順廟及濟德宮參香，發送「馬上賺錢」福袋，祝福民眾財神到，福氣到，侯友宜表示，今天是正月初五迎財神的好日子，希望藉由財神的力量，為大家在新年帶來好運、大發財，國家經濟蓬勃發展。請繼續往下閱讀...陳純敬、朱惕之分別到林口及三峽地區的多間廟宇參香、發福袋，向市民拜年，朱惕之表示，大年初五來到景色秀麗、正氣凜然的三峽行修宮，向關聖帝君參拜祈福，祈求聖示恩主護佑地方，他代表市府祝福全體市民，在馬年都能「馬祥厚運」，人人有正氣、家家有福氣。新北市民政局指出，春節期間市府團隊與市民一同宮廟走春迎神納福，未來也持續與宗教團體攜手合作，讓善的力量在城市中持續累積，讓新北更宜居、更有情。新北市副市長朱惕之今到三峽行修宮拜年，向鄉親祝賀「馬祥厚運」。（圖由三峽區公所提供）新北市副市長陳純敬今到林口洪福宮發送福袋。（圖由林口區公所提供）    ,https://news.ltn.com.tw/news/politics/breakingnews/5347244
喊立即廢棄台美貿易協定！ 趙少康威脅立院不准過：誰敢過我告誰,政治,2026/02/21 14:04,國民黨「戰鬥藍」發起人趙少康。（資料照）美國聯邦最高法院20日就美國總統川普援引「國際緊急經濟權力法」（IEEPA）課徵關稅發布判決，裁定這項關稅違法，不得再以該法作為關稅法源。國民黨「戰鬥藍」發起人趙少康今日發文喊出「立即廢棄台美對等貿易協定」，他還說，立院絕不可以通過該法案，否則就是嚴重失職，「誰敢通過我就到法院告誰。」文章一出，不少網友傻眼直呼：「先問藍營金主同不同意」、「傳產老闆快看」。趙少康今日在臉書發文表示，過去他就再三要求民進黨政府要比較負擔關稅與赴美投資的損失孰輕孰重。去美投資1000億美金就是3兆新台幣，可以扶植3萬家中小企業每家1億新台幣，或1萬家每家3億，這其中只要有100家能發展成像鴻海等重要產業，對台灣的貢獻將何其大？請繼續往下閱讀...趙少康批，民進黨賴卓政府急急忙忙簽下喪權辱國的賣身契，喪事喜辦還洋洋得意的驕其國人，現在就算川普說要普徵全球各國10%關稅，對台灣威力大減，而且一定也會被告，搞不了幾個月。他質疑，在黑道拿槍逼迫下簽的婚約，在法律上有什麼婚姻效果？同樣在關稅威脅下簽的「台美對等貿易協定」，根本沒有法律效力！民進黨政府應該反悔立即收回該協議草案，立法院更不可以通過，否則就是嚴重失職。「誰敢通過我就到法院告誰。」文章PO出後引發爭議，網友紛紛留言：「國民黨腦袋不正常」、「老趙真的該退了，腦袋不怎麼好」、「老趙，你要確（定）捏」、「身為投資人看到這篇我很生氣，年後如果台股大崩都要算在你頭上」、「先問藍營金主同不同意」、「傳產老闆快看」。    ,https://news.ltn.com.tw/news/politics/breakingnews/5347212
告密者也喊冤？ 李遠揭「白先生」故事：轉型正義必須堅持走下去,政治,2026/02/21 14:01,文化部長李遠。（資料照）國家人權博物館景美紀念園區於農曆春節期間湧現空前人潮，展現社會對轉型正義的關注。文化部長李遠分享一名中正紀念堂外「告密者」白先生的故事，直言對方至今仍對未領到獎金忿忿不平，更不自覺是加害者，這讓他深感轉型正義之路漫長，強調「一定要堅持走下去」。李遠昨（20）日在臉書發文表示，由於不知道其姓氏，故以白色恐怖的「白」稱呼對方。這名「白先生」每天準時在中正紀念堂訴說白色恐怖時期特務機構如何以獎金收買告密者，且形容當時密探遍布如現今的7-11。請繼續往下閱讀...他指出，原以為白先生是受害者，細聽才發現他竟是當年的告密者，且一輩子忿忿不平、抱怨上級吞掉了他的獎金，看著周遭大樓感嘆「沒良心的人都買了豪宅」，完全不認為自己也是加害者的一環。李遠提到曾試圖與其對話，提及自己有3位舅舅被抓走，卻換來對方冷回「那干我什麼事？」這句話讓李遠深受衝擊，使他更加相信，「轉型正義還有很漫長的路要走。但是我們一定要堅持走下去。」他也透露，因為工作的關係，已經很久沒有去杉樹林了，「我很想念白先生，希望他一直都健在，可以重複訴說著他所親身經歷過的一切。今天終於又去了杉樹林，那張椅子不見了，但是白先生依舊在，只是他穿上夾克拿著傘正要離開。他見到我，眼睛一亮，似曾相識。忽然轉身對著天空大喊：『白色恐怖來囉，大家快來領獎金啊。』」李遠最後感嘆，也許那一天，可以邀請白先生去看看正在中正紀念堂展覽的「自由花蕊」，進門處就有他一再重複訴說的那些機關名稱。他強調，目前該展覽每週有來自國際及國內大約7000名參觀者，也留下許多感人的回饋。    ,https://news.ltn.com.tw/news/politics/breakingnews/5347201
掃街狂被嗆！黃國昌稱「咆哮是不好舉動」 網傻眼：今年最好笑,政治,2026/02/21 13:45,黃國昌過去近距離對著民進黨立委郭國文咆哮。（資料照，記者劉信德攝）民眾黨主席黃國昌卸下立委身分後，近日積極投入新北市長選戰，以及為黨內同志輔選。不過，他在各地掃街時，卻頻頻遭到民眾嗆聲。黃國昌今天表示，不同的政治立場應該好好理性溝通討論，「咆哮這不是很好的舉動」。言論一出，立刻在社群引發討論，不少網友直呼，在立法院最愛咆哮的，「不就是你黃國昌？」黃國昌昨日在彰化掃街，替二林區縣議員參選人洪雅婷輔選時，一名路過民眾對他大聲嗆「臭俗辣！」結果遭黃國昌身後的工作人員，直接拿未拆封的糖果想塞住他的嘴，氣得民眾一掌將糖果拍落。事情曝光後引發爭議，洪雅婷事後也對此道歉。請繼續往下閱讀...對此，黃國昌今早到中和烘爐地參拜、發送發財金前接受媒體聯訪，被問及昨日狀況時表示，當下沒看到具體的互動，不過，過年期間確實遇到民進黨的支持者用不理性、情緒性字眼謾罵，他都希望過年說好話、做好事，沒要製造任何衝突。黃國昌還說，不同的政治立場，彼此互相尊重，好好理性溝通討論，用這種謾罵性的字眼，過年期間對著志工進行謾罵，甚至咆哮，這不是很好的舉動，但不管怎樣，「我們向來就事論事，我們應對時都是用理性、溫和的態度」。黃國昌言論一出，立刻被轉至各社群平台，並引發熱議。網友紛紛留言表示：「黃國昌是當大家沒記憶嗎？」、「今年聽過最好笑的笑話耶」、「超諷刺的溫和理性」、「臉皮有夠厚」；更有網友貼出黃國昌過去在各場合大聲咆哮的影片，質問：「最愛咆哮的不就是你黃國昌？」黃國昌掃街頻遇民眾嗆聲。（資料照）    ,https://news.ltn.com.tw/news/politics/breakingnews/5347166
宜蘭市長民進黨人選有譜？ 發言人韓瑩被點名扮「美女刺客」返鄉參選,政治,2026/02/21 13:31,年底宜蘭市長選舉，民進黨傳出相中發言人韓瑩，扮演「美女刺客」返鄉參選。（圖由民進黨提供）年底的宜蘭市長選舉，民進黨人選遲未浮上檯面，引發支持者焦慮，現在傳出相中擔任民進黨發言人的宜蘭子弟韓瑩，扮演「美女刺客」返鄉參選。民進黨宜蘭縣黨部主委邱嘉進今天（21日）回應，目前有6個口袋人選，將在4月底前敲定。宜蘭市是宜蘭縣最大票倉，被視為全縣12個鄉鎮市的「大房」，市長選情牽動地方選舉的氣勢，具有指標性意義；尋求連任的國民黨籍市長陳美玲，擁有現任優勢，加上選民結構藍大於綠，屬於綠營艱困選區，民進黨人選至今混沌未明。請繼續往下閱讀...據了解，民進黨宜蘭縣黨部選對會最近討論宜蘭市長提名人選時，基於勝選考量，希望向中央借將，媒體出身的民進黨發言人韓瑩數度被點名，已透過管道徵詢她返鄉參選的意願。37歲的韓瑩在宜蘭縣就讀小學及國中，輔大經濟系畢業後進入媒體任職，當過記者、主播，擔任政治組記者期間，多次跟隨當時總統蔡英文出訪，2024年5月從公視離職，7月出任民進黨發言人，她也是行政院政務委員陳金德的外甥女。知情人士指出，韓瑩在媒體圈服務10多年，又有民進黨中央黨部歷練，外形亮麗且清新形象，若與民進黨宜蘭縣長參選人林國漳搭配，主打年輕有幹勁，有利於開拓中間選民票源，投入宜蘭市長選舉後勢看好。邱嘉進表示，民進黨宜蘭市長提名人選，黨內期待形象清新、具有相當歷練、拔擢年輕人，各界陸續提供六個推薦名單，縣黨部選對會還在討論及徵詢階段，預計4月底前確定人選，徵召最強候選人參選。韓瑩（左）與副總統蕭美琴合影。（圖取自hanying218）    ,https://news.ltn.com.tw/news/politics/breakingnews/5347219
柯文哲才酸賴清德頻遇民眾昏倒 陳佩琪自曝飛機上救人經驗,政治,2026/02/21 13:16,柯文哲妻子陳佩琪。（資料照）總統賴清德18日台南走春，遇到身體不適民眾上前協助。民眾黨創黨主席柯文哲對此指出，他自己也是急救專家，很少遇到民眾昏倒，卻見賴清德頻頻遇上，「從統計來看很怪」。對此，柯文哲妻子陳佩琪今日在臉書發文，自曝幾年前搭飛機時遇上緊急狀況，自己以醫師身分上前協助的經驗。陳佩琪今日在臉書發文表示，2018年4月時，她和女兒去美國佛州參加壁報展，回程從舊金山要飛桃機時，才剛起飛兩小時，空服員就廣播徵求乘客中是否有醫師身分者，她表明身分後，隨即被領去頭等艙診治一名要去桃機轉乘回越南的老婦人，問病史才知道老婦有長期嚴重氣喘病史，身上自備的藥品用了之後都沒用，不停發喘，好在機上急救箱內找到相關藥品，她立刻幫對方施打。請繼續往下閱讀...回到自己的經濟艙沒多久，空服人員又來告知，老婦人醒過來了，表示還是不舒服，於是陳佩琪又再去看老婦人，並施打另一支類固醇藥。下機後，她詢問空服人員對方還好嗎？空服人員則回應，打第二針後，老婦就睡得很好，下機前還表示非常舒服，已經不喘了。陳佩琪也說，還好她還算是個用功的學生，該學的都有學起來，才有長榮班機上的急救。    ,https://news.ltn.com.tw/news/politics/breakingnews/5347154
川普關稅失效 國民黨提4呼籲：政府應速確認台美貿易協議是否有效,政治,2026/02/21 13:12,國民黨主席鄭麗文。（資料照）美國最高法院就美國總統川普的關稅政策所作出違法判決，國民黨今要求政府應儘速確認台美貿易協議（ART）是否仍有效，台灣承諾對美投資的基礎已動搖，政府應爭取與美國重啟談判，捍衛台灣經濟利益。國民黨指出，立院黨團將在新春後，要求政府提出完整評估報告，共商因應對策。請繼續往下閱讀...國民黨强調，關稅不僅攸關出口產業競爭力，更直接影響地方經濟、就業結構與民生物價，政府有責任以更高標準、更多資訊透明，確保國家整體利益不受損害。國民黨提出以下4項具體呼籲：一、政府儘速釐清台美貿易協議（ART）在新關稅架構下是否仍具實質效力。國民黨指出，隨著美國關稅政策的法律與行政基礎出現變化，原先所談成的台美貿易協議（ART），其適用前提與實際效力，有必要重新確認。政府應儘速對外說明，協議是否仍在既定條件下運作，或需進一步調整，以避免政策執行與國際現實脫節。二、對美投資與讓利承諾基礎已出現變動，應審慎評估並爭取重啟談判空間。國民黨表示，台灣先前為爭取特定關稅待遇，所提出的對美投資與相關承諾，係建立在既有關稅政策架構之上。如今該架構已發生變化，政府應本於國家最大利益，審慎檢視原有承諾是否仍具合理性，並主動爭取與美方重新溝通與調整的空間，確保台灣不因情勢轉變而承擔過度成本。三、立即重算新關稅條件下的實質稅負，完整評估對產業與就業的影響。國民黨呼籲，行政部門應儘速依據新的關稅機制，重新設算台灣出口美國各主要產業的實際稅負變化，並就其對供應鏈、企業經營與勞工就業的影響提出完整評估，協助產業與勞工及早因應，降低不確定性所帶來的衝擊。四、國家利益不應淪為內宣工具，透過國會機制共商因應之道。國民黨強調，國際關稅與經貿政策的變動，影響深遠且複雜，應透過制度化討論凝聚共識。國民黨表示，國民黨團新春後將要求政府向立法院提出完整的影響評估與因應報告，並在國會平台上進行充分討論，整合產業、勞工與社會各界意見，共同找出最有利於台灣經濟穩定與長遠發展的對策。此外，國民黨特別指出，美國最高法院在本次關稅爭議中，充分展現民主國家司法體系應有的獨立性與權威性。即便相關法官係由時任總統川普任命，仍能依法審理、依憲裁判，明確宣示對等關稅措施違憲，勇於對當權者說不，捍衛憲政秩序與法治底線。此一判決不僅維護司法尊嚴，更再次確立最高法院作為憲法守護者的崇高地位，也為民主制度提供最關鍵的穩定力量。    ,https://news.ltn.com.tw/news/politics/breakingnews/5347204
黃國昌跑行程屢被民眾嗆聲 蘇巧慧：每個人都有自己的節奏,政治,2026/02/21 12:26,民眾黨主席黃國昌近日跑行程屢被民眾嗆聲，民進黨新北市長參選人蘇巧慧今表示，每個人都有自己的節奏，大家都可以一起讓新北更好。（記者黃政嘉攝）新北市長選戰加溫，繼民進黨參選人蘇巧慧昨天赴中和廟宇祈福後，民眾黨參選人黃國昌今天大年初五也到中和烘爐地參拜、發送發財金，對於黃國昌近日跑行程屢被民眾嗆聲，是否有建議給他？蘇巧慧今受訪表示，每個人都有自己的節奏，她也是照著自己的節奏走，讓更多的人認識她，知道她的樣貌，「大家都可以一起讓新北更好」。蘇巧慧今早出席三峽長福巖清水祖師廟活動時接受媒體聯訪，對於台北市副市長李四川目前還未進行參選行程，黃國昌昨天南下彰化參拜則被民眾嗆聲，今再跑中和參拜，對此，蘇巧慧表示，過年期間，她真的是新北走透透，受到大家熱烈的歡迎，她非常感謝。「我想選舉就是一場馬拉松，每個人都有自己的配速，我的節奏就是長跑當成短跑衝，我們也會陸戰、空戰齊發，希望能夠透過更多的方式，讓新北市民認識我、肯定我，能夠獲得大家的支持」。請繼續往下閱讀...媒體問及，黃國昌近期的跑掃街行程都被嗆聲，有沒有什麼建議給他？蘇巧慧表示：「每個人都有自己的節奏，我就是照著自己的節奏走。我想，讓更多的人認識我，知道蘇巧慧的樣貌，我想大家都可以一起讓新北更好」。    ,https://news.ltn.com.tw/news/politics/breakingnews/5347183
拜廟走春談全球關稅 柯文哲：台灣要「密切觀察、快速應變」,政治,2026/02/21 12:18,柯文哲今天在北屯區芒果樹福德祠評論美國關稅政策。（記者許國楨攝）春節走春行程不只拜廟祈福，也成為觀察國際局勢與國內政治的發言舞台。柯文哲今（21）日在台中市走訪多處宮廟發送福袋、與民眾互動時，針對美國關稅政策、國內政治氛圍與藍白合作等議題接連發表看法，話題從廟埕一路延伸到國際政經局勢。在台灣民眾黨地方民代與黨工陪同下，柯文哲先後前往太平、北屯、西屯等地參香走春，所到之處不少信眾排隊領取福袋，其中在芒果樹福德祠受訪時，談到美國最高法院裁定川普政府去年推動的全球性關稅措施無效一事，他直言，美國三權分立制度成熟，司法仍具高度獨立性。請繼續往下閱讀...對於是否影響台美關稅政策，他認為世界局勢本就瞬息萬變，台灣應保持彈性，「密切觀察、快速應變」才是關鍵，他表示，美國司法作出裁決後，行政與立法部門自然會調整，台灣身處全球經濟體系中，最重要的是隨時掌握變化節奏。談到國內政治氛圍，針對大甲鎮瀾宮近日抽出「撥亂反正」中上籤，柯文哲說，不要搞大罷免，今天台灣社會就不會這麼分裂對立，每天恐嚇說要抓黃國昌去關，期望人家要笑容可掬，和藹可親，不要亂就不需要撥亂反正，政府不要自己帶頭亂就好。另對於國民黨台中市長人選尚未決定的看法，柯文哲說，他們有定時程，等國民黨整合完畢，再來討論藍白合作，目前民眾黨在台中沒有推人選，原則上等他們搞定，再來討論藍白下一步怎麼合作。    ,https://news.ltn.com.tw/news/politics/breakingnews/5347172
黃國昌稱川普違憲濫權 張育萌：嚴厲指控能爭取到什麼利益？,政治,2026/02/21 11:59,美國聯邦最高法院做出判決，指「國際緊急經濟權力法」（IEEPA）並未授權美國總統川普徵收關稅。民眾黨主席黃國昌（見圖）稱勇於向違憲濫權的總統說不，才是值得令人尊敬的司法。（資料照）美國聯邦最高法院做出判決，指「國際緊急經濟權力法」（IEEPA）並未授權美國總統川普徵收關稅。民眾黨主席黃國昌稱勇於向違憲濫權的總統說不，才是值得令人尊敬的司法。台灣青年世代共好協會理事長張育萌發文質疑，黃國昌身為第二大在野黨的黨主席，在旋風訪美後卻又突然指控川普違憲濫權，他也質疑「這種嚴厲的指控，能為台灣爭取到什麼樣的利益？」張育萌在臉書發文指出，黃國昌到底哪來的勇氣，直接說川普是「違憲濫權的總統」？他表示在民主社會，當然可以替川普辯護，也可以表態討厭川普。但黃國昌見獵心喜，立刻用「勇於向違憲濫權的總統說不，才是值得令人尊敬的司法」為題，想暗諷台灣的憲法法庭，明明已經被藍白癱瘓，為什麼還可以做出違憲判決。請繼續往下閱讀...張育萌批評，問題是，黃國昌身為立法院裡，第二大在野黨的黨主席。黃國昌想傳達的訊號難道是，民眾黨在旋風訪美後一個月，突然指控川普是「違憲濫權的總統」？張育萌直言，「我實在看不出，這種嚴厲的指控，能為台灣爭取到什麼樣的利益？這個黨的國際部要不要乾脆直接廢掉？」    ,https://news.ltn.com.tw/news/politics/breakingnews/5347013
蘇巧慧發第3支影片騎上大漢溪堤外便道 談填河造陸整治,政治,2026/02/21 11:56,蘇巧慧今早出席三峽長福巖清水祖師廟活動，另受訪談第3支政績影片。（記者黃政嘉攝）民進黨新北市長參選人、立委蘇巧慧今天於社群平台推出第3支政績影片「大漢溪堤外便道篇」，看到她在堤外便道上騎車分享政績，蘇巧慧今受訪表示，這部片談「填河造陸」，用創新方法整治大漢溪，而且加固堤防，甚至開通大漢溪堤外便道，三重到鶯歌地區有快速平穩的道路可直接到達，且僅30分鐘，她想告訴大家，她能提出新的方法，解決民眾的老問題。蘇巧慧今推出「會做事、事做對」第3支政績影片「大漢溪堤外便道篇」，片中分享這條2024年7月全線通車、許多新北人每天通勤的堤外便道，源自蘇巧慧爭取中央66.4 億元經費「填河造陸」後，才克服10餘年來缺乏腹地的瓶頸，不但整治了河川，也補齊大漢溪左岸交通的「最後1塊拼圖」，現在三重到鶯歌只需30分鐘。請繼續往下閱讀...蘇巧慧表示，這項建設是她看見鄉親辛苦，「用新方法解決老問題」的1項重大成績。大漢溪堤外便道早於時任台北縣長蘇貞昌任內規劃，但其中「樹林段」因河水沖刷，缺乏開發腹地受阻，導致「有頭、有尾、沒中間」的狀況長達10餘年，且過去民眾往返三鶯須繞行樹林環漢路，該路段平均每年發生287件交通事故，她強調，樹林段完工後，有效分流了環漢路3成車量，並提升行車安全。她指出，自2016年上任立委後，她便與時任議員陳世榮緊密合作，並多次邀集相關單位會勘，2019年與行政團隊共同提出創新工法「移除右岸淤積、加固左岸堤防」，不但整治長久以來的水患威脅，也為堤外便道爭取到寶貴的興建空間。同時，她也與立委吳秉叡合作，向中央爭取到關鍵預算，包含57億元「大漢溪疏濬加固工程」，以及9.4億元「堤外便道串聯計畫」，興建全長7.4公里的道路，銜接新莊鐵路橋至鶯歌館前路。蘇巧慧今早出席三峽長福巖清水祖師廟活動時受訪表示，未來她將陸續推出更多政績影片，讓大家看見她做事的態度跟方式，是最能夠讓新北有新未來的好成績。她另強調，「溫暖，創新，會做事」不只是口號，而是實實在在的執行力。民進黨新北市長參選人、立委蘇巧慧今天於社群平台推出第3支政績影片。（蘇巧慧辦公室提供）    ,https://news.ltn.com.tw/news/politics/breakingnews/5347150
初五強攻台中！ 柯文哲率隊宮廟走春 橫掃4大選區選戰提前升溫,政治,2026/02/21 11:29,柯文哲（右二）今天上午到台中太平區太和宮參拜走春。（記者許國楨攝）大年初五春節氣氛仍濃，民眾黨前主席柯文哲率隊大陣仗走訪台中市宮廟參香祈福，一口氣橫掃多個選區，被視為提前為2026地方選戰暖身的重要行程，從今天上午開始，車隊與支持人潮在廟埕間移動，拜廟也拜人氣，選戰煙硝味在年節氛圍中悄然升溫。近期政壇重量級人物接連南下台中，包括賴清德與卓榮泰相繼現身替何欣純助勢，柯文哲選在初五「開工」，地方人士分析，象徵回應意味濃厚，也展現民眾黨積極搶攻中台灣的企圖心。請繼續往下閱讀...柯文哲今天上午首站來到太平區太和宮與大新坪福德宮，此區由市議員江和樹及其團隊強力動員，現場除發放限量發財金外，更以300份限量燈籠吸引親子族群，鎖定年輕與家庭選民的意圖極其鮮明。隨後柯文哲轉往北屯區芒果樹福德宮，與爭取民眾黨市議員提名的台中市前新聞局長吳皇昇合體，接著安排至陳清龍昔日選區豐原慈濟宮，最後將至西屯日興宮與已獲黨提名參選西屯市議員的小草女神劉芩妤同台，除參拜祈福，現場也將發放新春小物，地方參選新秀集體亮相，更讓外界解讀為布局意味濃厚的政治舞台。柯文哲與民眾合影互動。（記者許國楨攝）柯文哲發送限量版小禮物。（記者許國楨攝）    ,https://news.ltn.com.tw/news/politics/breakingnews/5347137
川普關稅遭判違法 翁曉玲喊天佑台灣：喪權辱國協定喊停,政治,2026/02/21 11:27,國民黨立委翁曉玲。（資料照）美國聯邦最高法院裁判川普政府無權實施對等關稅政策，認為美國「國際緊急經濟權力法」（IEEPA）並未授權總統有徵收關稅的權力。國民黨立委翁曉玲表示，今天初五迎財神，財神爺就送給全球一個大禮。川普關稅於法無據，那甫簽署的「台美對等關稅貿易協定」，立法院應無再審查的必要，「天佑台灣！這份喪權辱國的貿易協定得以即時喊停」。翁曉玲指出，雖然川普宣稱他是為處理非法毒品流入以及龐大且持續的貿易逆差等二項威脅，而援引前法所定的因對措施，但美國聯邦最高法院多數法官並不接受他的說法，最終以6比3的票數，裁定川普課徵全球對等關稅是違法、違憲的。請繼續往下閱讀...翁曉玲說，令人讚賞的是，川普任內提名的兩位大法官戈蘇奇（Neil Gorsuch）與巴瑞特（Amy Coney Barrett）明確反對川普的關稅政策，展現了司法人超然獨立的風骨。翁曉玲說，川普政府課徵關稅既然於法無據，那麼甫簽署完成的「台美對等關稅貿易協定」自當失所附麗，立法院應無再行審查的必要了，「天佑台灣！這份喪權辱國的貿易協定得以即時喊停」。翁曉玲說，希望民進黨政府別懦弱、悶不吭聲，不敢對台美協定的合法性提出質疑，應像本訴案中那幾家美國中小企業看齊，要有不具威脅恐嚇和拒絕Say No的勇氣，而非坐以待斃。    ,https://news.ltn.com.tw/news/politics/breakingnews/5347133
自由說新聞》黃國昌難甩「臭俗仔」標籤春節掃街遭嗆爆！王瑞德酸戰略錯誤：已沒有利用價值！,政治,2026/02/21 11:26,全新的視界！新聞話題不漏接，快訂閱YouTube 【自由追新聞】，記得開啟小鈴鐺哦！    ,https://news.ltn.com.tw/news/politics/breakingnews/5347136
嗆聲民眾被志工往嘴塞糖 黃國昌：遇民進黨支持者謾罵 台灣社會撕裂嚴重,政治,2026/02/21 11:11,民眾黨新北市長參選人黃國昌今偕同中和區市議員參選人陳怡君到中和烘爐地參拜、發送發財金。（記者黃政嘉攝）民眾黨新北市長參選人黃國昌昨天在彰化拜廟仍被不少民眾嗆聲，甚至有志工用糖果塞嗆聲民眾嘴巴，黃國昌今天受訪回應，他並沒有親眼看到昨天具體的互動狀況，他強調，過年時間遇到民進黨的支持者用不理性、情緒性字眼謾罵，他都希望過年說好話、做好事，沒要製造任何衝突，他感慨台灣社會怎麼被撕裂這麼嚴重，「想藉由對立跟衝突來謀取政治利益，對台灣絕對是傷害」。黃國昌今早到中和烘爐地參拜、發送發財金前接受媒體聯訪，對於昨天在彰化遇到民眾嗆聲，被志工用糖果塞嘴巴，民眾黨是會否加強與民眾應對？黃國昌表示，昨天在彰化，志工朋友跟民眾具體的互動情況，老實說「我並沒有親眼看到」，但民眾黨立場非常清楚，大罷免已經結束，過去這1年，民進黨撕裂社會，造成社會對立跟衝突，這樣的舉動應該停止。請繼續往下閱讀...黃國昌指出，不同的政治立場，彼此互相尊重，好好理性溝通討論，用這種謾罵性的字眼，過年期間當中對著志工進行謾罵，甚至咆哮，這不是很好的舉動，但不管怎樣，「我們向來就事論事，我們應對時候都是用理性、溫和的態度」，絕大多數志工回應時，都是祝對方新年快樂，沒有回罵或有其他情緒性字眼。面對接二連三的嗆聲，心情上是否受到影響？黃國昌回應，其實心情倒沒有受到什麼特別的影響，因為這種情緒其實從去年就一直累積、延續到今年，比較感慨的是台灣社會怎麼會被撕裂這麼嚴重，就像民眾黨前主席柯文哲說賴清德為什麼要把台灣搞得四分五裂，難道民進黨真的希望台灣社會剩下互相謾罵跟叫囂？怎樣弭平社會傷痕，降低對立衝突，好好就事論事來討論公共政策，這才是台灣目前需要的。媒體另問及何時推出下波政見？之前有藍白共同政見計畫，是否有跟藍營繼續進行接觸？黃國昌表示，他的政見都按部就班推出，下禮拜開工後又會有新的政見發表會，至於跟國民黨的共同政見，「我們還是持續地進行交換意見跟溝通，大部分都已擬定，就看挑雙方都認為適當的時間點，共同向台灣社會報告。民眾黨新北市長參選人黃國昌今偕同中和區市議員參選人陳怡君到中和烘爐地參拜、發送發財金。（記者黃政嘉攝）    ,https://news.ltn.com.tw/news/politics/breakingnews/5347111
過年怕胖必看！賴桑合體李洋親授健康操 每天30分鐘「動次動」,政治,2026/02/21 11:00,總統賴清德邀請奧運金牌得主、運動部長李洋，親身示範居家健康操，鼓勵國人在家輕鬆運動。（總統府提供）農曆春節闔家團圓、共享佳餚，總統賴清德考量民眾難免「吃得比較多」，特別發布教學影片，邀請奧運金牌得主、運動部長李洋，親身示範居家健康操，鼓勵國人在家也能輕鬆運動，長保健康。影片中，賴清德與李洋換上運動輕裝，從基礎暖身開始，依序示範伸展、深蹲以及單腳站立等動作，訓練身體的活動度、平衡感與核心肌群，讓賴忍不住打趣地說「有些動作和舞蹈一樣」。請繼續往下閱讀...李洋也發揮運動員的認真態度，仔細解說動作要領，他說明，這套健康操是很好的居家運動，特點在於「微小動幅」，即便居家空間有限也能進行，能有效保持身體的活動度，非常適合全家人一起做。賴清德也提醒，過年期間大家應該吃很多東西，因此邀請李洋部長親自教學，李洋也鼓勵大家保持運動好習慣，對身體有好處，呼籲從農曆年起「每日30分鐘」一起運動吧！賴最後重申，政府成立「運動部」的核心目的之一，就是要大力推動「全民運動」，體力即國力，希望國人利用這套健康操在家輕鬆運動，不僅能消耗連假累積的熱量，更能以充滿活力的精神迎接新的一年。總統賴清德邀請奧運金牌得主、運動部長李洋，親身示範居家健康操，鼓勵國人在家輕鬆運動。（總統府提供）總統賴清德邀請奧運金牌得主、運動部長李洋，親身示範居家健康操，鼓勵國人在家輕鬆運動。（總統府提供）    ,https://news.ltn.com.tw/news/politics/breakingnews/5342786
黃國昌讚美國司法遭反嗆！ 吳靜怡揭關稅真相：你最沒資格談違憲濫權,政治,2026/02/21 10:41,民眾黨主席黃國昌。（資料照）美國聯邦最高法院20日裁定川普援引《國際緊急經濟權力法》（IEEPA）加徵關稅違憲，對此，民眾黨主席黃國昌大讚美國司法獨立、敢向總統說不，卻遭媒體人吳靜怡反嗆「最沒資格談違憲濫權」，痛批黃國昌在台推動法案才遭憲法法庭部分判違憲，更指出關稅戰僅是「換戰場」，台灣半導體仍具優勢。吳靜怡今（21）日在臉書發文表示，黃國昌急著跳出來批川普政府是「違憲濫權」，「初五開工，你怎麼不照照鏡子？」美國最高法院以6:3認定，川普援引 IEEPA對各國加徵「對等關稅」未獲法律授權，因此相關關稅被判無效。黃國昌凌晨發文稱「美國至少展現什麼是獨立司法」，但諷刺的是，他在台灣高談川普「濫權」之前，應先面對自己曾站在第一線硬挺的多項法案，憲法法庭不只曾裁准暫時處分，之後更判決部分違憲、部分合憲，「讓自己過年期間像是過街老鼠，去哪裡拜年，就被嗆到哪裡，所以，全世界最沒資格談「違憲濫權」的，恐怕就是黃國昌了」。請繼續往下閱讀...吳靜怡指出，半導體不是躲過關稅，是換了戰場，IEEPA退場、232進場，市場要重新定價？最高法院6:3的判決，抽掉了川普「對等關稅」的法源，但川普動作很快，立刻祭出《1974貿易法》122條款的「全球一律10%」作為150天的過渡方案，這代表工具換了，從緊急權力的「直接加徵」，轉為貿易法的「法定程序」；節奏變了，關稅戰進入232條款與301條款的長期抗戰，此類工具雖範圍較窄，但程序穩定，未來可能成為主要壓力來源。她強調，半導體產業並非完全躲過關稅，而是戰場轉移，IEEPA廣泛壓力退場，232條款國家安全針對性關稅持續進場；台美框架協議已明定232條款優惠，美國投資設廠者可享配額豁免，建廠期間最高進口2.5倍新產能免稅，完工後1.5倍仍享優惠稅率（或上限15%），目前IEEPA廢止反而移除對於科技半導體業的不確定性，短期利多。吳靜怡分析，整體而言，這是川普貿易政策挫敗後的過渡期，新10%全球關稅一視同仁，對日韓台等已簽框架協議的盟友相對有利，各國企業都開始著手加速盤點報關紀錄，也盡速把握150天窗口調整全球供應鏈，目前市場定價似乎沒什麼大幅重置，但需重新評估232條款可能擴大的風險。最後，吳靜怡說，川普雖然失去了「隨插即用」的加稅籌碼，但未來3-6個月，美國將透過雙邊談判要求盟友強化美國供應鏈，台灣憑藉半導體的不可替代性，在這一波「換戰場」的賽局中，已經搶佔了優勢位階！    ,https://news.ltn.com.tw/news/politics/breakingnews/5347062
川普關稅被擋！黃國昌大讚美國司法 周軒舉「憲法法庭」秒打臉,政治,2026/02/21 10:40,民眾黨主席黃國昌。（資料照）美國聯邦最高法院20日就美國總統川普援引「國際緊急經濟權力法」（IEEPA）課徵關稅發布判決，裁定這項關稅違法，不得再以該法作為關稅法源。民眾黨主席黃國昌立刻轉發消息，並表示「勇於向違憲濫權的總統說不，才是值得令人尊敬的司法」。不過，政治工作者周軒立刻重提2024年台灣憲法法庭案例表示：「台灣司法公正性的破壞者還在稱讚別人家的司法很公正？這是什麼黑色幽默嗎？」周軒今日在臉書發文表示，黃國昌日前帶了民眾黨一行人到華盛頓自拍，回來開了場記者會，神神秘秘的說他聽到了很多美國人跟他講的，都是台灣政府不願意講給人民的，在野黨要負責撐起這個國家。沒多久他為了營造自己的下一個舞台，跟國民黨蕭旭岑一搭一唱，變成反美哼哈二將，一個說AIT處長谷立言跟華盛頓的意見不一樣，一個說谷立言處長不過就比科長大一點。請繼續往下閱讀...周軒指出，黃國昌發了一篇文罵川普「違憲濫權」，盛讚美國的司法「令人尊敬」。可是，2024年，台灣的憲法法庭做出判決，把「黃國昌、翁曉玲」兩位「法學專家」的「國會擴權法案」，八成以上的條文通通判決違憲。黃國昌的態度卻是：「憲法法庭的公正性有問題，我邀請大法官來跟我辯論。」周軒說，回顧黃國昌2024年在憲法法庭上被尤伯祥大法官電到語無倫次的樣子，那畫面簡直不忍直視。所以後來憲法法庭就被黃國昌加上翁曉玲聯手拆掉了，過了一個「憲法訴訟法修正案」，卡死憲法法庭。周軒嘆道，台灣有一整年的時間，都沒有辦法落實「令人尊敬的司法」。還好大法官自救，否則台灣的人民權利不知道還要被踐踏多久？「然後可笑的黃國昌，現在居然在盛讚美國的司法令人尊敬？笑死人了，台灣司法公正性的破壞者還在稱讚別人家的司法很公正？這是什麼黑色幽默嗎？」周軒表示，原本想說可以靠美國之行裝一下「只有我可以跟華盛頓談」，後面發現這樣不行，馬上跳反變成反美大將。「一個為了眼前利益不斷打臉自己的人，就是黃國昌。」他也批，不斷打臉自己的黃國昌，現在只剩下提供政壇笑話素材的功能了。    ,https://news.ltn.com.tw/news/politics/breakingnews/5347037
川普關稅違法 黃國昌：期待賴清德清楚告訴國人如何因應,政治,2026/02/21 10:18,民眾黨新北市長參選人黃國昌今早偕同中和區市議員參選人陳怡君到中和烘爐地參拜。（記者黃政嘉攝）美國最高法院20日裁定川普總統的關稅政策無效，川普將實施為期150天、稅率10%的全球關稅，民眾黨新北市長參選人黃國昌今早到中和烘爐地參拜受訪表示，期待賴清德總統清楚告訴國人接下來政府要如何加以因應，他強調，此次台美經貿談判，跟民進黨主張要讓國會跟公民社會充分參與有相當大的距離，談判過程，若能多徵詢國內各方不同意見，為人民爭取最好的利益，這個時候不失為一個好的時機點。黃國昌今接受媒體聯訪表示，美國聯邦最高法院清楚宣告川普沒辦法依照IEEPA國際緊急經濟權力法來苛加關稅，在此狀態下，目前台美所簽訂的經濟貿易協定，它的基礎已經喪失，期待賴清德總統能清楚告訴國人接下來政府要如何加以因應。請繼續往下閱讀...他說，對立法院來講，民眾黨的立場是會站在人民的立場，理性評估，但問題是現在這個互惠的經濟貿易協定最重要的基礎已經喪失，在經貿市場當中，大家追求的是一個穩定跟安定性，突如其來的變化，不僅是台灣，相信對世界各國都造成相當大的衝擊，在這樣的劇烈變動下，之前所簽訂的台美貿易協定是不是有機會在這個時候重新進行調整，反映國內的產業、勞工以及農民過去在這段時間因為資訊欠缺所無法反映的意見，都值得民進黨政府審慎因應。媒體提問，是否擔心台灣因此白白投資很多？黃國昌表示，持平的說，這次對美的經貿談判，跟過去民進黨所主張的，在事前跟事中，要讓國會跟公民社會充分的參與有相當大的距離；至於美國聯邦最高法院的這個判決，持平而論，相信也不是任何人可以在事前都可以精準預測，但這也反映在整個談判過程當中，若能多徵詢國內各方不同的意見，團結台灣，為人民爭取最好的利益，這個時候不失為一個好的時機點。民眾黨新北市長參選人黃國昌今表示，期待賴清德總統清楚告訴國人接下來政府要如何加以因應。（記者黃政嘉攝）    ,https://news.ltn.com.tw/news/politics/breakingnews/5347066
關稅被擋川普援用貿易法加徵10％ 蔡正元：急病亂投醫恐被告,政治,2026/02/21 10:06,前立委蔡正元。（資料照）美國最高法院裁定美國總統川普的對等關稅違法後，川普緊急援用1974年「貿易法」第122條款，對所有進口貨加徵10%關稅。前立委蔡正元表示，這個做法還是病急亂投醫，因為該條款動用前提必須是美國面臨嚴重的國際收支赤字，但這個前提並不存在；川普緊急援用的前提不當會被告上法院，最後會灰頭土臉。蔡正元指出，第122條款規定，實施附加關稅的期間最長只能150天，所以只能課到今年的7月。再者122條款的動用前提必須是美國面臨嚴重的國際收支赤字，已對美元和美國經濟穩定構成重大威脅，目前這個前提並不存在。請繼續往下閱讀...蔡正元表示，美國雖然有「貿易赤字」，但沒有「國際收支赤字」，目前美元也沒有嚴重的貶值危機，美國經濟也沒有不穩定的問題。例如美國整體失業率比中國低，美國GDP成長率比歐洲和日本高，美國的通貨膨脹還算溫和。川普緊急援用122款的前提不當，還是會被告上法院，最後還是會灰頭土臉。蔡正元說，美國最大的問題反而是關稅太高，但這個問題又是川普自己造成的。這就是爲什麼去年年初他就斷定，川普關稅是王安石變法，一事無成。    ,https://news.ltn.com.tw/news/politics/breakingnews/5347051
川普關稅遭裁定違法 黃國昌讚司法獨立：向濫權總統說不令人尊敬,政治,2026/02/21 09:56,民眾黨主席黃國昌。（資料照）美國聯邦最高法院做出判決，指「國際緊急經濟權力法」（IEEPA）並未授權美國總統川普徵收關稅。民眾黨主席黃國昌表示，勇於向違憲濫權的總統說不，才是值得令人尊敬的司法，「美國聯邦最高法院至少展現了什麼是一個獨立的司法」。黃國昌指出，聯邦最高法院清楚宣示，雖然IEEPA賦予總統在國家緊急狀態下「管制進口」（regulate importation）的權力，但這並不包括徵收關稅的權力，因為美國聯邦憲法明定徵稅權屬於國會。請繼續往下閱讀...黃國昌表示，可以合理預期，聯邦最高法院的這個判決，勢必引發川普的憤怒。同時，川普也將想辦法透過其他途徑達到他的目的。黃國昌說，但儘管如此，美國聯邦最高法院至少展現了什麼是一個獨立的司法。一個敢向集大權於一身的總統説不的司法，才是真正令人尊敬的司法。    ,https://news.ltn.com.tw/news/politics/breakingnews/5347035
春節選戰熱度不減 吳靜怡：黃國昌衝突聲量暴衝、柯文哲脫離跑道,政治,2026/02/21 09:53,吳靜怡分析，黃國昌的暴衝聲量來自「超速、臭俗辣」等衝突字眼，主要靠對抗事件驅動，南下彰化走春遭嗆聲，並爆出志工「拿糖塞嘴」爭議，衝突本身就把聲量推到峰值，但同時也把「失控成本」放大。（資料照）年底將舉行九合一選舉，各縣市選戰陸續開打，媒體人吳靜怡指出，在春節期間政治熱度不減，在新北、台中、台南、高雄等4都的候選人也各自有不同的宣傳策略。其中黃國昌的暴衝聲量來自「超速、臭俗辣」等衝突字眼，主要靠對抗事件驅動，而柯文哲雖擁有聲量，但完全脫離選戰跑道，民眾黨看起來比較像是來亂場的政黨。至於國民黨方面，鄭麗文路線成為國民黨地方選舉的最大隱患。吳靜怡在臉書發文分享「馬年四都前哨戰，春節數據選戰動態分析！」，她表示今年過年期間政治熱度不減，拜廟、發福袋是最接近選民日常生活的「情緒場域」，無論是回娘家、開工前夕的焦慮與期待，都會把政治人物推進家庭群組和社群，從除夕到初四這5天，四都的市長參選人，已經用不同戰法把選戰提前開打，分為三種戰法：接班背書型（行政同框）、廟口續航型（密集走春）、議題衝突型（空戰槓桿）。請繼續往下閱讀...吳靜怡指出，新北市正式成為三方賽局，不是「誰最有名」，而是「誰能把聲量變成票」！她表示新北人口最多，但不是單純三強鼎立；蘇巧慧已徵召，宮廟發福袋、社群「新北走春」鎖定年輕家庭；李四川2月底請辭投入，侯友宜公開「並肩作戰」，藍營期待跨雙北治理；黃國昌維持藍白合模糊，掃街遭「超速仔」嗆聲，聲量依賴爭議但基層組織待補。吳靜怡分析，黃國昌的暴衝聲量來自「超速、臭俗辣」等衝突字眼，主要靠對抗事件驅動，南下彰化走春遭嗆聲，並爆出志工「拿糖塞嘴」爭議，衝突本身就把聲量推到峰值，但同時也把「失控成本」放大，過年這種溫馨場域，衝突也會變成反感的放大器。至於蘇巧慧關聯性的有「蘇貞昌、賴清德、蔡英文、蕭美琴」不只和名人同框，推出「會做事、事做對」系列短影片，把年節加上了「政績短影音」。李四川走春發福袋、拜廟行程持續曝光，並與蔣萬安同框走春的畫面強化「雙北治理、工程型」印象，讓「跨市治理能力」成為討論點。至於台中市的部分，吳靜怡形容「國民黨內戰外溢，民進黨趁連假後段做長尾」。她表示台中有一個很關鍵的訊號，那就是江啟臣在台北市的關注度高於台中市，江啟臣呈現「全國化人物」特徵，而楊瓊瓔、何欣純相對更像「在地化競爭」。吳靜怡指出，江啟臣獲前縣長廖了以「唯一支持」，再加上韓國瑜到台中走春而獲得高度關注，在豐原慈濟宮等行程發放春聯、互動曝光，帶動江啟臣在年節期間衝頂。楊瓊瓔自信民調會贏過江啟臣，走春參拜與發福袋行程同樣集中在年節廟口場域，媒體以「台中最早起跑」等敘事包裝其聲量。何欣純長尾增長與賴清德合體、客廳會有關，其中，與蕭美琴一同在豐原慈濟宮發福袋、拜廟，把「女性政治領袖加持」轉成與江啟臣競爭的熱點。台南市的部分，則是「民進黨裂縫成為話題，派系整合後本土優勢明顯」。吳靜怡指出，陳亭妃過年期間有與賴清德總統一同發福袋，再加上主委身體不適的嘔吐事件，讓陳亭妃聲量產生爆衝且波動較大，雖有總統賴清德在台南走春參拜，但同場域出現「黨內人士未現身」的政治解讀，民進黨危險訊號不是謝龍介多強，而是民進黨內部「互信缺口」被過年放大。至於謝龍介相對平穩，但上限受限，與韓國瑜同場走春發春聯，議題延伸到「特別條例、預算」等攻防論述，把年節場域導回政治對決，另外，出現易經卜卦謝龍介現乾卦氣勢升，獲得網友好奇。高雄市的選戰，一邊是「交棒同框」，一邊是「廟宇走春」，勝負看誰先把熱度轉成組織！吳靜怡表示，陳其邁在永安宮參香發福袋行程同框賴瑞隆，加上總統賴清德對「未來要幫中央」的公開語言，讓高雄強化「接棒」的想像，帶動賴瑞隆整體氣勢。至於柯志恩公布並執行密集走春路線、主打「馬上有錢」小紅包與過爐影片，在社群形成可複製的分享素材。高雄這一局，短期看同框，長期看組織；誰先把春節五日的熱度，轉成「里鄰系統、宮廟系統、社團系統」三線合流，誰就更接近勝利。吳靜怡也分析，三黨黨主席母雞的氣勢，賴清德穩穩跑出地方版圖，結合蔡英文、蕭美琴、卓榮泰打出一波氣勢。黃國昌則讓爭議和衝突持續外溢，從新北擴及到彰化，國民黨參選人提早自主脫離中央，北部找上蔣萬安、中南部找了韓國瑜。柯文哲擁有聲量，但完全脫離選戰跑道上，民眾黨看起來，終究還是比較像是2026年大選來亂場的政黨，而鄭麗文路線卻成為國民黨地方選舉的最大隱患。吳靜怡指出，鄭麗文路線成為國民黨地方選舉的最大隱患。（資料照）    ,https://news.ltn.com.tw/news/politics/breakingnews/5346972
美最高法院判川普關稅違法 胡采蘋：後續還有得看,政治,2026/02/21 09:06,美國最高法院週五（20日）裁定川普總統的關稅政策無效，川普表示將實施為期150天、稅率10%的全球關稅，後續發展備受國際關注。（美聯社資料照）美國最高法院週五（20日）裁定川普總統的關稅政策無效，川普表示將實施為期150天、稅率10%的全球關稅，後續發展備受國際關注。財經網紅胡采蘋發文表示，判決的意思是指「用這個法律課關稅是違憲的」，但川普政府還是會將手上的行政命令組織一下，應該還是湊得出一套課稅依據。她也直言，尊重大法官會議的裁決，這是一個國家的憲政最高機制，並暗批藍白「不要像那些小丑，憑一點點人數優勢就鑽漏洞去癱瘓扭曲最珍貴的憲政機制」。胡采蘋在臉書發文表示，其實最高法院的判決，是否決了川普引用IEEPA國際緊急權力法，大法官們認為這個法案並沒有授權總統課關稅的權力，用這個法律去課關稅是違憲的。她認為川普會用301條款，或者各種其他行政法規，包含商務部所有局長科長們都會出動，把他們手上的行政命令組織一下，應該也還是湊得出一套課稅依據。請繼續往下閱讀...胡采蘋說明，大法官會議的判決是指「你用這個法律課關稅是違憲的」，但其實美國總統一定搞得出其他行政手段去課稅，然後再打一輪地方法院、上訴法院、最高法院，一路再打進憲政法庭。所以還有得看。胡采蘋也提到，「嗚嗚嗚嗚人家的國家有大法官會議呢，憲政法庭有在運作呢！親英國很怕英國會生氣的美國聯邦黨在1812戰爭以後就滅了呢」。胡采蘋在留言處也強調，尊重大法官會議的裁決，這是一個國家的憲政最高機制，不要像那些小丑，憑一點點人數優勢就鑽漏洞去癱瘓扭曲最珍貴的憲政機制，可恥可笑該死。她也點名「翁曉玲、黃國昌」是「罪人」。    ,https://news.ltn.com.tw/news/politics/breakingnews/5346989
川普關稅遭裁定違法 楊瓊瓔：政府承諾的鉅額投資仍須兌現,政治,2026/02/21 08:17,國民黨立委楊瓊瓔。（資料照）美國聯邦最高法院20日就美國總統川普援引「國際緊急經濟權力法」（IEEPA）課徵關稅發布判決，裁定這項關稅違法，不得再以該法作為關稅法源。國民黨立委楊瓊瓔表示，台灣為換取這項不具法律穩定性的讓步，所承諾的對美鉅額投資、供應鏈重組仍須持續兌現；因此，政府須說明實際承諾了哪些具體投資與產業調整？是否已有退場或補救機制？楊瓊瓔指出，若美國最高法院最終裁定川普「全面對等關稅」違法，要求撤銷並退還已徵關稅，屆時台灣對外所宣稱的「關稅由20%降至15%」成果，將在制度上失去實質意義；然而，台灣為換取這項不具法律穩定性的讓步，所承諾的對美鉅額投資、供應鏈重組與產業布局，卻極可能被視為既成事實，仍須持續兌現。這正是她最擔憂的地方，短期談判數字可能歸零，但長期結構性成本，卻無法回頭。請繼續往下閱讀...楊瓊瓔說，更值得注意的是，這項判決出現的時間點，正好與國際政治與經濟風險同步升高。根據路透報導，白宮官員20日證實，美國總統川普將於3月31日至4月2日出訪中國，多名知情人士並指出，川普與中國國家主席習近平預計於4月初在北京會晤，可望拍板延長先前在南韓「川習會」中談成的美中貿易休戰，時間最長達一年。楊瓊瓔說，換言之，美中關係正進入一個以政治協商換取暫時經貿穩定的階段。在這樣的情勢下，台灣若仍期待長期依靠美國將支柱產業拱手相讓，靠打抗中牌，高度政治化、未來可能隨時翻轉的關稅政策中，換得長期保障，恐怕過於樂觀。楊瓊瓔表示，台灣已將護國神山台積電，以及大量科技代工、晶圓製造等關鍵產業布局外移美國，所換得的卻僅是「關稅降低5%」與「關稅不疊加」的有限讓利。一旦美中關係趨於和緩，當前執政黨長期倚重的「抗中」敘事，美國還願意為此付出多少實質經貿成本，社會恐怕必須冷靜評估。楊瓊瓔表示，川普也在白宮向媒體表示，正考慮對伊朗進行有限度的軍事攻擊。消息一出，國際油價隨即回到平盤之上並小幅上漲，金價漲幅擴大至1%。這些市場反應清楚顯示，全球資本與能源市場，已全面將地緣政治風險重新納入定價之中。楊瓊瓔說，在如此高度不確定的國際環境下，任何涉及關稅、投資與產業調整的重大承諾，都不應建立在「政策可能被法院推翻」、「談判條件可能因政治需要隨時重新包裝」的脆弱基礎之上。她強調，關稅可以談，但國家核心產業與長期利益，不能成為短期政治交易的籌碼。楊瓊瓔指出，作為立法院經濟委員會召集委員，她認為政府至少有責任向國會與社會清楚交代三件事。第一，台灣在關稅談判中，實際承諾了哪些具體投資與產業調整？第二，若美國關稅政策因司法或政權因素翻轉，台灣是否已有退場或補救機制？第三，這些承諾對我國關鍵產業、就業結構與供應鏈自主性的長期影響為何？楊瓊瓔說，國際經貿談判，從來不是比誰退讓得快，而是比誰看得夠遠、風險控管是否周全。政府若真心為台灣經濟負責，就不該只對外宣傳「談到多少讓利」，而必須誠實面對最壞情境，讓社會共同判斷，這樣的代價是否值得承擔。這不是反對談判，而是要求負責任的談判；避免台灣在高度不確定的國際局勢中，承擔一場無法回復的經濟代價。    ,https://news.ltn.com.tw/news/politics/breakingnews/5346970
斜槓立委》王安祥盼以勞政專業改善國軍人事制度,政治,2026/02/21 08:15,過去長期耕耘學界的民眾黨新科立委王安祥，農曆年後將加入外交及國防委員會，開啟「斜槓」國安議題新生涯。（資料照）進入立法院新會期，作為國會關鍵少數的台灣民眾黨團也迎來6位新任不分區立委，過去長期耕耘學界的王安祥，年後將加入外交及國防委員會，開啟「斜槓」國安議題新生涯。專長勞政的王期許，除關注勞退制度、勞動權益，也會以自身專業來改革國軍人事，讓國軍先進武器、充足兵力一併到位。擔任民眾黨團副總召王安祥接受訪問表示，他長期參與勞動政策與產業發展研究，深刻體會政策不能只考量理念的「應然」，更要考量行政能力與社會承受度的「實然」。因此，他期許自己在新會期能以自身勞政專業，補足立法端專業能量和政策落地的最後一哩路，不只確實審議法案、監督行政，更助社會大眾也能理解法案內容，協助政策在有公共支持下更務實、更完整，進而滿足社會所需。請繼續往下閱讀...談及勞政專業與立法現場的問題觀察，王安祥認為，他在新會期將優先關注「強化勞工退休保障制度」、「防止強迫勞動」兩項議題。前者涵括勞退新制提撥比例、即雇主每月為員工提繳薪資6%勞退及勞工自願提繳部分，以及勞工保險老年年金財務永續和世代公平議題；後者則參酌歐盟《企業永續盡職調查指令》（CSDDD）、美國《防止強迫勞動法》（UFLPA）對供應鏈勞動人權的要求。王安祥期許，未來將發揮關鍵少數優勢，將盡職調查、企業揭露義務，以及勞動部、經濟部、外交部等跨部會協調指引優先推動至立法中。針對外界認為他進入的外交及國防委員會、可能不符專業一事，王安祥強調，他除在就任立委前已隨行赴美、了解軍購特別條例內容，也持續與院會前輩交流意見，基於在野黨監督的立場下，在國會把關審案。新會期優先法案方面，王安祥說明，除「戒嚴法修正草案」計畫修法縮短立院對戒嚴令追認期限，以防權力濫用；對於國防特別預算條例及相關政策，他認為，國防不僅是籌購先進裝備，諸如空軍飛官、海軍艦長及陸軍資通電等高專業人才也同等重要。因此，他期許未來以自身「人因工程」專業，從薪資福利、軍事訓練、後勤支援等面向改善國軍人事制度，讓國軍環境能真正留才，也才能為國建立起高素質、持久的防衛戰力。    ,https://news.ltn.com.tw/news/politics/breakingnews/5343115
看板遭吐檳榔汁不到1天破案 竹市北區議員擬參選人戴振博選擇和解,政治,2026/02/21 08:12,參選看板遭吐檳榔汁不到1天破案和解，新竹市北區議員擬參選人戴振博選擇溝通，並與吐檳榔汁涉案人達成和解，並感謝警方迅速偵破。（照片取自戴振博臉書粉專）新竹市北區市議員擬參選人戴振博發現位在鐵道路二段的競選看板遭人惡意吐檳榔汁破壞，經報警處理後，警方不到1天已將涉案者傳喚到案說明，這名男子坦承是一時衝動，才做出不理性的舉動。戴振博得知後選擇面對、溝通，最後與對方達成和解，他也感謝警方的迅速偵破此案，也籲透過溝通與理性對話，縮短政治與市民的距離。戴振博提到，這名涉案男子已到案說明，對自己吐檳榔汁毀損看板的行為很後悔，並坦言是因一時衝動，才做出不理性的舉動。戴振博說，此事件反映的，不只是單一行為，而是社會對政治長期累積的疑慮與距離感。但他選擇面對、溝通，而非對立。他與對方理性對話後已達成和解，他也提醒對方，城市的公共空間屬於每位市民，乾淨整潔的市容需要市民共同維護。請繼續往下閱讀...他也認為，政治信任的建立，是長期、持續、可被檢驗的行動。接下來，他會持續努力，逐步縮短政治與市民之間的距離。並感謝在此事件中給予關心與支持的朋友，並感謝警方的專業與效率。    ,https://news.ltn.com.tw/news/politics/breakingnews/5346932
斜槓立委》吳宗憲從法庭到質詢台、三寶媽醫師陳菁徽吐心聲,政治,2026/02/21 08:10,與知名藝人同名的國民黨立委吳宗憲，曾有二十多年的檢察官資歷。（吳宗憲提供）與知名藝人同名的國民黨立委吳宗憲，有二十多年的檢察官資歷，談到轉戰立委過程，吳宗憲說，除了司法官是自己考取，之後的每一個職位都是偶然下發生，並非自己要來的。「斜槓」立委兩年來，家人仍不捨他在國會可能因衝突受傷，吳宗憲說，他的初心不會改變，除了持續推動司法改革，秉持「利他」主義，把每一件事情做好，更期許能實現禮運大同篇「老有所終、壯有所用，幼有所長」的核心價值。吳宗憲來到立法院以後，連續擔任三會期的司法及法制委員會召委，吳宗憲表示，台灣的法律過於複雜，有中央、地方法規，有時候還會牴觸，要活用法律、而不是受限於法律。這兩年他推動虐殺嬰幼兒最重可判死刑的刑法修正案、政務人員行為基準法草案、無期徒刑分級制等保護婦幼、推動治安的改革，也要從訴訟上減輕檢察官、法官的工作量，盼改善司法官過勞問題。請繼續往下閱讀...吳宗憲堅定要求自己「絕不講謊話」，他堅信已故新加坡建國總理李光耀所言，政治人物的誠信是最基本的要求，所以自己從政絕不講謊話，他過往的言論都不會有矛盾，有轉變也會表明原因為何。他的政治理想就是一個利他主義者，從政推動的法案都以利他為目標，他沒有家族事業、利益團體的資助，就是把事情做好。對於爭取國民黨宜蘭縣長提名，吳宗憲坦言，其實家人反對他從政，也憂心他在國會打架受傷，一個從小乖乖唸書的模範生，現在到國會卻要打架給大家看，至今他覺得尚未說服成功，但家人很尊重他的選擇，而他也相當重視家庭，會盡量花時間陪伴家人。藍營另一位斜槓立委，則是治療不孕症的專業醫師、也是三寶媽的國民黨立委陳菁徽，就任立委兩年來，極力在立法院、家庭間取得平衡，陳菁徽堅持每天睡覺前一定會跟小孩聊天，隔天早上也要一起吃早餐，並會參加孩子成果發表會等重要場合。她坦言，目前就是犧牲所有自己的時間，才有辦法多方兼顧。陳菁徽接受本報專訪時表示，以前擔任醫師，基本上就是談論非常專業的醫療議題，思考的是如何讓民眾接收到淺顯易懂的醫療知識，或者推廣一些篩檢、檢查的知識，要努力用白話文來讓更多民眾了解。擔任立委後，在回應的內容上面就更加多元，主要還是醫療議題，但是在一些政治議題上，就需要更多層面的思考，評估風險、觀察輿情變化。陳菁徽指出，另一個是回應準備的時間，立委每天可能有好多個回應，準備時間很短，每天都在接受新的刺激，就會比較緊張一點，然後還要擔心講錯話會被炎上，這是以前擔任醫師不曾有的體會。而擔任立委後，陪伴家人時間大幅減少，陳菁徽說，因為立委的身分有一部分是受到人民的託付，這是一個選擇，能夠改善的就是把握每一寸的時光，儘量做到和家人相處時是「高品質陪伴」。陳菁徽表示，以前當婦產科醫師時，就對一些公衛議題有興趣，研究所也是在美國讀公衛，公衛與醫療息息相關，解決很多人的問題，醫療則是幫一個人解決問題，一個政策就能改變很大，立委能更直接的從修法的角度出發，或者直接跟行政單位溝通，包含擴大乳癌篩檢補助的族群、呼籲重視青少年心理健康議題，都是上任之後比較有具體成果的領域，未來將持續關注兒少、性騷擾等相關修法，以及少子女化、台灣未來帳戶等議題，努力把每一天的事情做好。國民黨立委陳菁徽是治療不孕症的專業醫師，也是一位三寶媽。（陳菁徽提供）    ,https://news.ltn.com.tw/news/politics/breakingnews/5340465
幕後》民進黨空戰3箭齊發 精準輔選提前拆「未爆彈」,政治,2026/02/21 08:05,賴清德總統在春節期間走訪多縣市廟宇參香祈福，也向民眾說明政府的施政成績及未來施政藍圖。（資料照）2026九合一選舉空戰號角響起，民進黨文宣群目前鎖定「政績宣導」、「議題攻防」與「闢謠」等三大工作重點。黨中央將針對不同縣市參選人採取差異化的精準輔選策略，提前拆解可能的「未爆彈」議題，並整合線上線下資源，強化讓人民有感的中央政績論述，以凸顯執政優勢並擴大社會連結。民進黨高層接受本報訪問說明，民進黨文宣群的首要任務是協助執政團隊進行政績宣導，包括中央對地方建設的挹注，盤點育兒津貼與生育補助等發放實績，也將透過具體數據進行藍綠執政對比，「凸顯我們是一個會做事的執政黨。」請繼續往下閱讀...在議題攻防方面，該人士評估，目前民進黨在軍購與台美關稅議題上站穩腳步，並將以此為主導議題設定的基礎；反觀民眾黨在軍購議題上荒腔走板，國民黨則因害怕中國壓力而影響作為。對於2026選戰可能面臨的「未爆彈」，黨內針對居住正義、土方與能源等議題，已著手整理並強化論述。此外，針對不同類型的縣市長參選人，民進黨採取差異化的精準輔選。輔選人士表示，對於宜蘭、苗栗等地的政治素人或奇兵，因較缺乏知名度與團隊，黨中央會優先運用新媒體平台與空戰資源，協助打響知名度並凸顯個人特質。至於新北、高雄、台南，多由身經百戰的現任立委上陣，黨中央則側重於協助觀測網路輿情、整理對手爭議及進行議題攻防，並提供聲量診斷資料給參選團隊參考。民進黨政策會執行長吳思瑤說明，選戰論述將聚焦兩大區塊：一是已達成的政績，二是未來願景。她強調，雖然部分縣市非民進黨執政，但中央政府這幾年給予地方的預算規模是「史上最高」，在長照、育兒及硬體建設上均有具體成果，黨中央會協助參選人將這些中央照顧地方的成績單，轉化向選民推銷的內容，展現「會做事」執政優勢 。此外，民進黨亦積極結合線上與線下資源，串連組織宣傳戰力。民進黨副秘書長何博文指出，執政黨的優勢在於拿出實績，從經濟成長率、關稅談判成果到長照3.0與租金補貼等政策，都是相當有力的宣傳內容；民進黨社運部結合許多民間團體，配合各地方縣市長參選人及民代舉辦活動，其他各部門也持續在各縣市辦理，強化與各族群的連結並擴大宣傳。民進黨文宣群目前鎖定「政績宣導」、「議題攻防」與「闢謠」等三大工作重點。（記者陳政宇攝）    ,https://news.ltn.com.tw/news/politics/breakingnews/5343063
從社福前線到國會戰場！林月琴為下一代的未來點燈,政治,2026/02/21 08:00,出身社福實務的民進黨立委林月琴日前接受本報專訪，回溯從社福團體走入政治的轉折與震撼，以及對未來改革工作的規劃。（記者叢昌瑾攝）長年投入兒少、家庭與弱勢服務，在社會福利第一線逾三十年，從托育、家暴到救助制度改革倡議，出身社福實務的民進黨立委林月琴接受本報專訪，回溯從民間團體走入政治的轉折與震撼，也談及對兒少保護、托育專法、社會救助與網路安全的堅持。她曾遭在野立委抱摔、重踹致體內出血，讓她撐下去的信念，是那些弱勢族群們對制度改革的渴望。「我進來，是帶著一個使命。」林月琴說，過去她在處理許多個案時，會碰到許多法律上可能沒有辦法解決的事情，例如處理孩子因交通意外死亡、在學校因故眼睛失明等，很多問題在第一線無法立即得到解決，因此希望能進到國會從制度上來改變，讓未來的孩子們不會在面對同樣的問題。請繼續往下閱讀...林月琴提及，過去在公民團體時，立場及主張往往可以推到最極端，但到了政策現場，牽涉部會、地方需求，表達方式都得重新調整。以交通改革為例，她希望改善人行環境、提高安全，但若要全面撤停車格鋪設人行道，勢必引發地方反彈與行政阻力；她坦言，自己不可能完全妥協，但也清楚「不一定能到100分」，至少要從70分、80分往前推進。在價值層面上，林月琴直言，台灣仍存在許多「政客」，政黨可以不同但國家是不可能妥協的。過去出國時，她曾深刻感受到台灣在國際處境的不被承認；近年台灣在國際能見度提升，外交、醫療與產業的努力逐漸被看見，台灣不是只有台積電可以輸出，還有醫療、精密工業等等都是可以輸出的，當她看到總預算案如今仍被卡在程序委員會時特別難以理解。聊到從政兩年來的「震撼時刻」，她不諱言，讓她感到衝擊的是前年藍白強推國會擴權法案的時候，在審視相關條文時的驚愕，竟然要讓立委有調查權把一般社會團體叫來立法院，立委又不是法官。林月琴續指，當朝野立委在立法院內肢體衝突時，民進黨立委沈伯洋在她眼前，人從主席台上被推下，她更震撼的是，當沈伯洋掉下來時，國民黨立委卻立刻閃躲。過去她在社福工作中，看到有人摔倒，第一反應一定是衝上前扶住，人的反射動作就是先救人，當她看到有人刻意讓開，心裡的衝擊極大。2024年12月6日國民黨立委陳玉珍將她抬起重摔，更用腳狠踹，林月琴回憶，當下她試圖講道理，卻換來更激烈的動作，甚至被踹到牆邊，陳更以極具壓迫的眼神緊盯著她，其場景如同在擂台上打拳擊、格鬥；當時同黨立委想進來協助她時，一旁的國民黨立委洪孟楷還說：「不行，林月琴是我們的人質！」林月琴透露，當天送醫後她躺在病床上思考，她告訴自己當初進來立法院的目的，希望能回應過往案主需求的法規能所有改變、過去的社福夥伴期盼有生之年能看到哪些法規能有所改變，每當她感到挫折時都會用當時的期許來鼓舞自己。「孩子們說：『大人們，你們不要輕易地為我做決定，因為這個地球、社會是未來我要生活的地方，你不要忘記我是你的子孫。』」林月琴認為，這句話適用於所有政策。若把環境或國家毀壞了，以後讓他們怎麼在地球生存？面對這兩年來的社福進展，林月琴提到，首先，是兒少性影像防制與前端預防機制，重刑不必然能阻止犯罪，真正有效的是在源頭建立阻斷系統，因此她要求性影像24小時下架、建立比對機制，並降低受害者反覆舉證的負擔。林月琴續指，過去只有少數條文規範保母與托嬰中心，非常不足，她率先提出「兒童托育服務法」來規範，建立完整零到兩歲托育規範，目前已進入最後階段；此外，她也送出了「社會救助法」修法版本，強化弱勢家庭保障，避免因虛擬所得計算導致補助被取消。在未竟之業上，她感嘆，「網路安全」是當前最難推進的議題，面對英美澳法等國都推出相關法案來針對兒少網路安全來做規範，但該案牽涉言論自由、商業利益，推動立法往往引來反彈。不過，但孩子們長時間泡在虛擬世界，認知作戰、網路霸凌、性影像外流等風險加劇，對身心健康衝擊巨大。至於下一會期的優先法案，她最想推動「兒少權益保障法」修法，希望能在這屆將其接軌到人權公約的架構。最後，林月琴把話題留給第一線夥伴。她感謝社福工作者長年承擔社會問題的重量，「這工作不好做，他們還是持續堅持，「我要告訴他們，我與他們同在。我們會在立院會推動更好的政策與法規，讓社福夥伴工作上不要那麼辛苦，雖然仍有許多制度尚未到位，但希望夥伴繼續相信我，跟她一起來，讓社會問題能夠逐一被解決，也希望社福夥伴們先好好照顧自己。」＃出身社福實務的民進黨立委林月琴日前接受本報專訪，回溯從社福團體走入政治的轉折與震撼，以及對未來改革工作的規劃。（記者叢昌瑾攝）    ,https://news.ltn.com.tw/news/politics/breakingnews/5342056
AI大選軍備賽！民進黨集結「真人」兵團 反制機器人造謠,政治,2026/02/21 08:00,民進黨開設直播節目《午青LIVE》，強化文宣戰力，黨秘書長徐國勇也曾親自主持。（圖翻攝自民進黨YouTube頻道）生成式人工智慧（AI）運用逐漸普及，掀起2026大選軍備競賽。民進黨除研議建置AI闢謠工具外，將透過新媒體平台加速產出原生內容，並結合網路「義勇軍」的闢謠與宣傳能量，以真人反制機器人攻勢，全面提升空戰防禦與宣傳戰力。中共對台認知作戰加劇，國安局今年一份報告分析，中共黨政軍系統設定爭議訊息敘事主題和基調後，動員資訊科技公司、公關公司及網軍集團等協力組織，操作手法包括運用AI生成擬真影音、建置多元管道投放爭議訊息、利用異常帳號滲透輿論等。請繼續往下閱讀...面對AI助長文宣攻勢，民進黨高層觀察，去年大罷免時期，不只是造謠影片及圖卡內容都更細緻，且更氾濫地被廣傳；而民進黨中央正積極建置各類運用AI的工具，為未來的闢謠工作做準備。他分析，人工智慧的關鍵核心仍在於「人」 ，AI僅是協助快速產出的工具，幕僚必須成為內容產出的指導者，懂得精準下達指令，才能讓AI生成的內容符合選戰需求。黨內目前生產大量「原生內容」並輸入資料庫，確保AI在被使用時，能產出正確且有利於黨部的論述內容 。在防制假訊息方面，該人士以大罷免經驗指出，當支持者與各行各業的「真人」願意站出來時，其聲量與擴散力將遠勝於機器人操作的圖卡。例如在社群平台Threads上，許多支持者的闢謠速度甚至比官方更快，這些「義勇軍」也開始運用AI工具自行產出文宣，成為反制假訊息的重要力量 。黨內高層直言，民進黨未來的重點是要「造浪」，透過議題設定和氛圍營造，吸引真人願意加入陣營，藉由真人社群的擴散力，便能有效對抗機器人產生的錯假訊息 。此外，為應對資訊爆炸與假訊息挑戰，民進黨「空戰輔選團」已展開下鄉計畫，由黨副秘書長翁世豪、新媒體中心主任阮俊達領軍，成員涵蓋新聞部副主任黃子一、發言人韓瑩及新媒體小編群。輔選團深入基層傳授議題攻防經驗，並與地方競選團隊建立即時反應機制，確保中央與地方步調一致。    ,https://news.ltn.com.tw/news/politics/breakingnews/5343064
國人出國急難救助案件數 越南居冠,政治,2026/02/21 05:30,（法新社）國人近年出國人數不斷增加，本月十四日，桃園機場旅客量衝上單日十六．七萬人次，創歷史新高，近年旅遊求助案也隨之增加。專責處理國人急難救助案件的外交部領事事務局文件證明組組長曾曉峯接受本報專訪指出，台人出國旅遊，向外交部求援的國家前五名分別為越南、日本、泰國、南韓、美國，至於國人打工度假最愛去的澳洲則位居第六。常有人用旅簽做生意、上班被抓到外交部領事事務局不僅肩負印發護照的重要任務，也負責處理國人在海外的急難救助事件。曾曉峯指出，越南急難救助案件量居冠，主因是越南台商數量多，常有台人使用旅遊簽赴越南做生意，或去台商公司上班，被越南政府抓到，台商在越南也會遭遇家庭糾紛等狀況。請繼續往下閱讀...至於求助案件量第二名的日本、第四名的南韓，曾曉峯指出，入冬以後，國人在日本、南韓發生意外事件量就會增多，可能是因為年長國人的旅遊目的傾向選擇鄰近的日韓，屢傳國人在日韓旅遊期間心臟病突發或出現健康問題；日本因為有開放台灣人打工度假，也有一些是打工度假案例。泰國方面，曾曉峯說，雖然泰國是國人旅遊熱門選擇，但旅遊產生的急難救助案件並不多，反而是國人從事詐騙衍生的案件量較多，領務局近半年來，平均每個月會接到廿起至卅起來自詐騙園區的求救案件。曾曉峯說明，美國的急難救助案件主要為留學生出車禍、死亡、突發精神疾病等；澳洲則常有國人赴澳洲打工度假期間，被僱主或房東詐騙，甚至會有台灣人被中國房東詐騙後，再去詐騙台灣人來接盤的案例。在外交部積極宣導下，國人赴海外旅遊前購買醫療保險的意識有愈來愈充足。不過曾曉峯提醒，還是常見國人在海外遭遇事故就醫，回國後才發現有部分資料未向醫院申請，保險公司無法理賠，再向駐處求助，對駐處造成不小的困擾。    ,https://news.ltn.com.tw/news/politics/paper/1744151
Link-22結合海馬士 戰力倍增,政治,2026/02/21 05:30,Link-22具備「超視距」傳輸能力，訊號可繞過障礙物與海陸空軍武連結，圖為海馬士多管火箭系統。（資料照） 北約開發系統 盟國間可建立高效擊殺鏈美國下一波對台軍售，可能包括「Link-22數據鏈系統」，讓國人相當期待。前美軍印太司令部官員胡大任指出，Link-22是北約與盟國共同研發的系統，專為情報分享與火力協調設計。對台灣而言，這是建立與盟國間高效擊殺鏈與共同圖像分享的最佳解決方案。超視距功能 訊號可繞過障礙物有人認為，我國已有Link-16系統，為何還需要Link-22？胡大任補充，Link-22與現有的Link-16並非競爭關係，而是互補且功能更強大。Link-16受限於「視距內」（Line of Sight）傳輸，訊號容易被山脈或地形阻擋，例如從桃園發射訊號到台東可能受中央山脈阻隔。請繼續往下閱讀...胡大任解釋，Link-22具備「超視距」（Beyond Line of Sight，BLOS）傳輸能力，發射端與接收端無需彼此「看到」，訊號可繞過障礙物。這對於多山的台灣，以及需要在海平面以下（潛艦）、水面（軍艦）、空中及無人載具間進行複雜協調的戰場環境至關重要。台灣安保協會副秘書長何澄輝進一步指出，Link-22若能與台灣採購的大量海馬士（HIMARS）多管火箭系統結合，將成為「戰力倍增器」。面對中共所謂「萬船齊發」戰術，不需要耗費昂貴飛彈，透過精準情報與海馬士的精準火箭彈即可有效打擊。何澄輝引用烏俄戰爭經驗表示，烏克蘭僅有約四十台海馬士，在「打帶跑」戰術下存活率極高且戰果豐碩；若台灣軍購順利，將擁有僅次於美軍的海馬士數量。配合Link-22，分散全台灣的發射車可接收千里之外的目標資訊，發射後隨即轉移陣地，將使中共侵台的軍事成本與風險無限拉高。軍方人士憂預算審查延宕國軍規劃將我國現有的Link-16「迅安系統」全面升級為Link-22。然而，今年度中央政府總預算案在立法院卡關一毛未審，即便川普政府下一波公告的軍售案中包含Link-22數據鏈系統，因該案屬於今年首度編列的「新興計畫」，軍方人士擔心若預算審查持續延宕，恐重演發價書（LOA）過期，導致全案取消重來的狀況。    ,https://news.ltn.com.tw/news/politics/paper/1744150
高雄大車拚》賴瑞隆、柯志恩 勤跑鐵人行程,政治,2026/02/21 05:30,民進黨高雄市長參選人賴瑞隆過年拜廟，市長陳其邁陪跑行程。（取自賴瑞隆臉書)高雄市長選戰在農曆春節提前開打，民進黨參選人賴瑞隆初一到初四狂拜廟，跟隨市長陳其邁發送小紅包，四天走訪廿九處廟宇，堪稱鐵人行程；國民黨參選人柯志恩不遑多讓，初一至初三也跑了十二場。賴瑞隆贏得民進黨高雄市長初選後，目前公開行程均緊跟市長陳其邁，爭取曝光度。新春期間，陳其邁每天安排多場拜廟參香與發放小紅包行程，從南到北跑遍高雄各區，吸引大批民眾等候領取紅包，賴瑞隆除了每場都現身「跟好跟滿」，更加碼安排拜廟行程。請繼續往下閱讀...據統計，賴瑞隆初一、初二各跑了八場拜廟參香活動、初三跑了六場、初四有七場，今天初五更安排八場，期間並與總統賴清德、副總統蕭美琴同框，選民與他的互動熱絡。以初三為例，賴瑞隆一早從北高雄海線出發，沿途走訪永安、茄萣、湖內和路竹。賴說，感受到大家的熱情，讓他整天都充滿動力，並在鳳山和蕭美琴副總統一起發送小紅包，蕭以「高市瑞隆」勉勵他，他將帶著這樣的期許，率領高雄隊揮出漂亮的全壘打。陳其邁昨到草衙朝陽寺參香時，賴瑞隆也陪同在旁。陳其邁說，市政建設的進步需要一棒接一棒延續，這是全體市民的共同期待，由衷感謝鄉親五年來對市府團隊的堅定支持。國民黨柯志恩也輸人不輸陣，初一安排五場拜廟參香暨發送小紅包活動、初二有四場、初三有三場；休息兩天後，預計初六繼續拜廟。她表示，還有鄉親自備鳳梨送她，特別感謝大家的支持，讓新年一開始就獲得滿滿的鼓勵和感動。根據柯陣營的規劃，預計農曆年後，就會透過各宮廟的廟口開講、議員及里長座談，陸續發表各類政見，闡述對大高雄的願景理想。國民黨高雄市長參選人柯志恩到寺廟發小紅包，與民眾握手。（取自柯志恩臉書）    ,https://news.ltn.com.tw/news/politics/paper/1744148
台中助攻何欣純 卓揆期許「欣欣」向「榮」,政治,2026/02/21 05:30,行政院長卓榮泰（左二）昨與民進黨台中市長參選人何欣純（中）到豐原武德宮發放總統福袋。（記者黃旭磊攝）江啟臣、楊瓊瓔走訪廟宇 為三月底市長初選爭取支持年底就是九合一選舉，縣市長參選人沒有假期。行政院長卓榮泰昨天上午由民進黨台中市長參選人、立委何欣純陪同，到豐原武德宮發放總統福袋，以兩人名字巧喻，他與何加起來就是「國泰民安，欣欣向榮」，台灣今年一定要更升一級；至於國民黨立委江啟臣、楊瓊瓔也不得閒，兩人分別走訪廟宇祈福，為三月底的市長初選爭取支持。請繼續往下閱讀...昨天是馬年新春大年初四，卓榮泰上午九時半進入豐原武德宮參拜祈福。卓揆說，大年初四是傳統拜財神補財庫大日子，要代替總統賴清德來發福袋給民眾，他與何欣純站在一起，加起來就是「國泰民安，欣欣向榮」，迎財神補財庫，台中本來就是很大的財庫，台灣傳統精密製造業就在台中，大家新的一年，百工百業再衝一波，何欣純帶著地方建設，中央地方連成一條心，大家今年一定要比去年更認真、用功、努力，把台灣再往上升一級，成為真正科技智慧島大國。卓榮泰強調，新的一年，大家往好的方向想，往好的方向做，我們也會往好的方向走。賴蕭卓台中接力輔選 何︰「一欣一德」挺台灣今年春節期間，「府院三大咖」接連輔選何欣純，大年初一由副總統蕭美琴打頭陣，先到霧峰南天宮祝福欣欣向榮；總統賴清德於大年初三到龍井永順宮及北區元保宮參香，賴與何欣純都穿紅色限量Team Taiwan帽Ｔ，兩人稱「一欣一德」向選民拜年尋求支持。何欣純說，很榮幸跟賴總統「撞衫」，「一欣一德」要在台中Team Taiwan 挺台灣，而由行政院長卓榮泰領導團隊順利完成台美貿易談判，讓台中工具機等產業轉型升級，台中大甲鎮瀾宮也抽出「中上」國運籤，產業將會越來越好。至於國民黨台中市長提名持續陷入「姐弟爭」僵局，立法院副院長江啟臣昨天上午到太平區慶天宮，發放「馬兄五吉」小福袋；楊瓊瓔連趕三場，上午到潭子區天寶彌勒佛院、參與新社區九庄媽進壇安座，下午趕到北屯區廣天宮發馬年小紅包，兩人持續勤走基層、爭取民調支持。    ,https://news.ltn.com.tw/news/politics/paper/1744146
美軍看得到 台灣就看得到 數據鏈再升級 國軍可望購得Link-22,政治,2026/02/21 05:30,台灣安保協會副秘書長何澄輝指出，若台灣將國軍現有的Link-16「迅安系統」全面升級升級至Link-22，將能與美、日建構「共同作戰圖像」，實現「美軍看得到、台灣就看得到」的戰場透明化優勢。（資料照）美國川普政府重返印太來勢洶洶，外界盛傳美方下波對台軍售，總額可能達六千億元。除媒體揭露的愛三MSE增程型飛彈、NASAMS（國家先進地對空飛彈系統）外，最關鍵的項目極可能是「Link-22數據鏈系統」。台灣安保協會副秘書長何澄輝指出，若台灣將國軍現有的Link-16「迅安系統」全面升級升級至Link-22，將能與美、日建構「共同作戰圖像」，實現「美軍看得到、台灣就看得到」的戰場透明化優勢。可與美、日建構「共同作戰圖像」據軍方公開專報，有一筆被列在今（一一五）年度新興預算中、名稱為「戰術數據鏈路暨聯戰指管系統」的項目，外界認為可能就是國軍代號「博騰專案」的Link-22數據鏈升級案，只待美方公告（知會國會）供售。請繼續往下閱讀...何澄輝認為，Link-22極可能是新一波軍售清單中最關鍵的項目。他分析，現行Link-16多為語音或電子指示，頻寬較窄；而Link-22頻寬更寬，能建構完整的「戰場共同圖像」。這意味著台灣將能與美軍、日本自衛隊連線，實現印太地區「單一戰區化」的防禦架構。戰場透明化 台灣戰術將有巨大優勢「這對台灣戰術上有巨大優勢。」何澄輝舉例，外界常質疑台灣雷達能否抓到中共殲-20匿蹤戰機，一旦擁有Link-22，這個問題將不復存在，「只要美軍看得到，台灣就看得到」。屆時台灣F-16戰機甚至無需開雷達，只要透過數據鏈接收目標位置，即可進行「A射B導」（由A方發現目標、導引B方發射武器）攻擊，讓殲-20在不知不覺中進入不可逃逸區。    ,https://news.ltn.com.tw/news/politics/paper/1744156
新北百里侯之戰》蘇巧慧勤跑宮廟 李四川蓄勢待發,政治,2026/02/21 05:30,民進黨新北市長參選人蘇巧慧走訪中和區宮廟參香祈福， 向民眾拜年。（記者翁聿煌攝）二〇二六大選，擁有四百萬人口的新北市是各政黨必爭之地，民進黨新北市長參選人蘇巧慧昨赴中和廟宇祈福；國民黨即將投入新北市長選舉的台北市副市長李四川無公開行程；民眾黨新北市長參選人黃國昌在彰化拜廟，仍被不少民眾嗆聲。蘇巧慧昨前往福祥宮、和美宮參拜。她表示自己從大年初一到初四，每天都在各地的宮廟和大家說新年快樂，希望用這樣的態度，讓大家看到團隊的活力，「把長跑當作短跑衝刺」、「用全心全意愛新北」這樣的態度，贏得更多市民肯定。請繼續往下閱讀...蘇政績影片第二發 林郁婷亮相蘇巧慧十九日也公佈第二支政績影片，講述到和奧運拳擊金牌林郁婷的相識及林的成長過程。蘇巧慧表示，培養一個競技選手很不容易，所以後來她花很大的力氣協助各個學校，把訓練設備都能夠添購完成，而且不只是拳擊，甚至是棒球、射箭、田徑、籃球等等，團隊未來還會推出各項政見，協助各種產業、各種人才都能夠在新北市落地生根，有好的發展。新北市長侯友宜昨天前往土城五穀先帝廟參拜祈福，被問到何時會與李四川見面、合體？侯回應，這段時間其實他跟李四川的團隊，包括李四川本人常常聯繫，雙方一定會一起並肩作戰，讓市政的接棒毫無縫隙，一定各個都是強棒。侯也說，現在最重要就是把市政的工作做好，就是對選民最好的交代，未來就會贏得選民更多的支持。黃國昌彰化拜廟 又遭嗆聲至於黃國昌大年初一連跑新北市新莊、板橋六間廟宇參拜發福袋，遇到民眾批評「擋國防預算」、「美國人的爸爸」。黃昨天再前往彰化縣二林仁和宮參拜，並到二林第一公有市場進行掃街發送發財金。有支持者大喊「黃市長」，也有路過的民眾怒吼「滾蛋」，有一名機車騎士喊出「臭俗仔」，引來工作人員拿出糖果試圖要塞住騎士的嘴，讓騎士更加不滿，用手拍掉後離去。    ,https://news.ltn.com.tw/news/politics/paper/1744147
台南比一比》陳亭妃、謝龍介 拜年馬不停蹄,政治,2026/02/21 05:30,國民黨台南市長參選人謝龍介（右三）到中西區普濟殿上香祈福。（謝龍介服務處提供）昨天大年初四迎財神，民進黨台南市長參選人陳亭妃拜年行程馬不停蹄，昨天同樣安排多個拜廟行程，希望把平安、好運送給鄉親，她透露大內區石子瀨天后宮十九日晚間擲出立筊與她有關，意味神明也護佑她選市長。參選對手、國民黨台南市長參選人、立委謝龍介昨無公開行程，但從年初一到初三都拜廟走春，希望台南能政黨輪替。從除夕到年初三，陳亭妃陪著總統賴清德、副總統蕭美琴、市長黃偉哲到廟宇走春、發福袋，昨天更安排不同型態的行程，跑了溪北到市區五座廟宇，從市場到廟宇、再從廟宇到商圈。她說，民眾的熱情，充滿暖心；民眾對她的加油，充滿了力量。請繼續往下閱讀...陳亭妃透露，大內區石子瀨天后宮主委楊文達告訴她一段小故事，十九日晚間有一位小妹妹擲出「立筊」，請示媽祖有何含意？媽祖說是和明天來訪的人士有關、要特別表示歡迎；而這立筊在她廿日上午上香祈福、發完福袋後，就恢復原狀。她說，聽到這段小故事，內心真的只有感恩、感謝眾神保佑。至於謝龍介則是三天拜廟走春，串連府城、溪南到海線各區，向鄉親賀年，年初二到永康大灣廣護宮陪同立法院長韓國瑜發送春聯給鄉親們。謝龍介表示，拜年現場有很多「龍粉」排隊與他合照，還有遠從日本來的粉絲也在排隊之列。他向民眾喊話說，新的一年，兩岸只要和平不要戰爭，可以在科技與經濟上良性競爭；台南綠色執政已三十三年，期待實現政黨輪替，為府城注入新的活力，「讓台南再次偉大」。民進黨台南市長參選人陳亭妃（前右三）到南區喜樹萬皇?拜廟並向民眾拜年。（陳亭妃服務處提供）    ,https://news.ltn.com.tw/news/politics/paper/1744149
迎財神日 陳亭妃引立筊故事喻神明庇佑、謝龍介盼政黨輪替,政治,2026/02/20 22:13,民進黨台南市長參選人陳亭妃（右四）到南區喜樹萬皇宫上香祈福。（陳亭妃服務處提供）大年初四迎財神，民進黨台南市長參選人陳亭妃拜年行程馬不停蹄，安排多個拜廟行程，希望把平安、好運送給鄉親，她透露大內石子瀨天后宮19日晚間擲出立筊與她有關的小故事，意味神明也護佑她選市長。對手、國民黨立委謝龍介年初四未排公開行程，但從年初一到初三一連3天拜廟走春，希望台南能政黨輪替。從除夕到年初三，陳亭妃陪著總統賴清德、副總統蕭美琴、市長黃偉哲到廟宇走春、發福袋；年初四則安排不同型態的民眾接觸行程，跑了溪北到市區5座廟宇，從市場到廟宇、再從廟宇到商圈，民眾的熱情，充滿暖心；民眾對她的加油，充滿力量。請繼續往下閱讀...陳亭妃透露，尤其在大內區石子瀨天后宮主委楊文達告訴她一段小故事，19日晚間有1位小妹妹擲筊、擲出「立筊」，有請示媽祖是否有何含意？媽祖說是和隔天來訪的人士有關、要特別表示歡迎之意。而這立筊在她20日上午上香祈福、發完福袋後，就恢復原狀。聽到這段小故事，內心真的只有感恩、感謝眾神保佑。謝龍介的3天拜廟走春，串連府城、溪南到海線各區，向鄉親賀年，年初二到永康大灣廣護宮陪同立法院長韓國瑜發送春聯給鄉親們。謝龍介表示，拜年現場很多「龍粉」排隊與他合照，還有遠從日本來的粉絲也在排隊之列。他向民眾喊話說，新的一年兩岸只要和平不要戰爭，可以在科技與經濟上良性競爭；台南綠色執政33年，期待實現政黨輪替，為府城注入新活力，讓台南great again。民進黨台南市長參選人陳亭妃到佳里區中山市場向民眾拜年、熱情互動。（陳亭妃服務處提供）國民黨台南市長參選人謝龍介（右三）到中西區普濟殿上香祈福。（謝龍介服務處提供）國民黨台南市長參選人謝龍介到廟宇拜廟，民眾紛與他合影留念。（謝龍介服務處提供）    ,https://news.ltn.com.tw/news/politics/breakingnews/5346907
又被嗆！黃國昌到彰化市被民眾舉牌「送國蔥，請迴避」！,政治,2026/02/20 20:49,民眾黨黨主席黃國昌今天到彰化市開化寺參訪，有民眾舉牌表達抗議。（民眾提供）民眾黨主席黃國昌今天（20日）在彰化走透透，支持者排隊領發財金，從一早到二林菜市場被嗆「臭俗辣」，「滾蛋」，接著到員林市、和美鎮與彰化市又繼續被嗆，還有人舉牌「送國蔥，請迴避」，並高喊「黃國昌選到底」，要黃國昌選新北市長選到底！黃國昌今天在彰化縣共安排到8處進行走春，一路從彰化縣西南角的二林鎮，最後壓軸的是彰化市，黃國昌無論是到彰化市南瑤宮、開化寺還是春節市集，嗆聲不斷，不時都可以聽到「臭俗辣」的怒吼聲，還有騎著機車的青年，先在和美街長宿舍開嗆，再一路來到嗆聲。請繼續往下閱讀...黃國昌在彰化市走春，有一站是開化寺，距離人潮多的春節市集只有一步之遙，現場出現舉牌民眾，有寫著「送國蔥，請迴避」，也有舉牌寫著「超速仔！還沒對年的紅包，你敢發敢收？協尋當年的良心」，舉牌還貼著黃國昌當年穿著「島國前進」的白色T恤。不過，現場也有民眾高喊「黃國昌選到底」，希望黃國昌能夠真正投入新北市長選舉，不要改變心意。    ,https://news.ltn.com.tw/news/politics/breakingnews/5346883
曾在媽祖面前擲筊定輸贏 國民黨前立委李乙廷今早離世,政治,2026/02/20 19:21,國民黨前立委李乙廷，今晨離世。（資料照）曾代表國民黨參選苗栗縣第一選區當選的前立委李乙廷傳聞今天逝世，與李乙廷親近的友人也證實他於今日早上被發現於床上過世，享壽71歲，可能與心臟疾病有關，令地方政壇詫異，由於李乙廷過去並未傳出有相關疾病，也讓不少地方人士備感惋惜。李乙廷出身苗栗縣後龍鎮，為農家子弟，曾任後龍鎮公所農業課長、主任秘書、苗栗縣農會總幹事、苗栗肉品市場股份有限公司董事長、也曾代理三灣鄉長，在苗栗縣人脈甚廣，結交不少人緣。請繼續往下閱讀...李乙廷當時與時任竹南鎮長的前立委康世儒爭取提名，經黨內人士建議後，兩人「向媽祖擲筊拚輸贏」，兩人約定跪在媽祖神像前，在每一間廟先擲到三次聖筊就獲勝一次，「媽祖神像前PK擲筊」也創下台灣民主政治歷史，李乙廷最後勝出並當選。李乙廷卸任後曾任苗栗肉品市場股份有限公司董事長多年，之後被延攬擔任苗栗縣政府農業處長，當時因三灣鄉前鄉長温志強涉貪，李乙廷也曾代理三灣鄉長，歷練豐富，對地方事務相當熟悉。    ,https://news.ltn.com.tw/news/politics/breakingnews/5346858
自由觀點》雷射無線傳輸電力  無人機可飛更遠,政治,2026/02/20 18:00,    ,https://news.ltn.com.tw/news/politics/breakingnews/5346617
斯洛伐克首都舊城區市長向台灣賀年 我駐斯代表贈賴總統春聯,政治,2026/02/20 17:46,駐斯洛伐克代表李南陽（右）與首都舊城區市長瓦加奇（中）、副市長艾利斯（左）共持賴總統春聯拜年，祝福台斯友誼歷久彌新。（翻攝斯洛伐克首都舊城區臉書）新年伊始，斯洛伐克首都舊城區市長瓦加奇（Matej Vagač）及副市長艾利斯（Erik Illéš）向駐斯洛伐克代表李南陽祝賀農曆新年，瓦加奇並與李南陽一起以中文「新年快樂」向旅居斯洛伐克的台灣僑胞拜年，期盼馬年新年快樂、萬事如意，除了珍惜與台灣的夥伴關係，也盼能持續深化雙邊關係及友誼。布拉第斯拉瓦（Bratislava）舊城區政府與駐斯洛伐克代表處互動頻繁，在文化與社區活動領域持續深化合作，包括連續兩年共同支持舊城耶誕市集，透過台灣元素融入在地社群活動，促進多元文化交流與城市開放精神。請繼續往下閱讀...舊城區官方臉書指出，非常珍惜與台灣的夥伴關係，也盼能持續深化雙邊關係及友誼，祝福所有台灣民眾及在斯洛伐克慶祝新年的朋友新年快樂，萬事如意，今年是馬年，非常榮幸能接待李南陽，這樣的聯繫豐富了舊城區，也與世界各地的民主城市連結起來。據駐斯洛伐克代表處新聞稿，瓦加奇另致贈斯洛伐克白酒給旅斯台灣社群，象徵對台灣朋友的誠摯祝福與珍視情誼，為佳節增添溫馨氣氛。瓦加奇也熱情接待來自台灣的訪問團，包括台北市政府等地方交流，為雙邊城市合作奠定堅實基礎。雙方亦就智慧城市、文化創意與社區治理等議題交流經驗，展現民主城市間的夥伴關係。李南陽透過新聞稿表示，台灣與斯洛伐克共享民主、自由與法治價值，地方交流為雙邊關係注入持續動能。馬年象徵奔騰向前與蓬勃活力，期盼台斯友誼如駿馬馳騁，攜手拓展更多合作領域，共創更加緊密與長遠的夥伴關係。    ,https://news.ltn.com.tw/news/politics/breakingnews/5346827
竹市北區議員參選人戴振博看板遭惡意破壞 已報警處理,政治,2026/02/20 17:35,民進黨新竹市北區議員參選人戴振博的看板遭吐檳榔汁惡意破壞，他表示已報警處理。（記者洪美秀攝）農曆春節期間，有意投入年底地方選舉的擬參選人紛紛懸掛看板，增加選民的印象。民進黨新竹市北區議員年底預計提名3席，有現任市議員楊玲宜和林士凱、戴振博及曾國維等4人有意願參選，據了解，綠營北區議員提名預計4月辦理初選民調，隨著初選將至，參選人之一戴振博今天（20日）發現，其位在鐵道路2段的宣傳看板遭人惡意破壞，繼先前同址帆布被割破，今天再發現看板人像臉部被噴吐檳榔汁，威脅針對性強烈。戴振博嚴厲譴責此行為，強調文明社會不容卑劣手段，已向警方報案。戴振博說，農曆過年期間本應是闔家團圓、祥和之時，卻發生有心人士刻意針對他的看板進行侮辱性的破壞。從早前的割破帆布到今天的檳榔汁攻擊，明顯是針對性的惡意行為。他發現後，已立即向竹市警方報案，並完成相關蒐證，後續將由竹市警察局依法查緝，追究肇事者責任。請繼續往下閱讀...去年擔任新竹雙罷領銜人，且是立院總召柯建銘助理的戴振博了解他的身分可能會受到對手刻意攻擊，但他認為，若對其政治立場有不同看法，歡迎大家理性討論。但也強調，健康的民主選舉應比拚政見與服務，而非測試法律底線，希望各界共同守護竹市優質的民主選舉風氣。民進黨新竹市北區議員參選人戴振博的看板遭吐檳榔汁惡意破壞，且不是第一次，他表示已報警處理。（記者洪美秀攝）    ,https://news.ltn.com.tw/news/politics/breakingnews/5346816
慘！彰化人分享黃國昌行程喻「送肉粽」 網笑：中部人才懂,政治,2026/02/20 16:29,網友將黃國昌行程比做「送肉粽路線」。（取自Threads）民眾黨主席黃國昌大年初四南下彰化走春，有彰化網友分享民眾黨彰化縣黨部公布的黃國昌行程表，並呼籲鄉親「請避開以上時段及地點，以免被沖煞到」。粉專「Mr.柯學先生」分享相關訊息直呼︰「只有中部人才懂」，不少網友也笑翻，表示：「生人勿近」、「真的很像」。「Mr.柯學先生」今日在粉專分享表示，有彰化人直接把黃國昌彰化行程比喻成「送肉粽路線」，他直呼：「我快笑死！只有中部人才懂。」貼文下方網友紛紛表示：「好好笑，生人迴避」、「一路到海邊丟了」、「拍咪阿無誤」、「真的只有中部聽的懂的」、「黃國昌行程=送粽路線沒錯」；還有彰化網友表示：「早早就避開了！大過年不要遇到拍咪啊」、「有夠恐怖，晚點要避開不去了」。請繼續往下閱讀...據悉，「送肉粽」是台灣彰化沿海地區盛行的一種極具神秘色彩的喪葬習俗，核心目的是透過法會，將亡者所遺留下的「煞氣」沿著路線送往海邊火化，藉此確保地方平安、鄰里不會受到驚擾。儀式前，家屬會提前公布路線圖。當晚，沿途民宅會關門窗、貼上符咒，街道也會暫時淨空。地方流傳若在路上撞見隊伍，千萬不能好奇圍觀。若不小心迎面遇上，建議跟隨隊伍走一段路，再到廟宇尋求法師協助避邪。黃國昌的彰化行程並不順遂，他今日前往彰化縣二林仁和宮參拜，並在二林第一公有市場掃街，結果又遭民眾嗆聲。有工作人員直接拿糖塞往嗆聲民眾的嘴巴，馬上被他一掌拍飛，引發衝突。    ,https://news.ltn.com.tw/news/politics/breakingnews/5346774
中國男菲律賓分屍竟假冒台人！ 周軒轟：醜化台灣的全球「超限戰」,政治,2026/02/20 16:14,台灣護照示意圖。（資料照）菲律賓馬尼拉華人區近日驚傳分屍命案，警方逮捕1名持有台灣護照的黃衣男子，引發當地媒體報導「台灣人涉案」。我國刑事局駐菲聯絡官與駐菲代表處查證後確認，該名兇嫌實為中國籍人士，其持有的台灣護照係透過網路購買的偽造文件。政治工作者周軒對此痛批，這是中國在全世界醜化台灣的「超限戰」行為。周軒今天（20日）在臉書發文表示，日前曾分享過關於中國籍配偶與台灣人、中國犯罪集團在台灣收購台灣護照後，轉賣牟利的新聞。如今另外一種犯罪手法出現，中國人在國外殺人後，拿出1本在網路上買到的「假造」台灣護照，說自己是「台灣人」。請繼續往下閱讀...他進一步指出，本月15日馬尼拉華人區有民眾發現1只藏有分屍遺骸的藍色塑膠桶，震驚全菲。菲律賓警方先是逮捕1名涉嫌協助運屍的華人，19日再拘捕1名主嫌，因其持有偽造的中華民國護照且自稱台灣人，導致菲媒第一時間刊登錯誤訊息。駐菲律賓代表處隨即發布聲明澄清，經面談查證，該名嫌犯不僅無法提供有效身分證字號，更坦承自己來自中國，供稱護照是在Telegram上非法購得，證實其台灣身分屬於冒用。該偽造護照上不僅有明顯竄改痕跡，英文姓名拼音還採取中國漢語拼音。周軒不禁痛批，「這真的太無恥了」。中國人整天說台灣是中國的一部分，結果在國外犯罪的時候居然還會知道，去買1本假台灣護照說自己是台灣人？諸如此類的事情，都是中國刻意在全世界醜化台灣的「超限戰」行為。最後他也呼籲，台灣的護照世界好用，千萬不要貪圖小錢把自己的護照拿去賣，任何要你提供護照資料的要求也都要小心再三，面對中國這種無恥至極的國家，台灣人真的沒有隨便的本錢。    ,https://news.ltn.com.tw/news/politics/breakingnews/5346745
卓榮泰大年初四偕陳品安發福袋 允打造苗栗成觀光大縣,政治,2026/02/20 15:55,卓榮泰大年初四偕同陳品安發福袋，允打造苗栗成觀光大縣。（記者蔡政珉攝）行政院長卓榮泰於今日大年初四展開「迎財神」祈福行程，卓榮泰抵達苗栗後分別在卓蘭鎮峨崙廟、三義鄉天后宮偕同民進黨提名的苗栗縣長參選人陳品安發放總統福袋，卓榮泰也表示，將會打造苗栗為觀光大縣。卓榮泰中午抵達峨崙廟後，他致詞時強調「有回家的感覺」，他強調卓蘭為水果重鎮，為台灣柑橘、葡萄、楊桃與水梨的盛產地，且他前往參觀卓蘭觀光農村，感受到皆具特色值得多住幾晚品味，享受苗栗各個地方的人文色彩。卓榮泰也說，傳統農業要升級為智慧的農業，苗栗縣莊園有特色，還要把農業加上藝術、讓藝術感染農業。請繼續往下閱讀...卓榮泰轉往三義天后宮時說，到天后宮有3個目標，第一個是與大家一起迎財神，祝家家戶戶大賺錢、大大小小多平安健康；第二個則是祈求天上聖母庇佑大家像過去一年，致力國家的經濟發展，卓榮泰說，去年經濟成長率達到8.63%，是15年來最高，感謝大家的努力；第三個目的則是總統賴清德特別指派他與陳品安議員替總統發放福袋，祝福大家、也分享喜氣。卓榮泰也提到，透過陳品安極力爭取，衛福部立苗栗醫院急重症大樓21億預算由中央全額負擔，在均衡台灣面向下，苗栗縣有所不足就用最快的速度補齊；卓榮泰也說，已編列12億浪漫台3線以及客庄的創新計畫已經分配，希望苗栗不僅是農業的大縣、水果的故鄉，也能成為觀光大縣。卓榮泰大年初四偕同陳品安發福袋，允打造苗栗成觀光大縣。（記者蔡政珉攝）卓榮泰大年初四偕同陳品安發福袋，允打造苗栗成觀光大縣。（記者蔡政珉攝）    ,https://news.ltn.com.tw/news/politics/breakingnews/5346760
賴清德「路過」派出所拜年、當面給紅包 民眾呼「我要出運了」,政治,2026/02/20 15:50,總統賴清德（中）到龍井永順宮發放福袋。（資料照）「我要出運了！」總統賴清德大年初三到台中發紅包，中午「路過」水湳派出所，待了10多分鐘向執勤員警拜年，賴清德走出門外親手發紅包給陳姓民眾，民眾高喊要出運了，要整年把紅包放在辦公桌前。賴清德初三上午到龍井永順宮參拜及發放福袋，途經水湳派出所，台中市警察局長吳敬田、台中市第五警分局長劉明興及水湳派出所長涂嘉佑等幹部全數到場，賴清德待了10多分鐘，當面向執勤員警拜年，慰問過年執勤辛勞，還要求特勤國安不能阻擋民眾。請繼續往下閱讀...「阿母，我要出運了」，陳姓民眾表示，19日大年初三中午12點許，意外在北屯區水湳派出所外，巧遇穿紅色帽Ｔ的賴清德，賴清德親自走到面前給紅包，隨扈特勤說「往前沒關係」，他接下紅包後，還跟警衛多要一個給媽媽，告訴陳媽說「福分大，要好好留著。」林姓市民說，特勤說「往前沒關係」，短短一句話，道盡身為民主國家人民的幸福。    ,https://news.ltn.com.tw/news/politics/breakingnews/5346754
南投拜票突遇昏迷翁 温世政秒變「温醫師」急救搶命,政治,2026/02/20 15:36,民進黨南投縣長參選人牙醫温世政（右 ），在草屯拜票突遇昏迷老翁（左 ），立即變身「温醫師」協助安置與檢傷包紮傷口。（圖由温世政團隊提供）民進黨南投縣長參選人牙醫温世政，今到草屯鎮敦和宮拜票時，剛好碰到1名老翁昏倒失去意識，温世政當下立即變身「温醫師」，將老翁移往陰涼處，持續呼喊老翁，並幫其受傷的手腳包紮，所幸後來恢復意識，由救護車送往醫院治療。温世政表示，今天大年初四，草屯天氣炎熱，近午在敦和宮參香拜票時，突然遇到1名長輩因天氣炎熱，導致體力不支、暈眩跌倒，身為醫師的他第一時間上前協助安置，並初步檢查情況，幸好後來有恢復意識，也把跌倒受傷的部位進行包紮，最後送往草屯佑民醫院治療。請繼續往下閱讀...温世政說，老翁當時意識時睡時醒，還一直冒汗，研判是天氣太熱，身體流失過多水分，以致電解質失衡昏倒，他也提醒年長者，走春人潮眾多，應適時補水、保持體力，預防低血糖，則要在出門前記得進食，隨身也可備妥糖果，以免頭昏或身體不適。民進黨南投縣長參選人牙醫温世政（左二），拜票時協助昏迷老翁（左三）檢傷包紮，並順利送上救護車就醫。（圖由温世政團隊提供）    ,https://news.ltn.com.tw/news/politics/breakingnews/5346743
黃國昌掃街又被嗆！工作人員往嘴塞糖 被嗆聲民眾一掌拍飛,政治,2026/02/20 14:47,"民眾黨主席黃國昌到二林第一市場分送發財金。（記者劉曉欣攝）民眾黨主席黃國昌今天（20日）前往彰化縣二林仁和宮參拜，並在二林第一公有市場進行掃街，結果又遭民眾嗆聲。不同的是，今日有工作人員竟直接拿糖塞往嗆聲民眾的嘴巴，馬上被他一掌拍飛，影片曝光引起討論。黃國昌今日陪同民眾黨彰化縣議員參選人洪雅婷掃街，路上被1名騎乘機車的大哥嗆聲「臭俗辣」，民眾黨隨行幹部則是大喊「新年快樂」反擊。沒想到，扮演財神的1名女性工作人員，竟直接抄起糖果塞向大哥嘴裡。他憤怒地一掌拍飛後餘怒未消，還騎車上前和工作人員理論，質問「什麼意思？」並繼續對黃國昌大喊「臭俗辣！」請繼續往下閱讀...影片曝光後引發熱議，網友紛紛留言表示：「硬塞糖果到別人嘴裡也太不衛生了」、「沒有經過別人允許直接塞東西在別人的嘴，真的很沒有禮貌」、「塞人家嘴巴，被巴剛好」、「真的很沒水準」。醫師蔡依澄表示，工作人員拿沒拆包裝的糖，直接往民眾嘴裡塞，「柯黨」帶起的風潮是「有爭議也比沒新聞要好」。既然好好拜年無法上新聞，就跟選民多衝突。這種衝突法，對於一區選多人的複數選區制，如議員，很有用。極端行為，只要少數人喜歡，鐵票投出來，就有機會能當選。但他提出忠告，對於一區選一人的單一選區制，這將是災難，會永遠無法獲得最高票。「因為你很難是令人放心的那一個」。柯黨議員們樂於衝突搏版面，但如果真心想往立委、縣市長、總統邁進，這條路是走不遠的。    ",https://news.ltn.com.tw/news/politics/breakingnews/5346687
賴清德發布與夫人冷笑話影片 陳佩琪學講青娃蟾蜍結婚故事回擊,政治,2026/02/20 14:44,民眾黨創黨主席柯文哲與妻子陳佩琪。（資料照）民眾黨創黨主席柯文哲妻子陳佩琪近日連番批評，總統賴清德情人節貼出與愛犬「不尊重另一半」，引發關注。賴清德昨日發布與夫人吳玫如互動的「冷笑話」影片，陳佩琪今（20日）再度發文，除了學講冷笑話回擊，更揭露柯文哲因涉京華城案遭羈押而錯過父親最後一面的悲痛內幕，強調「此恨永無絕期」。賴清德昨（19）天在社群平台發布賀歲冷笑話，影片開頭他自誇為「冷笑話高手」，未料隨即被剪入「第一夫人」吳玫如昔日吐槽他「10個笑話大概只有2個好笑」的訪談影片，反差互動引發網友熱烈討論。請繼續往下閱讀...陳佩琪今（20）日在臉書發文表示，冷笑話可以維繫夫妻感情，隨即自編一段「青蛙整形變公主」冷笑話：「帥哥美女兩隻青蛙結婚了，不久喜得後代，但青蛙爸爸甚不開心，心想我這麼帥，卻怎麼生出隻醜不拉搭的蟾蜍妹妹來（抱歉用蟾蜍不用癩蝦蟆，免得人家又說我影射誰誰誰的），青蛙媽媽當然否認外遇，只好很不好意思地承認她小時候就是隻蟾蜍啊，只是為釣到帥青蛙老公，整形整成變成青蛙公主啦…」此外，陳佩琪也調侃柯文哲因怕「沒早餐吃」而不敢批評太太是越來越上道。隨後她話鋒一轉，回憶柯文哲在台北看守所期間，因所方稱「消息來源不確定」而延遲一天告知父喪，讓柯聞訊當場愣住良久。針對告別式細節，陳佩琪控訴，家祭當天柯文哲因交通因素遲到，且北所態度強硬，不僅禁止柯參加公祭，甚至不准他陪父親走最後一程去羽化。她表示當時曾苦求所方，即便將柯鎖在後台鐵欄杆都願意配合，仍遭拒絕，讓她質疑：「是考慮到途中小草會劫囚嗎？」陳佩琪透露，柯文哲獲釋回家後，至今仍反覆詢問她：「爸爸臨終前有沒有在找我？有沒有留言給我？」她感嘆柯父終究沒能等到兒子回家，這段經歷成為柯文哲心中揮之不去的痛。她強調，大眾看過這些內容後，或許就能理解她所謂「此仇不共戴天、此恨永無絕期」背後的沉重。賴清德傳授過年親戚「破冰絕招」 遭第一夫人無情吐槽怒控柯文哲「像賤狗般被拖行」！陳佩琪再轟賴清德：此仇永不共戴天    ,https://news.ltn.com.tw/news/politics/breakingnews/5346696
下面一位！柯文哲發紅包頻揮手趕人 網友抓包「不耐煩」狂酸,政治,2026/02/20 14:39,民眾黨創黨主席柯文哲在龍山寺發福袋，二度揮手示意民眾趕快往前，被網友質疑是不耐煩、在趕人。（擷取自Threads）民眾黨創黨主席柯文哲昨日與現任黨主席黃國昌前往龍山寺參拜，並發送發財金與民眾互動。然而，活動期間卻發生插曲，除了有路過民眾大罵「臭俗辣」，更有網友捕捉到柯文哲在發送發財金時疑似露出「不耐煩」神情，頻頻揮手示意民眾趕快離開，畫面曝光後在社群平台引發熱烈討論。柯文哲與黃國昌昨（19）日造訪龍山寺拜廟，現場有不少支持者高喊「加油」、「黃國昌市長」，氣氛一度熱絡。隨後，一名阿伯路過接著大喊「臭俗辣」，隨行工作人員便以高分貝的「新年快樂」試圖蓋過。請繼續往下閱讀...與此同時有網友發現，柯文哲在發送發財金給領取民眾時，面對熱情粉絲搭話，卻顯得神情焦躁，且不斷揮手催促對方往前走。相較於身旁始終維持笑容的黃國昌與吳怡萱，柯文哲的態度被網友質疑「不耐煩」，認為這與親民形象大相徑庭。畫面曝光後迅速在社群平台瘋傳，不少網友開酸，「看他一直揮手叫拿了紅包的人快滾的樣子，真的很醜惡」、「超沒禮貌，揮手叫人家趕快走」、「阿北叫你可以滾了還這麼多話」、「阿北可以去指揮交通，什麼都想指揮」、「兩個還沒對年的再發啥紅包啊，搞沒搞錯」、「不怕倒楣嗎？跟戴腳鐐的人要紅包」。     在 Threads 查看    ,https://news.ltn.com.tw/news/politics/breakingnews/5346655
1992年來首見！美對台進口超越中國 汪浩：AI浪潮的歷史拐點,政治,2026/02/20 14:37,美國從台灣的進口金額超過中國。（圖擷自汪浩臉書）汪浩在臉書PO圖表示，1992年以來首見，美國自台灣直接進口金額正式超越中國，他認為，這不只是統計數字的翻轉，而是供應鏈重組與AI浪潮交織下的歷史拐點。同時汪浩也提醒，2026年的灰犀牛來自台灣內部。汪浩今（20日）在臉書PO圖表示，1992年以來首見，美國自台灣直接進口金額正式超越中國。這不只是統計數字的翻轉，而是供應鏈重組與AI浪潮交織下的歷史拐點。美中貿易戰削弱雙邊往來，AI基礎建設需求卻推升台灣半導體與ICT出口，美國對台依賴度大幅提升。台美完成對等關稅協議後，關稅不疊加、關鍵項目豁免，平均稅率明顯下降到12%，競爭力全面強化。請繼續往下閱讀...汪浩認為，在此動能下，主計總處將2026年經濟成長率上修至7.71%，出口成長預估逾2成，外資同步調升評等。全年經濟規模挑戰1兆美元，財政負債比降至約24%，成長紅利開始反映在稅收與產業升級。這是結構性升級，不是短期煙火。不過汪浩也示警，2026年的灰犀牛來自台灣內部。若藍白在立法院否決台美協議或卡關國防特別預算，將動搖市場信心，衝擊股市與出口前景，讓國際投資人質疑台灣戰略穩定。當世界正在重排供應鏈座標，台灣好不容易站上關鍵位置，最怕的不是外敵，而是自廢武功。    ,https://news.ltn.com.tw/news/politics/breakingnews/5346701
基隆七堵媽初四迎神 議長、副市長攜手發開運紅包吸人潮,政治,2026/02/20 13:49,幸運的小男孩剛好是第一百位領取開運金幣者，成功獲得廟方加碼的貔貅錢母，並與副市長邱佩琳合影。（記者吳昇儒攝）農曆春節期間適逢大年初四迎神日，基隆「七堵媽」慶濟宮舉行迎神活動，找來財神爺及舞獅團助陣，更邀請議長童子瑋、副議長楊秀玉、副市長邱佩琳出席活動。現場除了議會及市府發放的馬年開運金之外，廟方也準備開運金幣與限量版黃金貔貅，讓幸運民眾抽獎。慶濟宮表示，初四迎神日參與活動別具意義，且除了廟方準備的1千個發財金錢母與市民結緣外，另第50、100位另加贈貔貅錢母一尊，象徵招財納福、財源廣進，其他民眾也能參加抽獎，共準備10座貔貅錢母。廟方人員更開玩笑地說，拿到貔貅錢母連老公的私房錢都能「咬出來」。請繼續往下閱讀...基隆市議長童子瑋則帶領團隊，一同前往現場，發放議會的開運紅包，就連抱在手上的小妹妹也伸手，想要領取一份。基隆市副市長邱佩琳表示，今日代表市長謝國樑參加迎神及接財神賜福活動，也在現場發放「Horse發生」紅包與市民共迎馬年好運；迎神儀式不僅是傳統年俗的重要時刻，更是凝聚地方情感、彼此祝福的節點，盼為市民在新的一年帶來好運與希望。基隆市副議長楊秀玉到場後，親切的與民眾揮手致意，更是一一與排隊民眾打招呼寒暄，表現出親民的一面。此次排隊的民眾非常幸運，不只能拿到慶濟宮的開運金幣與參與貔貅錢母抽獎，更能一次蒐集到市府與議會的開運紅包。小妹妹伸手跟議長童子瑋拿議會開運紅包。（記者吳昇儒攝）基隆七堵媽慶濟宮舉行迎神活動，找來財神爺及舞獅團助陣（記者吳昇儒攝）基隆七堵媽慶濟宮舉行迎神活動，找來財神爺及舞獅團助陣（記者吳昇儒攝）基隆七堵媽慶濟宮舉行迎神活動，找來財神爺及舞獅團助陣。（記者吳昇儒攝）    ,https://news.ltn.com.tw/news/politics/breakingnews/5346676
初四連趕7場廟宇發紅包 陳其邁展現高人氣,政治,2026/02/20 13:46,陳其邁（中）、賴瑞隆（中右）在草衙朝陽寺參香，並擺出超人力霸王手勢。（高市府提供）今（20）日大年初四迎財神，高雄市長陳其邁持續走春參香行程，一天連趕7場，陸續走訪前鎮、小港、林園、大寮、大樹、仁武及鳥松區的廟宇，不少民眾搶著與他合影，陳其邁強調，高雄已展現城市經濟轉型與科技發展的豐碩成果，將持續為市民福祉打拚。陳其邁從大年初一起，連續四天進行走春參香行程，今天上午分別前往前鎮草衙朝陽寺、小港鳳儀宮、林園清水寺，下午預計再走訪大寮朝中宮、大樹九曲堂北極殿、仁武福清宮、鳥松琅環宮，現場發送高雄「超人精神一馬當先」開運小紅包，向市民拜年。請繼續往下閱讀...陳其邁在朝陽寺致詞時指出，前鎮區已從傳統重工業與拆船業，成功轉型為高科技AI產業重鎮。市府於亞洲新灣區投入逾200億元總預算，推動軟體園區二期建設，不僅吸引輝達（NVIDIA）Taipei-1算力中心進駐，更匯聚IBM、鴻海等國際企業，結合台積電落腳高雄，展現城市經濟轉型與科技發展的豐碩成果，這也是全體市民與市府共同努力的成就。陳其邁強調，在推動產業升級同時，市府也全力建構完善交通與文化建設，克服困難達成輕軌成圓目標，如今搭乘人次大幅成長；同時，捷運黃線已正式動工，紅線更持續延伸至林園。此外，市府積極向中央爭取小港外海南星計畫，結合高雄國際機場、先進的第二貨櫃中心及亞灣高科技中心，打造具備海空雙港優勢的國際級樞紐。立委賴瑞隆今天也陪同陳其邁參香，陳其邁說，市政建設的進步需要一棒接一棒延續，這是全體市民的共同期待，由衷感謝鄉親5年來對市府團隊的堅定支持，他並祝福市民在馬年成功順遂、馬上幸福、馬上賺錢，新年平安如意。陳其邁發送高雄「超人精神一馬當先」開運小紅包。（高市府提供）陳其邁展現高人氣，市民搶著與他合影。（高市府提供）    ,https://news.ltn.com.tw/news/politics/breakingnews/5346677
黃國昌彰化掃街 有贊聲也有嗆「滾蛋、臭俗辣」,政治,2026/02/20 13:31,民眾黨主席黃國昌到二林第一市場分送發財金。（記者劉曉欣攝）民眾黨主席黃國昌今天（20日）前往二林仁和宮參拜，並到二林第一公有市場進行掃街發送發財金，有支持者大喊「黃市長」，也有路過的民眾怒吼「滾蛋」，機車騎士喊出「臭俗辣」，引來工作人員拿出糖果試圖要塞住嘴，讓騎士更加不滿，騎車離去前大喊「臭俗辣，再見」！黃國昌今天從上午9時許到下午6點都在彰化縣進行走春，共安排二林鎮、員林市、和美鎮與彰化市共8個點進行掃街參訪，分別為二林第一市場、二林仁和宮、員林福寧宮、員林光明街、和美街長宿舍、彰化南瑤宮、彰化開化寺，以及彰化市民族路的春節市集。請繼續往下閱讀...黃國昌今天到二林第一市場進行掃街，有民眾拿手機開直播，當場要簽名。但也有來市場採買的民眾，不滿的大吼「滾蛋」。有位機車騎士路過開轟「臭俗辣」，隨後又騎回來再補一句「臭俗辣」，引來陪同黃國昌掃街分送糖果的工作人員，則隨手拿出糖果要試著塞住騎士的嘴，讓騎士大罵「用東西塞住」，在離去前丟下「臭俗辣，再見」。由於黃國昌今天下午將走訪彰化南瑤宮、彰化開化寺與春節市集，身為南瑤宮管理人的彰化市長林世賢表示，他沒有收到邀請，也沒有被告知到訪的訊息，他今天下午先是陪同民進黨彰化縣長參選人、立委陳素月在花壇文德宮發放福袋，接著到春節市集進行「市長蔥油餅」愛心義賣， 如果碰到黃國昌到市集，會請他吃「市長蔥油餅」。民眾黨主席黃國昌到二林第一市場分送發財金。（記者劉曉欣攝）    ,https://news.ltn.com.tw/news/politics/breakingnews/5346663
「府院三大咖」都來輔選 何欣純嗨喊：跟威廉總統撞衫囉,政治,2026/02/20 13:28,總統賴清德、副總統蕭美琴及行政院長卓榮泰，接連輔選民進黨台中市長參選人何欣純（見圖）。（圖由讀者提供）行政院長卓榮泰於大年初四，由民進黨台中市長參選人、立委何欣純陪同，到豐原武德宮發放總統福袋，繼大年初一、副總統蕭美琴及大年初三總統賴清德後，「府院三大咖」接連拉抬何欣純選情，何欣純嗨翻喊道：「我跟賴清德威廉總統……撞衫囉。」卓榮泰今天（20日）在豐原武德宮輔選何欣純，卓榮泰說，他與何欣純站在一起，加起來就是「國泰民安，欣欣向榮」，何欣純帶著地方建設，中央地方連成一條心，大家共同為過去的努力延續，今年一定要比去年更認真、用功、努力，把台灣再往上升一級。請繼續往下閱讀...馬年春節期間，「府院三大咖」接連輔選何欣純，大年初一由副總統蕭美琴打頭陣，先到霧峰南天宮祝福欣欣向榮，總統賴清德於大年初三到龍井永順宮及北區元保宮參香，和何欣純都穿紅色限量Team Taiwan帽Ｔ，兩人稱「一欣一德」向選民拜年尋求支持。何欣純說，很榮幸仍跟賴清德威廉總統「撞衫囉」，「一欣一德」要在台中Team Taiwan 挺台灣，而由行政院長卓榮泰領導團隊順利完成台美貿易談判，讓台中工具機等產業轉型升級，台中大甲鎮瀾宮也抽出「中上」國運籤，產業將會越來越好。行政院長卓榮泰（左2）說，與何欣純站在一起就是「國泰民安，欣欣向榮」。（記者黃旭磊攝）    ,https://news.ltn.com.tw/news/politics/breakingnews/5346660
盧秀燕「馬上有錢」春聯張貼成效差？ 傳要求里鄰長拚KPI發放,政治,2026/02/20 12:49,台中市廣發盧秀燕落款「馬上有錢」春聯。（市府提供）台中市府推出市長盧秀燕落款「馬上有錢」春聯，里鄰長line群組等系統群組，在春節期間傳出張貼情形不佳，要求「確認發放狀況」，民進黨台中市議員施志昌、江肇國砲轟，盧秀燕只在意「政治門面」，把鄰長當成KPI（關鍵績效指標）打手，簡直是本末倒置，鄰長更直言，發送馬上「發」錢春聯就有人貼了啦。台中市府在馬年春節前大量發送「馬上有錢」春聯，鄰里長群組流出對話截圖顯示，「馬上有錢」春聯張貼情形不佳，要求鄰長確認有無確實發放，並督促加強張貼，此舉引起基層強烈不滿，鄰長抱怨，市府做不好沒人要貼，更有鄰長直言，市長不普發現金，所以市民不會「馬上有錢」，成效不彰怪基層。請繼續往下閱讀...台中市今年由市府耗資超過648萬元，責成各局處及區公所共印製131萬多張春聯，江肇國痛批說，台中有117萬家戶，各公所需印製117萬張春聯，請問是沒有家戶貼盧秀燕春聯，就叫做張貼情形不佳嗎？真是拿市民的錢在做個人行銷。台中市議員施志昌說，盧秀燕執政「口號政治」屢見不鮮，春聯取名「馬上有錢」，春聯張貼與否應尊重民眾意願，市府卻因「面子掛不住」就施壓，拼KPI要求基層鄰長承擔督導責任，不僅增加基層負擔，更是對鄰長服務熱誠羞辱。里鄰長line群組要求確認春聯發放狀況。（台中市議員施志昌提供）    ,https://news.ltn.com.tw/news/politics/breakingnews/5346575
蘇巧慧年節勤跑宮廟 發表第二支政績影片與奧運金牌林郁婷合體,政治,2026/02/20 12:05,民進黨新北市長參選人蘇巧慧（中）走訪中和區宮廟參香祈福。（記者翁聿煌攝）民進黨新北市長提名參選人蘇巧慧20日赴中和福祥宮、和美宮參香祈福，她表示自己從大年初一到初四，每天都在各地的宮廟和大家說新年快樂，希望用這樣的態度，讓大家看到團隊的活力，「把長跑當作短跑衝刺」、「用全心全意愛新北」這樣的態度，贏得更多市民肯定。蘇巧慧競選團隊19日公佈第二支政績影片，講述到和奧運金牌林郁婷的相識的過程，蘇巧慧表示，林郁婷是她在選區認識的學生運動選手，當時她還不是奧運金牌，但是她看到像林郁婷這麼努力的選手，在從事拳擊這一項當時比較冷門的運動，中間有遇到比賽狀況、還有訓練器材不足等等，團隊都一一的和教練、和學校一起來解決。請繼續往下閱讀...蘇巧慧說，影片透過林郁婷成長的過程，看到培養一個競技選手的不容易，所以後來她花很大的力氣協助各個學校，把訓練設備都能夠添購完成，而且不只是拳擊，甚至是棒球、射箭、田徑、籃球等等，所以大家都說蘇巧慧是最重視學校設備、學校教育的立法委員，未來不只是拳擊，不只是運動，團隊還會推出各項政見，協助各種產業、各種人才都能夠在新北市落地生根，有好的發展。媒體也詢問蘇巧慧，民眾黨李貞秀陷入國籍爭議，結果她還接受前央視的記者王志安採訪，那她在採訪裡面就說「絕對不會退，因為退了陸配就沒有政治前途、永無出頭之日」，問蘇巧慧怎麼看？蘇巧慧表示，台灣是一個主權獨立、民主自由的國家，也是一個法治國家，法律問題就交給法律來明確解決。民進黨新北市長參選人蘇巧慧（中）走訪中和區宮廟參香祈福， 向民眾拜年。（記者翁聿煌攝）    ,https://news.ltn.com.tw/news/politics/breakingnews/5346595
潘孟安回屏東育幼院發乖乖、福袋 院童簇擁「縣長阿伯」暖翻,政治,2026/02/20 12:00,總統府秘書長回到屏東，特別前往精忠育幼院探視院生，院童們熱情地簇擁而上，大喊「縣長阿伯新年快樂！」（總統府提供）農曆春節期間，總統府秘書長潘孟安回到家鄉屏東，特別前往南州鄉的精忠育幼院探視院生，儘管潘已卸下縣長職務在中央任職，一走進院區，院童們依然熱情地簇擁而上，大喊「縣長阿伯新年快樂！」展現潘孟安長期扎根、與孩子們建立的深厚情感，潘也帶來總統府特製版「乖乖」與賀歲福袋，洋溢溫馨年味。探訪過程中，一名小朋友興奮地向分享自己已經學會九九乘法表，潘孟安也立刻化身「阿伯考官」當場出題，或許是面對秘書長太過緊張，小朋友一時「卡關」答不出來，一旁的小同學見狀頻頻小聲「打Pass」解圍，逗趣的互動場面讓現場笑聲不斷。請繼續往下閱讀...潘孟安也遇上利用假期在院內義務輔導課程的大學生，他對年輕學子投入社會公益的熱忱表示感佩，親切應邀合照之餘，也大讚這份來自基層的共好力量，正是台灣社會最美的風景。事實上，潘孟安與精忠育幼院已有多年緣分，早期育幼院環境艱辛，不僅校舍漏水嚴重，連安裝冷氣的經費都捉襟見肘，潘孟安從擔任立委到縣長期間，便始終放不下這群孩子。他感性表示，個人的力量雖然有限，支持的經費可能不夠多，但透過奔走協調、匯集社會各界的愛心與資源，才逐步將當年破舊的環境，改造為如今溫馨舒適的家。即便現在身在台北，潘孟安每每回到家鄉屏東，總會習慣性地「順路」去看看這群孩子，他不僅曾捐出個人薪資，至今仍維持定期定額捐款，並笑稱自己是精忠育幼院的「終生志工」。潘說，他守護孩子平安長大的心永遠不變，也呼籲各界持續關注弱勢兒少，讓溫暖在南國陽光下持續傳遞。總統府秘書長回到屏東，特別前往精忠育幼院探視院生，院童們熱情地簇擁而上，大喊「縣長阿伯新年快樂！」（總統府提供）    ,https://news.ltn.com.tw/news/politics/breakingnews/5342994
自由說新聞》中配統戰紀錄片騙局曝光！反共網紅嗆對岸「糞坑」一般的國家：來台卻說遭迫害？,政治,2026/02/20 11:26,全新的視界！新聞話題不漏接，快訂閱YouTube 【自由追新聞】，記得開啟小鈴鐺哦！    ,https://news.ltn.com.tw/news/politics/breakingnews/5346574
柯文哲宜蘭拜廟輔選民眾黨縣長參選人陳琬惠 聚焦經濟政見,政治,2026/02/20 11:18,台灣民眾黨創黨主席柯文哲（中）今天到宜蘭縣南方澳南天宮參拜祈福。（記者江志雄攝）台灣民眾黨創黨主席柯文哲今天（20日）到宜蘭縣廟宇參拜祈福，並造訪地方產業界人士，聚焦經濟議題，為民眾黨宜蘭縣長參選人陳琬惠造勢輔選。柯文哲一行人首站抵達南方澳南天宮，向媽祖參拜之後，發放「發財金」給參香信眾，並與支持者合影，因適逢春節連假，南方澳南天宮香客絡繹不絕。請繼續往下閱讀...柯文哲受訪時說，此行來為陳琬惠加油打氣，順道檢視競選團隊有沒有哪些問題，也拜訪產業界大老，作一些連結，「了解他們在產業方面遇到什麼困難，我們要怎麼解決」。陳琬惠說，她的政見裡面，最重要還是經濟這一塊，因此安排地方產業大老拜訪行程，希望在產業發展上盡份心力，對於縣長參選人而言，首重政見跟牛肉，縣府應針對產業界需求制定政策提供協助。陳琬惠說，柯文哲擔任台北市長任內，為她上了很好的一堂課，即「要做人家需要的」，執行力還是最重要，利用春節連假了解宜蘭產業需求，感謝地方大老撥空會面，提出寶貴意見。柯文哲今天上午陸續走訪南方澳南天宮、南方澳進安宮、三星大隱昭靈宮，晚上6點半到頭城鎮吉祥路逛夜市。（14:49更新）（14:51更新）柯文哲（左2）偕同民眾黨宜蘭縣長參選人陳琬惠（右1）與支持者合影。（記者江志雄攝）    ,https://news.ltn.com.tw/news/politics/breakingnews/5346569
開箱「國寶」金門高粱 藍委合體秀調酒賀新春,政治,2026/02/20 11:15,"國民黨立委陳菁徽、陳玉珍、黃仁一起開箱被譽為「國寶」的金門高粱酒，並親自動手調酒，為年節增添新意。（圖由陳菁徽辦公室提供）☆飲酒過量 有害健康 禁止酒駕☆新年時節，國民黨立委陳菁徽、陳玉珍、黃仁一起開箱被譽為「國寶」的金門高粱酒，並分享不同的調酒，為年節增添新意，讓更多人看見金門高粱酒的多元可能與創意喝法。也提醒大家年節期間若與親友飲酒同歡，務必注意健康與安全，切勿過量飲酒及酒後駕駛。黃仁還加碼介紹阿美族情人袋的功用，女生被男生愛慕，就把檳榔放在情人袋，陳玉珍笑說，黃仁的情人袋很滿，收了一定不只一顆；結果黃仁是將手機放在情人袋裡，令人莞爾。請繼續往下閱讀...陳菁徽表示，為了替金門縣長候選人陳玉珍宣傳金門在地代表性產業，特別邀請對品酒相當有研究的黃仁委員一同參與，3人透過調酒的方式，嘗試開發金門高粱酒更多元、年輕化的飲酒方式。陳玉珍也表示，近年金門高粱已與各地酒吧合作，嘗試以高粱作為基酒推出各式調酒。在調酒環節中，陳菁徽介紹自己的高粱調酒是，將金門高粱與乳酸飲料以1比2的比例調配，讓高粱酒多了一分酸甜順口；黃仁則分享他的「秘密武器」，以烈酒搭配分解茶，中和酒精的刺激感，同時帶出淡淡茶香。陳玉珍也表示，立委不只要會按表決器，似乎也要「斜槓」會親手調酒。國民黨立委陳菁徽、陳玉珍、黃仁一起開箱被譽為「國寶」的金門高粱酒，並親自動手調酒，為年節增添新意。（圖由陳菁徽辦公室提供）☆飲酒過量 有害健康 禁止酒駕☆    ",https://news.ltn.com.tw/news/politics/breakingnews/5346560
綠營高市議員初選吹起「本人」風 吸引選民目光,政治,2026/02/20 11:09,簡煥宗（左）在路口拜票時，旁邊出現「本人」字樣的關東旗，一旁為尹立。（簡煥宗提供）民進黨高雄市議員初選，預計從3月2日起展開電話民調，現任議員與新人吹起一股「本人」風 ，在路口拜票時，旁邊紛紛出現「本人」字樣的關東旗，甚至還有「本人」的競選背帶，吸引選民目光、加深印象。民進黨高雄市長初選告一段落，確定由賴瑞隆出線之後，緊接著市議員初選即將登場，預計從3月2日起，展開電話民調。需要初選的選舉區域，求連任的現任議員跟新秀都早已開始在路口拜票，爭取選民支持。請繼續往下閱讀...旗鼓鹽選區爭取4連任的現任議員簡煥宗，在路口拜票時，旁邊出現「本人」字樣的關東旗，甚至還有「本人」的競選背帶；首次參選左楠區的罷韓4君子的尹立，則是戴著「本人」的髮箍；大岡山區邱志偉子弟兵蔡秉璁，是背著「本人」的小關東旗；而爭取連任的前鎮小港議員黃彥毓，跟簡煥宗一樣旁邊有「本人」的關東旗；不用初選的無黨籍議員張博洋，則是在外套加上「本人」兩個字。簡煥宗表示，追劇是他的舒壓方式，會用「本人」字樣的關東旗跟競選背帶，是受到日劇的影響，覺得應該會吸引選民目光。結果先吸引黃彥毓的目光，黃彥毓也跟著做「本人」的關東旗，他看到簡煥宗本人的關東旗，就覺得可以吸引選民注意，就跟著做了，效果不錯。戴著「本人」髮箍尹立表示，因為他兩個助理，一個快190公分，另外一個也是身材魁梧，選民常常看不到他本人，所以現在公開活動都會帶著「本人」的髮箍。第一次參選的蔡秉璁說，因為是新人，許多第一次見到的鄉親常常會問說「你是本人嗎？」所以作了這個旗子，背在背後讓選民增加印象。無黨籍議員張博洋解釋說，穿著印有本人的外套，是因為很多選民都把他認為是助理，所以外套上面加了「本人」兩個字。黃彥毓手持「本人」的關東旗。（黃彥毓提供）新人蔡秉璁「本人」。（記者葛祐豪翻攝）張博洋的外套加了「本人」兩個字。（張博洋提供）    ,https://news.ltn.com.tw/news/politics/breakingnews/5346559
化身一日外送員 藍委廖偉翔上線送餐,政治,2026/02/20 11:03,立委廖偉翔化身一日外送員上線送餐。（立委廖偉翔辦公室提供）立法院院會1月三讀通過「外送員權益保障及外送平台管理法」，明定外送平台業者給予外送員的每單基本報酬，換算時薪後不得低於最低工資時薪1.25倍，且不得低於45元，每年將隨最低工資時薪調升比率公告調整。新法自公布後6個月實施。國民黨立委廖偉翔為了更深入了解外送員的真實工作情況，化身「一日外送員」穿上裝備、騎上機車到第一線，從等餐、找路到與時間賽跑，全程親身體驗外送員的工作節奏與壓力。他表示，「看似只是騎車送餐，但實際做了才知道，每一單都不簡單。」請繼續往下閱讀...廖偉翔表示，外送員不僅要與時間賽跑，還必須面對複雜路況、等待取餐的不確定性，以及準時送達的壓力。他坦言，短短幾趟配送，就能感受到外送員長時間奔波的不容易，也讓人更深刻體會這份工作的價值。體驗過程中，廖偉翔也與外送員交流，了解第一線工作者對於收入穩定性、工作安全與制度保障的看法。他指出，外送產業已成為現代城市不可或缺的一部分，支撐著無數人的日常生活，但相關保障仍有精進空間，讓外送員在努力工作的同時，也能獲得更完善的保障。廖偉翔強調，外送員不只是「送餐的人」，更是撐起城市運轉的重要角色。他說，「每一份準時送達的餐點背後，都是與時間賽跑努力的成果」，希望外送專法上路後，讓每一位穿梭在城市中的外送員，都能在更安全、更有保障的環境安心工作。立委廖偉翔化身一日外送員上線送餐。（立委廖偉翔辦公室提供）    ,https://news.ltn.com.tw/news/politics/breakingnews/5346556
連續3年排隊領紅包排第一 侯粉一馬當先搶頭香,政治,2026/02/20 11:00,新北市長侯友宜（左）與每年排隊領紅包搶頭香的魏先生合影。（記者翁聿煌攝）20日是農曆大年初四，民間習俗的「接神日」，新北市長侯友宜前往土城五穀先帝廟、中和廣濟宮、福和宮及永和保福宮參香並發放福袋，在五穀先帝廟排隊等候市長發紅包的魏先生今年已經是連第5年領取，近3年更是起個大早排第一個搶頭香，他笑說，每年排第一領紅包福氣滿滿、平安順心。侯友宜第一站就到五穀先帝廟參拜，等在廣場領紅包的民眾已經站了一大排，第一個來的魏先生6點就到場等候，他表示自己家住在板橋，5年前在土城震安宮排隊等領市長紅包領出興趣，接著每年都先蒐集市長發紅包的地點時間資訊，包括今年在內，已連著3年排在第一名。請繼續往下閱讀...由於侯友宜今年即將卸任市長，看到又是排在第一名的魏先生，兩人開心握手，並且在他5年來蒐集的紅包手板上簽名合影留念。侯友宜表示，大年初四是迎接眾神回歸的重要日子，接神就有好運，開門就會見喜，就會豐衣足食、歲歲平安，走訪各地重要信仰中心，除向眾神祈福，也希望為城市迎來滿滿福氣，同時發放「馬上賺錢」福袋，祝福市民新年快樂、賺大錢。新北市民魏先生每年排隊領市長紅包，並製作手板做紀念。（記者翁聿煌攝）    ,https://news.ltn.com.tw/news/politics/breakingnews/5346554
最強代言人！蕭美琴低調現身愛店掃貨 貓貓帽、Taiwan衣超吸睛,政治,2026/02/20 11:00,有「戰貓」之稱的副總統蕭美琴，前往台灣本土服飾品牌「NET」挑選衣物，收穫到貓貓毛帽與可愛圖樣的襪子，為新年增添新氣象。（總統府提供）農曆春節不少民眾會添購新衣，副總統蕭美琴日前也到她最愛的台灣本土服飾品牌「NET」挑選衣物；蕭美琴頭戴鴨舌帽、口罩低調現身店內，精挑細選多款富有台灣元素的服飾與飾品，也收穫到可愛的貓貓毛帽、Taiwan衣，用行動支持國貨，也展現對台灣的熱愛。影片中，蕭美琴熟練地穿梭在琳瑯滿目的貨架間，且被多款印有「TAIWAN」字樣的衣物與配件吸引，不時拿起來仔細端詳，有「戰貓」之稱的蕭美琴也收穫到貓貓毛帽與可愛圖樣的襪子，為新年增添新氣象。請繼續往下閱讀...蕭美琴提醒大家，農曆新年期間聚會、出遊，都要注意自身安全與保暖，年節之際要開心，也要平安。蕭美琴此次現身NET，不僅讓本土品牌再次成為討論焦點，也傳遞了力挺在地企業的正面訊息。事實上，蕭美琴過去就曾透露，她穿該品牌的衣服20幾年，幾乎可以自稱「代言人」，尤其 Taiwan Formosa 系列，在美國服務期間帽子外套都有穿到，現在依然是我的最愛。」蕭美琴過去也曾在臉書多次提及該品牌，2019年選立委時要拍定裝照，她還特別到「NET」治裝一番。她2020年又提到，她發現最愛的本土服飾品牌NET，出了網路副牌「Nu V」，整套的TAIWAN運動衣很合她的口味，下次目標是環保袋，「如果他們不介意身材與年齡，我願意當代言人」。蕭美琴熟練地穿梭在琳瑯滿目的貨架間，且被多款印有「TAIWAN」字樣的衣物與配件吸引。（總統府提供）    ,https://news.ltn.com.tw/news/politics/breakingnews/5342788
挖掉賴蕭名字！阿北初一割毀服務處春聯 黃瓊慧公布畫面：已報警,政治,2026/02/20 10:47,桃園市議員黃瓊慧服務處張貼正副總統的春聯在大年初一被破壞。（擷取自黃瓊慧Threads）農曆春節期間，不少民眾會在家門口貼上春聯迎接新年喜氣，然而社群平台卻傳出春聯遭人破壞事件。民進黨桃園市議員黃瓊慧就公布監視器畫面指出，大年初一有男子持美工刀割毀其服務處門口張貼的總統府春聯，甚至挖掉總統賴清德與副總統蕭美琴姓名，強調已報警處理。黃瓊慧昨天（19日）在社群發文表示，17日早上7時多，服務處監視器拍到一名阿北將貼在門口的「七喜春來」春聯先割上2刀，隨後折返再對另一張春聯下手，並刻意挖掉總統賴清德與副總統蕭美琴的名字，她不禁痛批「真的很惡意」，並強調已向警方報案。請繼續往下閱讀...面對外界質疑是否自導自演，黃瓊慧則反駁「是腦洞多大才會說這種話？」並指出即便鄰居張貼桃園市長張善政的春聯「馬吉來」，也不可能動手破壞別人的春聯，「說我自導自演的人要不要出來道歉？」事件在社群引發討論，有網友比對其他案例指出，近期多起春聯遭割事件都集中在名字處，手法相似；也有人呼籲應依法究辦。另有人在網路上反映，自家或路邊張貼的總統府及前總統蔡英文春聯亦遭破壞。     在 Threads 查看民進黨桃園市議員黃瓊慧。（資料照）    ,https://news.ltn.com.tw/news/politics/breakingnews/5346523
大甲鎮瀾宮國運「撥亂反正」 卓榮泰：台灣不要亂、就不用「撥」,政治,2026/02/20 10:35,行政院長卓榮泰（中）在豐原武德宮說，神明的啟示，台灣不要亂，就不用「撥」，而且不要亂。（記者黃旭磊攝）台中大甲鎮瀾宮昨晚11點抽出「中上」國運籤，解籤人稱今年國運是撥亂反正，對此，行政院長卓榮泰今天上午由民進黨台中市長參選人、立委何欣純陪同，到豐原武德宮發放總統福袋，卓榮泰說，神明的啟示，台灣不要亂，就不用「撥」，而且不要亂。今天20日是馬年新春大年初四，卓榮泰上午9時半進入豐原武德宮參拜祈福，媒體提問大甲鎮瀾宮抽出國運中上籤，要「撥亂反正、求共識」，卓榮泰說，神明的啟示，接下來就是要國人來努力，他希望台灣不要亂，就不用「撥」，而且不要亂，就會非常的有秩序。請繼續往下閱讀...卓榮泰強調，新的一年，大家往好的方向想，往好的方向做，「我們也會往好的方向走」。卓榮泰說，今天大年初四是傳統拜財神補財庫大日子，要代替總統賴清德來發福袋給民眾，他與何欣純站再一起，加起來就是「國泰民安，欣欣向榮」，迎財神補財庫，台中本來就是很大的財庫，台灣傳統精密製造業就在台中。行政院長卓榮泰、民進黨台中市長參選人、何欣純彎身放總統福袋給幼童。（記者黃旭磊攝）    ,https://news.ltn.com.tw/news/politics/breakingnews/5346533
何時會與李四川合體？ 侯友宜回應了,政治,2026/02/20 10:30,新北市長侯友宜說，這段時間他跟李四川及團隊保持聯繫，雙方一定會並肩作戰。（記者翁聿煌攝）新北市長侯友宜20日前往土城五穀先帝廟參拜祈福，被問到何時會與台北市副市長李四川見面、合體，侯友宜回應，這段時間其實他跟李四川的團隊，包括李四川本人常常都有聯繫，雙方一定會一起並肩作戰，讓市政的接棒毫無縫隙，一定各個都是強棒。侯友宜新春馬不停蹄，連日前往新北市多處宮廟參香祈福，20日先後到土城五穀先帝廟、中和福和宮、永和保福宮參拜，外界關注2026年底的市長選舉，侯友宜被問到，今年底要大選，他可能在大選裡面扮演什麼角色，李四川過年期間有沒有跟侯友宜聯絡，侯友宜回應，現在最重要就是把市政的工作做好，就是對選民最好的交代以外，也就是讓新北市政順暢，未來就會贏得選民更多的支持，這段時間其實他跟李四川的團隊，包括李四川本人常常都有聯繫，大家一定會一起並肩作戰，讓市政的接棒毫無縫隙，一定各個都是強棒。請繼續往下閱讀...對於雙方合體規劃有無時間表？侯友宜表示，彼此每天都會常常來聯絡，面對市政如何把細節做到更到位，讓市民更有感，他會全力以赴。新北市長侯友宜（中）連日赴各大宫廟參香祈福。（記者翁聿煌攝）    ,https://news.ltn.com.tw/news/politics/breakingnews/5346534
爆高市向18名主要閣僚下「指示書」 矢板明夫曝對台灣意義重大,政治,2026/02/20 09:23,東京媒體圈近期流傳，高市首相已向18名主要閣僚下達一份「指示書」。圖為日本首相高市早苗去年曾以眾議員身分率團訪台，並在總統府會見賴清德總統。（資料照，總統府提供）日本首相高市早苗領導的自民黨，在2月8日眾議院提前選舉中獲得壓倒性的勝利。日本資深媒體人矢板明夫表示，東京媒體圈近期流傳，高市首相已向18名主要閣僚下達一份「指示書」，其中真正的焦點在防衛政策。他表示，雖然指示書沒有寫出「台灣」，但文件多次提到與「志同道合國家」深化安全合作，戰略指向非常清楚，對台灣而言，這份文件的意義十分明顯，「日本正從經濟大國轉向安全大國，這個轉變，將直接影響台海力量平衡」。矢板明夫昨（19）日深夜在臉書發文表示，這份「指示書」不只是施政綱領，更被視為高市政權第二階段的行動藍圖。其中真正的焦點，在防衛政策，文件中明確寫道，日本將在自主判斷下大幅強化防衛能力，並重建情報機能。短短幾句話，等於宣示日本要從「被動防守」走向「主動嚇阻」。而接受這項指示的，就是防衛大臣小泉進次郎。任務可以用一句話概括：讓自衛隊更強、更快、更敢動。請繼續往下閱讀...矢板明夫指出，文件要求強化海空領域的監控與應對與情報能力，指的正是東海與台海方向，也代表與美國的情報合作「在區域危機初期就提前介入」，意味著台海一旦升溫，日本馬上進入狀況。最重要的是，文件多次提到與「志同道合國家」深化安全合作。矢板明夫強調，在日本的安全語境中，這幾乎就是日美同盟加上澳洲與台灣的戰略網絡。雖然文件沒有寫出「台灣」，但戰略指向非常清楚。此外，文件也要求建立飛彈防禦與早期預警體系。北韓是表面理由，中國才是重點。對日本而言，飛彈威脅與台海風險早已連動。矢板明夫表示，對台灣而言，這份文件的意義十分明顯。日本的安全思維已從口號階段進入準備階段。「沒有公開承諾，但已開始布局」。他也說，「高市內閣2.0」展現了強大的決心：日本正從經濟大國轉向安全大國。這個轉變，將直接影響台海力量平衡，也意味著在未來區域安全格局中，日本的存在感會越來越強。    ,https://news.ltn.com.tw/news/politics/breakingnews/5346485
屏東市長周佳琪拚連任「一個人的武林」？ 綠營：絕不缺席,政治,2026/02/20 09:08,屏東市長將派誰參選，民進黨屏東縣黨部預計在5月份確定。（記者李立法攝）地方公職人員選舉年底登場，不少政壇新人及老將把握春節連假走入人群拉近與選民的距離，屏東縣首善之區屏東市長選情被形容是「一個人的武林」，除了強勢尋求連任的國民黨籍屏東市長周佳琪，目前枱面上都還看不到競爭對手，連假想敵都難以猜測，民進黨屏東縣黨部表示，屏東市長選戰民進黨絕不缺席，人選預計在5月份就會確定。屏東縣政治版塊雖長期處在綠大於藍的態勢，但擁有近20萬人口、有小縣長之稱的屏東市長寶座，綠營迄今都無法攻破藍營防線，宛如鐵板一塊，3年前從新園鄉空降屏東市首度代表國民黨參選市長的周佳琪，打敗二度代表民進黨參選市長的政壇老將李清聖，跌破許多人的眼鏡，周佳琪經過長時間的經營，基層實力更勝以往，尋求連任在藍營內無人能出其右，反觀民進黨內卻是一將難求，迄今無人表態願接受挑戰。請繼續往下閱讀...民進黨屏東縣黨部表示，黨內剛結束基層公職選舉登記作業，除了屏東市，無人登記的東港鎮及鹽埔鄉等重點鄉鎮也需要協調出最有戰力人選，黨內經過評估後都有了理想的人選，預計在5月份都會明朗，距離年底選舉時間還很充裕。    ,https://news.ltn.com.tw/news/politics/breakingnews/5346474
高雄市長選戰過年提前開打 賴瑞隆、柯志恩狂拜廟,政治,2026/02/20 08:28,賴瑞隆（紅衣）過年狂拜廟，緊跟陳其邁。（圖擷自賴瑞隆臉書）高雄市長選戰農曆春節提前開打，民進黨賴瑞隆初一到初三狂拜廟，跟隨市長陳其邁發送小紅包，3天跑了22場，今天（19日）初四預計再跑7場，簡直是鐵人行程；國民黨柯志恩不遑多讓，初一至初三跑了12場。賴瑞隆贏得民進黨高雄市長初選後，目前公開行程以緊跟市長陳其邁為主，爭取曝光度。新春期間，不少民眾會到廟裡參拜消災祈福，祈求好運與福氣，陳其邁每天也安排多場拜廟參香與發放小紅包行程，從南到北跑遍高雄各區，吸引大批民眾等候領取紅包，盼討個新春好彩頭，賴瑞隆除了每場都現身「跟好跟滿」外，更加碼安排拜廟行程。請繼續往下閱讀...據統計，賴瑞隆初一、初二各跑了8場拜廟參香活動，初三跑了6場 ，總計已跑了22場，今天（19日）初四預計再跑7場，期間並與總統賴清德、副總統蕭美琴同框，選民與他的互動熱絡。以昨天初三為例，賴瑞隆一早從北高雄海線出發，沿途走訪永安、茄萣、湖內和路竹。賴說，感受到大家的熱情，讓他整天都充滿動力，下午並在鳳山和蕭美琴副總統一起發送小紅包，蕭美琴以「高市瑞隆」勉勵他，他將會帶著這樣的期許，領高雄隊打出漂亮的全壘打。國民黨柯志恩也輸人不輸陣，初一安排了5場拜廟參香暨發送小紅包活動、初二4場、初三有3場；休息2天後，預計初六繼續拜廟。她表示，還有鄉親自備鳳梨送她，相當開心，特別感謝大家的熱情支持與祝福，讓新年一開始就獲得滿滿的鼓勵和感動。根據柯陣營的規劃，預計農曆年後，就會透過各宮廟的廟口開講 、議員及里長座談，陸續發表各類政見，闡述對大高雄的願景理想。柯志恩（右）過年到寺廟發小紅包，與民眾握手。（圖擷自柯志恩臉書）    ,https://news.ltn.com.tw/news/politics/breakingnews/5346451
爽約竟甩鍋給「阿拉」！駐外人員揭密各國「時間觀」差很大,政治,2026/02/20 08:10,國合會索馬利蘭醫療資訊管理效能提升計畫經理林秉正（左）。（林秉正提供）守時是基本的禮貌，對台灣人而言是日常，但在其他國家並不盡然。有些國家永遠不會和你約好特定的時間，也有些國家約會遲到1、2個小時是文化與社會默契。外交部職業外交官與政府開發援助（ODA）組織國合會職員派駐世界各地，對於各國的時間觀念差異更是深有體悟。目前在索馬利蘭擔任國合會計畫經理的林秉正指出，台灣人與人約會、約定會議通常會準時到，但在像索馬利蘭一樣的伊斯蘭教國家，你會很常聽到一句話「Inshallah」（若阿拉願意的話），代表對方屆時可能會出現、也可能爽約，要爽約前還會把「阿拉」搬出來當藉口，甩鍋給阿拉，聲稱「阿拉阻止我出門」、「阿拉要我在家陪母親」等。請繼續往下閱讀...林秉正也分享，在台灣若要會晤官員，通常會透過官員的秘書約好指定時間，當他有要事想去會晤索馬利蘭當地官員時，才發現索馬利蘭人是沒有「日程表」，即便是次長等級的官員也沒有！林秉正說，想要找到索馬利蘭的官員，只能當下打電話詢問秘書，「你的老闆在不在辦公室？」趁官員在辦公室的時候，跑去門口堵他；到了門口會發現，同時約有5、6個人都想堵人，都在辦公室門口等候。有趣的是，官員會先見誰，不是按照先來後到的順序，而是看官員與誰的關係比較好，愈不熟會愈難見到面，林秉正說，打好關係是在索馬利蘭行事相當重要的眉角，每天都要花很多時間交朋友，他也鼓勵團隊中的人做完工作後，就多出門與人聊天。曾於瓜地馬拉擔任國合會計畫經理的陳俊儒分享，他曾與鄰居一家約好在隔日的早上8點出發到湖邊戲水游泳，他還記得，當天8點想說鄰居怎麼都還沒出門，去敲了鄰居的房門，才發現鄰居一家都還在睡覺。陳俊儒笑說，他當時還被鄰居反問「你怎麼這麼早就來了？」他一臉疑惑地說，「不是說8點出發嗎？」鄰居一家聽到後哄堂大笑，開始慢慢起床、準備出門，還先慢悠悠地吃了早餐，最後大約10點、11點才出門。陳俊儒說，經過幾次類似事件後，他逐漸了解，對於瓜地馬拉人而言，只要不是正式會議，約定的時間就是開始準備的時間，約8點就是指8點開始準備就好。瓜地馬拉人「慢活」的個性，一開始會很難習慣，陳俊儒回憶，他第一次去瓜地馬拉是擔任外交替代役，剛抵任時，主管請他去找個電工來拉電話線，沒想到過了8、9個月，直到他快退伍時，電線才終於拉好；後續他在當地規劃計畫時，也謹記千萬不能按照台灣的工作節奏去抓時間，須把整體時間抓寬一些。除了中南美洲之外，紐西蘭也有另一種獨特的「慢活」。我國駐紐西蘭代表歐江安受訪指出，紐西蘭人秉持著事緩則圓的態度，認為唯有在安靜的環境才能仔細思考，做出既有美感又兼顧和諧的成果，與紐西蘭人溝通時，都需要給對方較多思考的時間，而紐西蘭人思考後也會給出完整且不會更動的答覆。歐江安說，她過往派駐紐約、在台北本部都習慣快節奏、追求時效的工作步調，來到紐西蘭後受到衝擊，逐漸學習「不是快速做完，而是寧靜地做好」，對她而言是很不一樣的功課。曾派駐友邦史瓦帝尼的外交部領務局文件證明組組長曾曉峯指出，對於史瓦帝尼的時間觀念，「只要習慣就好」，在史瓦帝尼和當地人約10點，他們通常10點半才會到，大家都知道對方會晚點到，所以在約時間時要特別約早一點，預留對方「晚點到」的緩衝時間。曾曉峯分享，有一次負責籌備活動，他在活動前一天下午特別到現場勘查施工進度，竟發現幾乎所有軟硬體設備都還沒準備好，但活動隔天上午9點就要開幕，讓他相當緊張地去詢問史瓦帝尼當地官員，當地官員卻語氣輕鬆地要他別擔心、「Don’t worry」。沒想到，等到隔天、活動當天早上7點半再來查看時，施工進度竟只花一個晚上就從0％飆到100％，全部趕工完畢。曾曉峯笑著說，從此之後，他知道了史瓦帝尼人不是不做事，而是會把每件事拖到截止日才做，這是他們的文化，如果你無法適應、個性很急，就會感到非常挫折。駐紐西蘭代表歐江安受訪分享，紐西蘭人秉持著事緩則圓的態度，認為唯有在安靜的環境才能仔細思考，做出既有美感又兼顧和諧的成果，讓她剛到紐西蘭時受到衝擊。（駐紐西蘭代表處提供）外交部領務局文件證明組組長曾曉峯受訪分享史瓦帝尼的獨特時間觀念與拖延症文化。（記者黃靖媗攝）    ,https://news.ltn.com.tw/news/politics/breakingnews/5343147
台人出國最常「出事」國家TOP5曝光！越南居冠、其次日泰韓美,政治,2026/02/20 08:05,入冬以後，國人在日本、南韓發生意外事件量就會增多，屢傳國人在日韓旅遊期間心臟病突發或出現健康問題。（法新社檔案照）外交部領事事務局不僅肩負印發護照的重要任務，也負責處理國人在海外的急難救助事件。專責處理國人急難救助案件的領務局文件證明組組長曾曉峯接受本報專訪指出，最多台灣人向外交部求援的國家前5名分別為越南、日本、泰國、南韓、美國，國人打工度假最愛去的澳洲則位居第6。曾曉峯指出，越南急難救助案件量居冠，主因是越南台商數量相當多，常有台人使用旅遊簽赴越南做生意，或去台商公司上班，被越南政府抓到，台商在越南也會遭遇家庭糾紛等狀況。請繼續往下閱讀...針對旅外急難救助案件量第2名的日本、第4名的南韓，曾曉峯指出，入冬以後，國人在日本、南韓發生意外事件量就會增多，可能是因為年長國人的旅遊目的傾向選擇鄰近的日韓，屢傳國人在日韓旅遊期間心臟病突發或出現健康問題；日本因為有開放台灣人打工度假，也有一些案例是打工度假的國人需要救助。泰國方面，曾曉峯說，雖然泰國是國人旅遊熱門選擇，但旅遊產生的急難救助案件並不多，反而是國人從事詐騙衍生的案件量較多，領務局近半年來，平均每個月會接到20起至30起來自詐騙園區的求救案件。曾曉峯說明，美國的急難救助案件主要為留學生出車禍、死亡、突發精神疾病等；澳洲則常有國人赴澳洲打工度假期間，被僱主或房東詐騙，甚至會有台灣人被中國房東詐騙後，再去詐騙台灣人來接盤的案例。在外交部積極宣導下，國人赴海外旅遊前購買醫療保險的意識有愈來愈充足。但曾曉峯提醒，還是很常有國人在海外遭遇事故就醫，回國後才發現有部分資料未向醫院申請，保險公司無法理賠的問題，對駐處造成不小的困擾。    ,https://news.ltn.com.tw/news/politics/breakingnews/5343140
習近平最想逮捕的國會議員！他在紅色通緝下為台灣而戰,政治,2026/02/20 08:03,面對中共恫嚇及揚言全球通緝，民進黨立委沈伯洋受訪說，要讓外界知道中共是在狐假虎威、胡說八道。（沈伯洋提供）自二○一八年起研究中共對台資訊戰、輿論戰及灰色地帶作戰，又於二○二一年投入全民防衛倡議，創立黑熊學院，於學界、NGO領域出身的民進黨立委沈伯洋，轉任國會議員不到兩年之際，旋即遭中共扣上「涉嫌分裂國家」等莫須有罪名，揚言對其展開全球通緝。政治素人出身的他，如何因應中共恫嚇、充滿政治口水的朝野攻防，沈伯洋接受本報專訪吐露這兩年的從政歷程。談及角色轉換的衝突與適應，沈伯洋坦言，過去他在民間倡議、推動法案時，本來就會與立委、政府部門溝通合作往來；不過，如今步入國會現場時，真正最大的衝擊是，花最多時間的不是推進政策，而是防堵藍白硬推對國家不利的法案，「這件事幾乎佔據了大半時間」。請繼續往下閱讀...沈伯洋續指，在價值層面上，國家安全就是國家安全，沒有什麼好屈服的。真正讓他感到幻滅的是，從過去的議事紀錄可以發現，當時的立委是基於不同立場，為不同的團體進行專業溝通與協調；本屆國會卻讓他感受到即便準備再多資料、提出科學依據、制度風險，對方卻完全不聽，「專業被踐踏，是最讓人難以忍受的事。」在政策溝通與論述上，從以專業傳遞知識的學術圈，轉換到以政治攻防、辯論為核心的國會場域，沈伯洋說，在政治場域中，多數民眾最終只會記得一、兩句話，政治的本質就是溝通，這兩年他也調整論述方式，「就算事情很複雜，也要用最簡單的方式講清楚」。沈伯洋也觀察到，現今政治溝通的最大困擾，在於對手會刻意扭曲發言，迫使他花大量時間澄清、闢謠。他感嘆地說，自己身為政治素人，進到立法院是為了做國防與國安議題，卻不知為何成為藍白「每週必打」的對象，後期更加上共產黨也頻頻對他展開攻擊，「每週光是要讓自己活著，就要花了一半的時間。」於社群平台的論述上，沈伯洋近年發文形式也明顯轉變，從長篇學術、議題文章改為分段、短句呈現。沈伯洋說明，過去在教學領域上，一堂課有五十分鐘，可以把一個概念說明清楚，但現在民眾能關注在你身上的時間往往僅有三十秒，若前幾句無法讓人一眼看懂重點，就不會繼續閱讀。沈伯洋透露，他也花費許多時間在調整文體，政治溝通必須同時照顧「長期關心政治的人」與「剛開始關心的新讀者」，因此他在文章的層次與頻率都需不斷調整。面對中共對其發布紅色通緝令，沈伯洋說，他一開始就知道一定會有這個代價，只是沒想到來得如此迅速，他幾乎就在一年內就成為中共最大的標靶；不過，這正是中共心理戰的手段，目的在製造恐懼、迫使噤聲，但一旦有壓力，就輸了。「我一直把這件事當成作戰！」沈伯洋認為，中共的意圖讓他害怕，並藉由他傳遞害怕的情緒，藉此讓公眾對相關議題噤聲。因此，每當中共對他施加壓力時，他都會去思考要如何破解，就像先前中共揚言要通緝他，其目的就是恐嚇台灣人民，他則馬上出國前往德國聯邦議會「獨裁國家假資訊對民主與人權威脅」聽證會，讓外界知道中共是在狐假虎威、胡說八道。沈伯洋說，他倒不會因為中共施壓感到壓力，但最大的問題是「累」，因為攻擊實在太密集了。至於紓壓方式，他吐露，過去他喜歡運動、打電動、看動畫，如今忙到幾乎沒有時間，與家人、孩子相處則是他最主要的解壓方式。若未來卸任立委，沈伯洋表示，他將回到學界，繼續從事民主實驗室、黑熊學院等NGO工作，他會再把精力放回民間倡議，並持續耕耘國民外交，與世界各國討論中共資訊戰、灰色地帶作戰等議題，台灣應如何面對，國際如何應對，雙方要怎麼合作。面對中共恫嚇及揚言全球通緝，民進黨立委沈伯洋受訪說，要讓外界知道中共是在狐假虎威、胡說八道。（沈伯洋提供）    ,https://news.ltn.com.tw/news/politics/breakingnews/5340666
供售Link-22為何重要？專家：美軍看得到、台灣就看得到,政治,2026/02/20 08:01,黑熊學院共同創辦人暨首席顧問、梟息報你知主持人何澄輝。（資料照）美國川普政府重返印太來勢洶洶，外界盛傳美方下波對台軍售，總額可能達6千億元。除媒體揭露的愛三MSE增程型飛彈、NASAMS（國家先進地對空飛彈系統）外，台灣安保協會副秘書長何澄輝認為，最關鍵的項目極可能是「Link-22數據鏈系統」。他指出，若台灣升級至Link-22，將能與美、日建構「共同作戰圖像」，實現「美軍看得到、台灣就看得到」的戰場透明化優勢，甚至具備「A射B導」的聯合作戰能力，讓共軍殲-20匿蹤戰機無所遁形。針對川普政府下一波的對台軍售清單，萬眾矚目的Link-22升級案也成為各界引頸期盼的焦點，事實上，據軍方公開專報，有一筆被列在今（115）年度新興預算中、名稱為「戰術數據鏈路暨聯戰指管系統」的項目，就可能是國軍代號「博騰專案」的Link-22 數據鏈升級案，只待美方公告（知會國會）供售。請繼續往下閱讀...該案計畫引進北約規格的先進技術，將國軍現有的Link-16「迅安系統」全面升級。然而，今年度中央政府總預算案在立法院卡關一毛未審，即便川普政府下一波公告的軍售案中包含Link-22數據鏈系統，因該案屬於今年首度編列的「新興計畫」，若預算審查持續延宕，恐重演發價書（LOA）過期，導致全案取消重來的狀況。何澄輝也認為，Link-22極可能是新一波軍售清單中最關鍵的項目。他分析，現行Link-16多為語音或電子指示，頻寬較窄；而Link-22頻寬更寬，能建構完整的「戰場共同圖像」。這意味著台灣將能與美軍、日本自衛隊連線，實現印太地區「單一戰區化」的防禦架構。「這對台灣戰術上有巨大優勢」，何澄輝舉例，外界常質疑台灣雷達能否抓到中共殲-20匿蹤戰機，一旦擁有Link-22，這個問題將不復存在，「只要美軍看得到，台灣就看得到」。屆時台灣F-16甚至無需開雷達，透過數據鏈接收目標位置，即可進行「A射B導」（由A方發現目標、導引B方發射武器）的攻擊，讓殲-20在不知不覺中進入不可逃逸區。何澄輝進一步指出，Link-22若能與台灣採購的大量海馬士（HIMARS）多管火箭系統結合，將成為「戰力倍增器」。他指出，面對中共所謂「萬船齊發」戰術，不需耗費昂貴飛彈，透過精準情報與海馬士的精準火箭彈即可有效打擊。他引用烏俄戰爭經驗表示，烏克蘭僅有約40台海馬士，在「打帶跑」戰術下存活率極高且戰果豐碩；若台灣軍購順利，將擁有僅次於美軍的海馬士數量。配合Link-22，分散全台的發射車可接收千里之外的目標資訊，發射後隨即轉移陣地，將使中共侵台的軍事成本與風險無限拉高。前美軍印太司令部官員胡大任則從技術層面補充，Link-22與現有的Link-16並非競爭關係，而是互補且功能更強大。Link-16受限於「視距內」（Line of Sight）傳輸，訊號容易被山脈或地形阻擋，例如從桃園發射訊號到台東可能受中央山脈阻隔。胡大任解釋，Link-22具備「超視距」（Beyond Line of Sight，BLOS）傳輸能力，發射端與接收端無需彼此「看到」，訊號可繞過障礙物。這對於多山的台灣，以及需要在海平面以下（潛艦）、水面（軍艦）、空中及無人載具間進行複雜協調的戰場環境至關重要。胡大任強調，Link-22是北約與盟國共同研發的系統，專為情報分享與火力協調設計。對台灣而言，這是建立與盟國間高效擊殺鏈與共同圖像分享的最佳解決方案。    ,https://news.ltn.com.tw/news/politics/breakingnews/5342868
「台灣鯛」出國還是很刁！外交官親曝最瞎救助案件,政治,2026/02/20 08:00,越南是台灣人觀光旅遊、經商熱點，也是國人旅外急難救助案件量最多的國家。（路透檔案照）越南是台灣人觀光旅遊、經商熱點，也是國人旅外急難救助案件量最多的國家。曾派駐越南、現在在外交部領事事務局負責處理國人急難救助案件的文件證明組組長曾曉峯接受本報專訪，分享他在越南看過的千奇百怪急難救助案件，從過年家庭糾紛，到痛風發作忘記帶藥打電話要駐處載他就醫，還有國人出國太沒警覺心，搭一趟計程車就因為太天真被騙錢。「台灣鯛」出國還是很刁，令外交官印象深刻。「台灣鯛」稱呼原指高品質的優質化吳郭魚，現被網路引申為形容在國外旅遊脫序的「鯛（刁）民」行為。請繼續往下閱讀...曾曉峯分享，有一名台商與越南女性結婚，在某年春節與妻子一起回娘家越南，不料在探親期間，台商的越籍妻子竟與親姐姐一言不合吵到打起來，甚至「打到頭破血流」。台商妻子的姐姐一怒之下提告傷害罪，且不只告妹妹，連妹夫一起告，讓該名台商一夕之間成了傷害罪的被告，護照還被越南警方依法扣留，回不了台灣。曾曉峯笑說，後來那名台商竟打電話到我國駐越南辦事處，哭訴自己的護照已經因為姐妹鬩牆案被當地警方扣押了兩個月，讓他無法回台灣做生意。但由於牽涉刑事案件，若要走完刑事程序，耗時耗力，台商可能會幾年都回不了台灣，最有效率的解決方式還是請生氣的姐姐撤告。曾曉峯只能回覆該名台商「要不你請太太去和姐姐和解，和解完之後，護照就還你了」；台商卻對曾大抱怨，「這個和解很難啦！，兩姐妹已經吵兩個月還沒解決…」。所幸後續駐處沒有接獲進一步消息，應該是該台商後來有成功勸和兩姐妹。我國全球駐處都有24小時接聽的急難救助電話，要說在越南接到最瞎的急難救助電話，曾曉峯回憶，他派駐越南胡志明市時，曾在半夜接到一通從越南安江省打來的電話，竟然是國人到安江省娶妻，半夜痛風發作，一邊哀嘆「痛得要死」，一邊要求位在胡志明市的外交官帶他去胡志明市就醫，堅決不願就近在安江省當地的醫院拿藥、看診。曾曉峯傻眼地說，「你知道安江省在哪嗎？安江省距離胡志明市開車大約要兩三個小時」。曾曉峯笑說，掛掉電話之後，隔天他居然在駐處辦公室看到這名國人活蹦亂跳地來辦理結婚後續手續，應該是沒事了。在治安良好的台灣生活久了，許多人可能警覺性會逐漸下降，在台灣習慣互相信任，在小吃店自行找零消費，出國竟也如此毫不設防。曾有國人在越南搭乘計程車去按摩店，由於不熟悉越南幣值，在下車付費時，聽到司機說車資是5萬，就將一疊鈔票像扇子一樣攤開給司機自取車資，讓司機自己抽了一張50萬越南盾，也沒有多加留意。後續按完摩之後，看到按摩帳單也是50萬越南盾時，才想說「奇怪，按摩兩小時也是50萬，剛剛我才坐車幾分鐘，怎麼也是50萬！」，驚覺「那個司機騙我！」。這時距離下計程車已經過了約兩個小時，他才生氣地打電話給我國駐越南辦事處，說要提告司機詐欺。但當駐處詢問該名國人案件細節，司機車牌號是幾號？駕駛執照編號與照片有沒有拍下來？該國人一問三不知，只記得自己大約幾點鐘上下車，並不斷痛批司機「很惡質」，還指出自己馬上就要結束旅遊行程返國，要求駐處代替他報案、提告。曾曉峯無奈地說，50萬越南盾折合新台幣約600元，5萬的計程車費大約也才新台幣60元，且由於提告需要當事人出面，駐處依規定無法協助。外交部各駐處都有24小時緊急聯絡電話，若國人在海外遭遇急難事件，也可以請國內親友撥打外交部緊急聯絡中心「旅外國人緊急服務專線」0800-085-095。但外交部也提醒，24小時急難救助專線功能如同國內110、119專線，勿以一般查詢事件撥打佔線。外交部領事事務局負責處理國人急難救助案件的文件證明組組長曾曉峯接受本報專訪。（記者黃靖媗攝）    ,https://news.ltn.com.tw/news/politics/breakingnews/5343141
九合一選輔選列車鳴笛》賴蕭蔡分進合擊 鎖定中間選民,政治,2026/02/20 05:30,年底九合一大選戰鼓響，兼任民進黨主席的總統賴清德、副總統蕭美琴及前總統蔡英文在春節期間分頭走訪全台廟宇祈福，並訴諸執政成績，拉抬黨籍參選人聲勢。（記者歐素美、蔡文居攝）年底九合一大選遍地烽火，府院黨要角啟動全台輔選列車助攻。兼任民進黨主席的總統賴清德、副總統蕭美琴及前總統蔡英文將分進合擊、補位支援，強化基層連結並訴諸執政成績，拉抬民進黨縣市長參選人聲勢。競選團隊則因地制宜，考量人選特質及輔選效應，盼以中央資源加持地方建設願景，進一步拓展中間或泛藍選票版圖。春節行程滿檔 向社會報告執政成績春節期間，賴清德、蕭美琴自初一到初三，分頭走訪全台共卅八處廟宇祈福，並親自發放一元福袋給民眾，足跡橫跨雙北、桃竹苗、中彰投至高屏宜蘭等，眾多有志下屆地方選舉的參選人也緊隨身旁爭取曝光；前總統蔡英文大年初一則在雙北安排多場參香行程，同時與新北市長參選人蘇巧慧公開合體拉抬聲勢，為年底大選暖身。請繼續往下閱讀...民進黨副祕書長何博文接受本報訪問表示，民進黨採取團體戰，不僅賴總統春節行程滿檔，蕭美琴、蔡英文與行政院長卓榮泰都會互相支援，透過與民眾面對面接觸，除展現民進黨與人民站在一起，更重要的是向社會報告執政好成績。一名輔選幕僚分析，三位元首級巨頭具備互補效應，賴清德因承擔執政包袱，在吸引中間選民上較具挑戰，傾向穩固基本盤；蕭美琴形象相對軟性，多專注於外交與青年議題，適合結合地方創生與年輕族群的行程，與賴形成互補。蔡英文因已卸任，在野黨火力不再集中於此，對年輕或中間選民具備較強滲透力。力拚延續綠色執政的高雄市長參選人賴瑞隆祭出密集攻勢，春節將走訪約一百間廟宇強化基層互動，也邀請賴清德、蕭美琴及高雄市長陳其邁等人助陣。他在初選前後也特別拜會蔡英文與前行政院長蘇貞昌，盼爭取中立與淺藍選民認同。苗栗縣長參選人陳品安則結合巨頭參訪行程為自己加持。她透露，蔡英文因喜愛健行，先前特別體驗「樟之細路」古道，並參訪獅生活減塑概念店、舞空術劇團等，與返鄉青年及客家族群交流；而賴清德初三參拜致力於防詐騙宣導的頭份永貞宮，卓榮泰初四將走訪壢西坪休閒農業區，「希望透過他們的影響力，讓大家更認識苗栗。」    ,https://news.ltn.com.tw/news/politics/paper/1744110
全台發福袋》賴清德化身財神爺 蕭美琴喜遇國中同學,政治,2026/02/20 05:30,昨天大年初三，總統賴清德與副總統蕭美琴分頭拜廟參香祈福。左圖為賴清德到台中永順宮發放福袋，右圖為蕭美琴在台南開基玉皇宮遇到失聯二十多年的國中同學。（記者歐素美、蔡文居攝）昨天大年初三，總統賴清德與副總統蕭美琴分頭拜廟參香祈福，全台從北到南都可看到兩人發送福袋給鄉親的身影。賴總統也打趣說，大年初三迎財神爺，「請把我當財神爺」，拿到福袋就會賺大錢。他並強調，經濟在進步，稅收在增加，政府對人民也要提供更好的照顧，「加薪、減稅、增進社會福利」，就是希望台灣每一個人能夠安居樂業。賴：當總統不分黨派 請把我當財神爺賴總統昨天一連前往彰化鹿港天后宮、台中元保宮、新庄永順宮、苗栗永貞宮、新竹香山財神廟、北埔慈天宮、桃園景福宮參香，並發送「一元福袋」給現場鄉親。所到之處，民眾擠得水洩不通搶拿福袋，在地的民進黨公職及縣市長、議員參選人也都齊聚向民眾拜年。請繼續往下閱讀...賴總統在苗栗永貞宮時特別指出，「一元復始，萬象更新」，發一元福袋是要給大家帶來福氣，尤其大年初三迎財神爺，請把他當作財神爺。而在無黨籍苗栗縣長鍾東錦與民進黨縣長參選人陳品安都當場向他爭取地方建設後，賴也特別強調，他當總統是不分黨派，各縣市都要發展，會協助苗栗縣各項建設，讓苗栗縣能夠更加發展、更加進步。蕭副總統昨天則赴台南開基玉皇宮、嘉義民雄大士爺廟、民雄慶誠宮、南天門太子行宮、屏東南方代天府、高雄鳳山代天府參拜祈福。當地廟前也大排長龍，許多民眾一早就自備小板凳，坐著排隊等候，希望拿到福袋添福運。蕭台南拜廟 一眼認出老同學驚喜萬分蕭美琴返回故鄉台南，於開基玉皇宮發送福袋時，也意外遇到失聯二十多年的國中同學蔡碧原，蕭美琴第一眼就認出她，驚喜萬分。蔡碧原表示，她和蕭美琴是後甲國中同班同學，二人非常要好，經常一起玩、看電影，國二時兩人還曾騎腳踏車從後甲國中騎到現在的安平林默娘公園，這是她們第一次嘗試騎這麼遠，很具挑戰性，因此到現在還記憶猶深。    ,https://news.ltn.com.tw/news/politics/paper/1744108
九合一選輔選列車鳴笛》國民黨大咖將全台助選 蓄積2028能量,政治,2026/02/20 05:30,即將卸任台中市長的盧秀燕，除了要確保順利交棒，讓自己的本命區成為日後徐圖未來的第一桶金，也是為日後籌建地方後援組織脈絡，並蓄積個人政治能量的好機會。圖為十七日大年初一盧秀燕（中）偕立法院副院長江啟臣（左）、立委楊瓊瓔（右）參拜宮廟祈福，盧並表態支持國防預算，守護台灣。（記者張軒哲攝）台灣今年底的九合一選舉將改寫地方政治版圖，藍營信誓旦旦要拿下二〇二八總統大選橋頭堡，為二年後實現政黨輪替搶先機，因此，包括國民黨主席鄭麗文，有可能爭奪二〇二八進場門票的台中市長盧秀燕、新北市長侯友宜、立法院長韓國瑜，以及被藍營視為二〇三二「儲君」人選的台北市長蔣萬安等多位藍營大咖，勢必在今年這場百里侯選戰中扮演重要角色。鄭麗文「黨魁保衛戰」 戰鼓響年底選舉是國民黨主席鄭麗文上任後面臨的第一場戰役，如果戰績不如人意、甚至席次減少，很可能在開票當晚就請辭下台，因此這等同鄭的黨魁保衛戰。鄭麗文將啟動「行動中常會」機制，透過把中常會整套人馬開拔到地方召開，為藍營各地選舉營造聲勢，黨內人士指出，「行動中常會」目的在於關切各地方的政情與議題，重新建立中央與地方連結，透過中央與地方幹部參與，幫當地選情加溫。請繼續往下閱讀...韓國瑜「最強母雞」 呼喚韓流黨內希望韓國瑜再度披掛上陣的呼聲一直沒有斷過，「韓粉」也渴望再現當年「韓流」風潮，甚至有韓國瑜屬意立法院副院長江啟臣搭檔競選正副總統的傳聞。大年初二韓國瑜也化身「最強母雞」，首站就現身台中豐原，陪同有志下屆台中市長的江啟臣合體拜年；韓隨後轉往台南，在台南市長參選人謝龍介陪同下發送春聯；最後又以「雲林女婿」身分回到故鄉，攜手雲林縣長參選人張嘉郡，走訪宮廟發放福袋。盧秀燕力守本命區 徐圖未來至於即將卸任六都市長的侯友宜、盧秀燕，投入地方選戰，除了要確保順利交棒，讓自己的本命區成為日後徐圖未來的第一桶金，也是為日後籌建地方後援組織脈絡，並蓄積個人政治能量的好機會。蔣萬安的部分，早被藍營視為這次百里侯之役的領頭羊角色，加上其首都市長身分，預料勢必會走出台北城，幫忙拉抬其他縣市選情，屆時帶動的外溢效果甚至會比侯友宜、盧秀燕更加明顯。蔣萬安初一就發布與準備投入新北市長選戰的副市長李四川合唱的影片，順利引爆話題，隨後展開三天走訪廿三家廟宇的密集行程，外界也高度關注「雙北雙母雞」何時正式合體。    ,https://news.ltn.com.tw/news/politics/paper/1744111
九合一選輔選列車鳴笛》柯黃頻頻合體 拉抬民眾黨選將,政治,2026/02/20 05:30,年底將舉行九合一選舉，民眾黨為了在下階段「藍白合」協調人選過程能提高聲勢，創黨主席柯文哲、現任主席黃國昌已啟動輔選與選舉行程。圖為黃國昌、柯文哲昨前往萬華龍山寺走春參拜祈福，並與民眾合影。（記者田裕華攝）年底將舉行九合一選舉，民眾黨為了在下階段「藍白合」協調人選過程能提高聲勢，創黨主席柯文哲、現任主席黃國昌已啟動輔選與選舉行程。其中，黃代表白營參選新北市長，頻與柯合體出席活動，除了炒熱自身選情，也盼在部分選區國民黨還未正式提名前，先為自家選將加持，成為藍白共推的人選。為下階段「藍白合」協調人選 墊高籌碼被外界形容為民眾黨「兩顆太陽」的柯文哲、黃國昌，在黃披掛參選新北市長後，兩人合體出席的活動就顯著增加，在去年底先後提名陳琬惠、張啟楷代表民眾黨征戰宜蘭縣、嘉義市後，柯、黃兩人更親自南下為兩位參選人站台。春節期間，柯、黃以「萬眾同欣、新春祈福」為名，兵分兩路橫掃全台八縣市，走訪逾五十處宮廟與商圈，柯文哲前往台北、宜蘭、竹苗與台中為地方選將助攻，黃國昌則以新北市長參選人之姿，安排三天深耕新北本命區，帶領議員參選人四處參拜，並於年初三回防台北與柯合體。請繼續往下閱讀...柯文哲、黃國昌昨天大年初三，就與立委邱慧洳及北市議員參選人合體，前往北市多處宮廟祈福。柯文哲還強調，北市議員選舉，民眾黨六位候選人應該要全壘打，「一定要做到」。對於柯、黃兩位「超級助選員」的拉抬效果，民眾黨宜蘭縣長參選人陳琬惠認為，不只能助她獲得更多選民關注，更有機會爭取到柯的「外溢票源」。同黨嘉義市長參選人張啓楷也認同能「大幅加分」，他表示，兩人人氣、全國聲量兼具，親自助選能助其迅速拉抬關注度，增加媒體曝光與討論度。    ,https://news.ltn.com.tw/news/politics/paper/1744112
在柏林世界論壇發聲 裴洛西：孤立台灣將引發全球性災難,政治,2026/02/20 05:30,美國前眾議院議長裴洛西透過視訊方式出席柏林「世界論壇」，指出孤立台灣會導致全球災難。（中央社）美國前聯邦眾議院議長裴洛西（Nancy Pelosi）指出，威權政體正在測試國際社會是否容許以武力改變秩序、以威嚇壓制自由，任何企圖孤立、脅迫或入侵台灣的行動，都將在經濟、戰略與道德層面引發「全球性災難」，呼籲民主國家果斷行動，共同嚇阻威權擴張。籲民主國家 用行動嚇阻威權擴張由柏林「電影促進和平基金會」主辦的柏林世界論壇（The World Forum），今年設立台灣工作坊。裴洛西透過視訊致詞時直言，烏克蘭與台灣是「同一個故事的兩個篇章」，威權政體正測試國際社會的底線，而台灣做為充滿活力的民主政體與全球經濟重要引擎，保衛台灣旨在防止衝突發生，嚇阻絕非挑釁。請繼續往下閱讀...裴洛西呼籲與會者，不能對侵略視而不見，嚇阻不代表挑釁，保衛台灣的目的是防止衝突發生；民主國家若能果斷並以清晰的道德立場共同行動，民主才能續存。保衛台灣防止衝突 嚇阻絕非挑釁立陶宛前總統格里包斯凱特（Dalia Grybauskaite）也以俄烏戰爭為例指出，面對威權政體，傳統嚇阻已不足夠，關鍵在於建立實質防衛能力與全社會防禦準備。德國籍的歐洲議會議員斯皮爾（Lukas Sieper）則建議，相較於單純軍售，透過技術轉移協助台灣強化國防產業自主能力，是更具長期效果的支持方式。台灣駐德代表谷瑞生強調，台灣正持續強化自我防衛。立委黃捷與台北市議員苗博雅以台灣民意代表身分，在工作坊向國際傳達來自台灣的聲音。她們重申，台灣期盼與世界結盟，並正推動將國防預算提升至國內生產毛額（GDP）的五％。    ,https://news.ltn.com.tw/news/politics/paper/1744093
傳美最新對台軍售停滯》國安官員：持續強化國防 成為區域不可替代角色,政治,2026/02/20 05:30,華爾街日報十八日揭露，在中國國家主席習近平施壓下，美國新一批對台軍售案陷入懸而未決狀態。圖為二月初英國金融時報報導，川普政府計畫的新軍售案，包括愛國者三型增程飛彈（左圖）、國家先進地對空防空飛彈系統（右圖）。（圖取自Lockheed Martin官網、北約盟軍空中司令部臉書）華爾街日報指稱，川普政府為確保四月「川習會」順利舉行，疑似暫緩一項對台軍售計畫。對此，國安官員認為，美方已清楚揭示，第一島鏈的安全攸關美國利益，台灣更是「關鍵節點」，與其因為川普總統的各項舉措陷入「疑美論」或「疑川論」，不如回歸戰略本質，在地緣安全與國防整備上持續自我強化，讓自己成為區域穩定不可替代的一環。第一島鏈攸關美國家利益 台灣是關鍵節點國安官員受訪指出，事實上，美國最新國家戰略文件早已清楚界定，第一島鏈的安全與穩定攸關美國自身國家利益，而在這條由日本、台灣、菲律賓所構成的戰略弧線上，台灣就是當中的關鍵節點。請繼續往下閱讀...該官員認為，無論是白宮發布的「國家安全戰略」（NSS），或「印太戰略報告」，一致將印太區域的力量平衡與海域安全視為核心目標，從這樣的結構性戰略視角來看，擔憂美方會因為與中國互動，而輕易放棄在印太的核心國家利益，並不符合邏輯。國安官員強調，將川普的每一項舉措都解讀為「疑美」或「疑川」的素材，只是在庸人自擾，在這樣的現實框架下，不如回到更本質的問題——台灣作為第一島鏈的戰略樞紐，如何在地緣安全與國防整備上持續自我強化，並以務實而精準的方式扮演不可或缺的角色，「別忘了，美國才宣布了今年最大規模的對台軍售，就是建立在這個基礎之上。」國安官員說，對台灣而言，此刻真正值得投入心力的，是如何讓台灣在戰略結構中站得更穩、份量更重，確保盟友的承諾是建立在堅實的「共同利益」與「能力基礎」上，讓台灣成為區域穩定不可替代的一環。保住軍售案 王定宇籲藍白儘快審國防預算民進黨立委王定宇則指出，第一筆三千多億元的軍售案，因為遭立法院藍白兩黨聯手阻撓，無法往前走；第二筆約新台幣五千億元的對台軍售案涵蓋IBCS整合戰場管理系統、愛國者防空飛彈營等，對台灣防空力量、建立台灣之盾至關重要，受到第一筆軍售預算延宕、四月份川普將訪中、中國加大在美遊說等因素影響，第二筆軍售案若無法在今年二月至三月定案，台灣可能不是「慢一點」得到軍售，而是「無法取得」保護台灣的重要軍事裝備。 王定宇直言，預算愈慢公佈、愈接近四月份川普訪中時，第二筆對台大筆軍售愈有可能產生變化，呼籲在野黨應放下政黨惡鬥，儘快審查必要預算。    ,https://news.ltn.com.tw/news/politics/paper/1744109
華爾街日報：川習會前 最新對台軍售時機懸而未決,政治,2026/02/20 05:30,華爾街日報十八日揭露，在中國國家主席習近平施壓下，美國新一批對台軍售案陷入懸而未決狀態。圖為二月初英國金融時報報導，川普政府計畫的新軍售案，包括愛國者三型增程飛彈（左圖）、國家先進地對空防空飛彈系統（右圖）。（圖取自Lockheed Martin官網、北約盟軍空中司令部臉書）牽動四月美中峰會 川普顧問群對宣布時間點意見分歧華爾街日報十八日引述多名美國官員報導，在中國國家主席習近平施壓下，美國一項重大的對台軍售計畫，陷入懸而未決的狀態。為確保四月即將登場的北京「川習會」順利進行，美國總統川普的顧問團隊對此事搖擺不定，正慎重考量軍售宣布的時間點。請繼續往下閱讀...知悉該批軍售案的美國官員透露，川普的顧問群對於是否放行軍售立場搖擺。儘管習近平態度強硬，但川普絕不會任由中國擺布。另一名官員則表示，川普希望與習近平維持美中貿易休兵狀態，因此團隊正審慎評估宣布對台軍售的適當時機。美官員：軍售案依循政府內部程序進行中習近平二月初與川普通話時，敦促美方在對台軍售議題上謹慎行事。美國官員指出，川普正極力避免在訪問中國前激怒北京。事實上，華府去年十二月宣布總額達一一一億美元的對台軍售案後，北京當局表達強烈憤慨。就在美國官員著手討論批准其他對台軍售項目時，習近平在通話中就軍售議題向川普施壓。另一名受訪的美國官員證實，這項對台軍售案目前正依循美國政府的內部程序進行中。雖然行政部門尚未依循慣例知會國會，但一名國會助理透露，預計這批軍售清單將包括愛國者反飛彈攔截系統及其他武器。在台灣議題的博弈上，部分中國政策顧問在內部討論中甚至建議，可對美國提出更大規模的經濟計畫，例如大規模購買美國國債，藉此換取美方採取更積極反對台灣獨立的立場。不過，目前並不清楚由何立峰領導的談判團隊，是否正認真考慮這些建議。華府研究機構「燈塔政策顧問」（Beacon Policy Advisors）十六日發布的報告指出，川普政府已釋出明確訊號，表明其希望在四月峰會前維持現狀，並極力避免陷入局勢升級的循環。然而，華爾街日報在評論中指出，若美方在台灣議題上屈服於習近平的威脅，將對美國做為盟友的可靠性發出危險訊號。「台灣關係法」明定美國有義務向台灣提供防禦性武器，倘若川普放棄這項義務，中國將立即藉此向台灣民眾宣傳「美國不可信賴、無法保護台灣」。此外，日本、南韓與菲律賓也將認定，川普在太平洋地區的首要考量是中國，而非盟國間的共同防禦。評論強調，沒有人希望台海發生戰爭，但如果習近平認定川普會為了一場氣氛融洽的峰會，而輕易受到恫嚇，爆發衝突的可能性反而會隨之升高。    ,https://news.ltn.com.tw/news/politics/paper/1744107
大甲鎮瀾宮國運籤抽到中上 「撥亂反正 亂中求序」,政治,2026/02/19 23:47,鎮瀾宮董事長顏清標（左）與台灣省陽宅教育協會理事長周建男（右）一起解籤詩。（記者歐素美攝）大甲鎮瀾宮依序抽出「人口」、「雨水」、「早冬」、「允冬」等4支「四季籤」。（記者歐素美攝）台中大甲鎮瀾宮今晚11點由鎮瀾宮董事長顏清標擲筊，在大年初四子時迎神日，抽出馬年4支「四季籤」，其中，象徵國運籤的人口籤最受矚目，顏清標在媽祖前跪下，經過多次擲筊，抽出「中上」國運籤，解籤人指示，今年的國運是撥亂反正，面對多元領域，創意突破是速度很快的一年，必須要亂中求序，要有共識，提升民氣，創造祥和社會。鎮瀾宮誦經團從初三晚間10時起開始誦經、獻貢，隨後，董事長顏清標在晚上11點（即初四子時）率鎮瀾宮副董事長鄭銘坤及董監事等，與台灣省陽宅教育協會理事長周建男虔誠向媽祖下跪擲筊求籤，依序抽出「人口」、「雨水」、「早冬」、「允冬」等4支「四季籤」，由周建男解籤說明。周建男表示，今年人口籤（國運籤）是己巳，銅銀買紙靴，「欲去長江水闊茫，行船把定未遭風，戶內用心再作福，看看雨水得相逢」，為中上籤，今年的國運是撥亂反正，面對多元領域，創意突破是速度很快的一年，必須要亂中求序，要有共識，提升民氣，創造祥和社會，強調己巳籤注重在穩定中才有真正的福氣。其餘則都是中籤。大甲鎮瀾宮董事長顏清標對此表示，就是大家要和諧，大家要團結，大家才「賺卡有吃」。鎮瀾宮董事長顏清標在媽祖前下跪擲筊求籤。（記者歐素美攝）    ,https://news.ltn.com.tw/news/politics/breakingnews/5346413
美國對台新軍售疑因習近平施壓擱置 王定宇示警：對台灣防空至關重要,政治,2026/02/19 22:33,華爾街日報指出，一輪新的美國對台軍售方案目前正陷入停滯，該方案包括愛國者防空飛彈攔截器及其他武器。圖為美軍愛國者三型增程型飛彈（PAC-3 MSE）。（擷取自美軍DVIDS網站）美媒近期引述多名官員談話報導指出，美國一項主要對台軍售計畫懸而未決，美國總統川普的顧問群立場搖擺不定。對此，民進黨立委王定宇今（19）日表示，該筆對台軍售案涵蓋IBCS整合戰場管理系統、愛國者防空飛彈營等，對台灣防空力量、建立「台灣之盾」至關重要，愈慢公佈，對台大筆軍售愈有可能產生變化，呼籲立法院藍白兩黨應放下政黨惡鬥，儘快審查必要預算。根據「華爾街日報」報導，有官員指出，川普想與中國國家主席習近平維持貿易停火，因此軍售決定時機正在慎重考慮中。這筆懸而未決的軍售預期將包含愛國者反飛彈攔截系統與其他武器。請繼續往下閱讀...王定宇表示，面對中國逐步加大對台軍事的威脅，提升自我防衛力量非常重要，台灣要提升嚇阻力，也要與國際盟友建立鏈結的安全網路，並在台建立台美國防產業共同供應鏈、加大軍需縱深，對台灣既有經濟上的利益，也有安全上的必要。王定宇指出，第一筆3千多億元的軍售案，因為遭立法院藍白兩黨聯手阻撓，無法往前走；第二筆約新台幣5千億元對台軍售案涵蓋IBCS整合戰場管理系統、愛國者防空飛彈營等，對台灣防空力量、建立「台灣之盾」至關重要，受到第一筆軍售預算延宕、4月份川普將訪中、中國加大在美遊說、中共在台協作者傾全力破壞台美互信等因素影響，第二筆軍售案若無法在今年2月至3月定案，台灣面對險峻局勢，可能不是「慢一點」得到軍售，而是「無法取得」保護台灣的重要軍事裝備。王定宇直言，如果川普認為台灣本身就沒有決心去提升自我防衛的力量，美國何必為了台灣去得罪中國。美國政府至今尚未對外公布第二筆軍售，他認為，預算愈慢公佈、愈接近4月份川普訪中時，第二筆對台大筆軍售愈有可能生變，對台灣來講，不單單是安全需要裝備「量」的變化，更產生「質」的變化。針對川普16日在「空軍一號」上被問到是否可能加碼對台軍售時表示，他正在跟習近平談對台軍售的事，兩人之前談得很愉快，「我們很快就會（針對對台軍售）做決定」。王定宇說，從雷根政府開始，對台6項保證當中第2項即清楚載明，「美國不同意對台軍售需要跟中華人民共和國討論」，美國政府絕對不會與中國討論對台軍售議題，是台美互動長期的基本鐵律，他憂心，一旦打破這項承諾，台美關係將陷入中國更大的脅迫與干預。王定宇也呼籲，立法院藍白兩黨應放下政黨惡鬥，儘快審查必要預算，唯有我們重視自己的安全時，國際友人的關心才有意義，一個不願意保護自己的國家，全世界沒有人會願意幫助。    ,https://news.ltn.com.tw/news/politics/breakingnews/5346397
陪友邦貝里斯大使拜台中樂成宮求紅線 林佳龍盼兩國邦誼長久,政治,2026/02/19 22:11,外交部長林佳龍（左三）今邀請我國友邦貝里斯駐台大使梅凱瑟（左二）到台中市樂成宮體驗台灣年節文化與宗教信仰。（擷取自林佳龍臉書）外交部長林佳龍今（19）日晚間在社群媒體發布影片，邀請我國友邦貝里斯駐台大使梅凱瑟（Katherine Vanessa Meighan）至台中樂成宮體驗台灣年節文化與宗教信仰，並帶梅凱瑟向樂成宮「月老星君」求紅線。林佳龍說，期盼這份祝福除了為梅凱瑟帶來良緣，也要繼續牽起台灣與貝里斯之間長長久久的深厚邦誼。林佳龍表示，他特別邀請我國友邦貝里斯駐台大使梅凱瑟，到他最熟悉的台中樂成宮，感受最道地的台灣年味。林佳龍說，他對樂成宮有深厚的感情，每年大年初一都會來參加團拜，樂成宮供奉的「旱溪媽祖」守護在地超過兩百年，是地方的精神堡壘。請繼續往下閱讀...林佳龍說，感謝樂成宮董事長何敏誠陪同帶領梅凱瑟大使完整體驗走春行程，從參拜祈福、獻花果、財帛，透過這份文化體驗，讓大使深刻感受台灣宗教信仰的特色，除了祈求平安，林佳龍也帶梅凱瑟體驗樂成宮超人氣又靈驗的「月老星君」。林佳龍透露，他看著大使虔誠祈求紅線，並順利獲得月老點頭，他也在心中默默祈求，盼這份祝福除了為大使帶來良緣，也要繼續牽起台灣與貝里斯之間長長久久的深厚邦誼。    ,https://news.ltn.com.tw/news/politics/breakingnews/5346391
柏林世界論壇 裴洛西：孤立台灣將引發全球性災難,政治,2026/02/19 20:44,美國眾議院議長南希‧裴洛西。（美聯社）美國前眾議院議長裴洛西在柏林世界論壇致詞表示，台灣不僅是區域議題，任何試圖孤立台灣的行動，都將在經濟、戰略與道德層面引發「全球性災難」，呼籲民主國家採取行動，共同嚇阻威權擴張。由柏林「電影促進和平基金會」（Cinema for Peace Foundation）舉辦的「柏林世界論壇」（The World Forum）本週舉行，聚焦民主、和平與全球安全等議題。今年該論壇設立台灣工作坊，邀集歐美國會議員、民間組織代表等，探討台灣在全球安全中的角色。請繼續往下閱讀...赴柏林參加論壇的美國前眾議院議長裴洛西（Nancy Pelosi）也透過視訊與會。她在致詞時指出，烏克蘭與台灣是「同一個故事的兩個篇章」，威權政體正測試國際社會是否容許以武力改變秩序、以威嚇壓制自由。裴洛西說，台灣作為充滿活力的民主政體與全球經濟重要引擎，其存在本身即駁斥「自由與華人文化不相容」的論述。任何試圖孤立、脅迫或入侵台灣的行為，都不僅僅是區域議題，而將在經濟、戰略與道德層面引發全球性災難。她呼籲與會者，不能對侵略視而不見，嚇阻不代表挑釁，保衛台灣的目的是防止衝突發生；民主國家若能果斷並以清晰的道德立場共同行動，民主才能續存。駐德代表谷瑞生則在致詞時表示，台灣位處民主前線，因應來自威權政體的軍事與混合戰威脅，持續強化自我防衛能力，並與理念相近國家深化合作。在歐洲安全觀點上，立陶宛前總統格里包斯凱特（Dalia Grybauskaite）指出，對威權政體而言，傳統嚇阻並不足以發揮效果，真正關鍵在於建立實質防衛能力與全社會的防衛準備。她以俄烏戰爭為例表示，初期國際社會支援有限，唯有具備自我防衛能力，才能爭取後續外部支持。對此德國籍歐洲議會議員斯皮爾（Lukas Sieper）補充，歐洲在支持台灣議題上面臨內部政治與經濟壓力，例如對中貿易限制措施可能推高歐盟商品價格，成為民粹政黨操作議題。斯皮爾認為，相較於單純提供武器，協助台灣強化國防產業、提升武器自主生產能力，將是更具長期效果的支持方式，包括技術轉移與專家交流等合作。斯皮爾也在會後告訴中央社，中國對台威脅持續存在，而歐洲不能再置身事外，歐盟需要不斷推進台灣議題，直到找到解決方案。立委黃捷與台北市議員苗博雅則以台灣民意代表身分，在工作坊向國際傳達來自台灣的聲音。苗博雅表示，此行目的是向理念相近的國際友人分享台灣希望與世界建立夥伴關係；黃捷則在台灣工作坊中強調，台灣正強化自我防衛能力，包括推動將國防預算提升至國內生產毛額（GDP）的5%。裴洛西曾於2022年擔任美國眾議院議長期間訪台，當時被視為美國支持台灣的重要訊號。工作坊與會人士普遍認為，在當前美國對外政策不確定性升高下，歐盟有必要在台灣議題上強化自身定位。本屆柏林世界論壇台灣工作坊由北美民間組織「哈囉台灣國際交流策進會」（Hello Taiwan）贊助支持。該組織並於論壇期間舉行記者會，宣布正式啟動全球「台灣代表處（TRO）」正名行動，盼將現行的台北經濟文化辦事處（TECO）更名為台灣代表處。    ,https://news.ltn.com.tw/news/politics/breakingnews/5346348
美為「川習會」暫緩對台軍售？ 國安官員：台灣應強化分量而非疑美,政治,2026/02/19 19:42,《華爾街日報》社論示警，中國領導人習近平（右）正以峰會成敗作為籌碼，強硬施壓美國總統川普（左）停止對台軍售；圖為兩人2025年於APEC峰會期間互動。（路透資料照）《華爾街日報》19日報導，川普政府為確保四月「川習會」順利舉行，疑似暫緩一項對台軍售計畫。對此，國安官員分析，台灣是印太穩定的關鍵節點，擔憂美方為了跟中國互動放棄核心利益不符邏輯，與其為了川普各項舉措陷入「疑美」或「疑川」，不如回歸本質、自我強化，讓台灣在戰略結構下站得更穩、分量更重。國安官員受訪指出，事實上，美國最新國家戰略文件早已清楚界定，第一島鏈的安全與穩定攸關美國自身的國家利益，而在這條由日本、台灣、菲律賓所構成的戰略弧線上，台灣就是當中的關鍵節點。請繼續往下閱讀...該官員認為，無論是白宮發布的《國家安全戰略》（NSS），或《印太戰略報告》，一致將印太區域的力量平衡與海域安全視為核心目標，從這樣的結構性戰略視角來看，擔憂美方會因為與中國互動，而輕易放棄其在印太的核心國家利益，並不符合邏輯。國安官員強調，將川普總統的每一項舉措都解讀為「疑美」或「疑川」的素材，只是在庸人自擾，在這樣的現實框架下，不如回到更本質的問題——台灣作為第一島鏈的戰略樞紐，如何在地緣安全與國防整備上持續自我強化，並以務實而精準的方式扮演不可或缺的角色，「別忘了，美國才宣布了今年最大規模的對台軍售，就是建立在這個基礎之上。」國安官員說，對台灣而言，此刻真正值得投入心力的，是如何讓台灣在戰略結構中站得更穩、分量更重，確保盟友的承諾是建立在堅實的「共同利益」與「能力基礎」上，讓台灣成為區域穩定不可替代的一環。    ,https://news.ltn.com.tw/news/politics/breakingnews/5346333
陳光復病況持續好轉 家屬：未來還要走更長遠的路,政治,2026/02/19 19:38,澎湖縣長陳光復重傷後送往高雄榮總緊急手術，病況持續好轉。（資料照）澎湖縣長陳光復於17日踩空摔倒，重傷昏迷後送往高雄榮總救治。陳光復的病情近日持續好轉，陳光復家屬今表示，陳光復目前各項生命徵象皆穩定，誠心感激各界關心。陳光復於17日大年初一時，疑似因心臟心律不整或視力不好，不慎於澎湖縣文化局演藝廳階梯踩空摔倒，導致後腦勺著地，受到撞擊並失去意識，由於情形緊急，在澎湖的醫院做好基本處理後，後送到高雄榮總，當晚緊急開刀進行腦手術後，人目前尚未恢復意識，但病情已逐漸好轉。請繼續往下閱讀...陳光復家屬今（19）日透過陳光復的臉書發文表示，​這幾天，對他們（陳光復家屬）而言感到相當煎熬，但內心也充滿感激，感謝各界的祈福與關心，每一份心意，都是支撐他們守候陳光復最強大的力量。此外，陳光復家屬特別致謝行政院長卓榮泰代表總統賴清德，專程到醫院探視，也對民進黨立委王定宇、高雄市長陳其邁與高雄市議員江瑞鴻表達感激之情，謝謝他們在第一時間主動提供交通與各項後勤協助，讓家屬能沒有後顧之憂地全心守護陳光復。「大家都知道，我們家光復是極負責任感的人，他心中最掛念的始終是澎湖的建設與鄉親的福利。現在對他來說，只是意外的短暫休息，未來還要走更長遠的路。再次感謝第一線醫護人員的悉心照顧，也感謝每一位為光復加油的您。」    ,https://news.ltn.com.tw/news/politics/breakingnews/5346301
桃園大廟景福宮參香 賴清德盼國防預算盡速通過打造「台灣之盾」,政治,2026/02/19 19:10,賴清德總統（中）前往桃園大廟景福宮參香，並發送福袋給民眾。（記者周敏鴻攝）賴清德總統下午前往桃園市「桃園大廟景福宮」參香，並發送福袋給民眾，笑稱民眾可以將發福袋的他當作「財神爺」。針對國防預算盼能盡速通過一事，他強調，國防預算規劃8年1.25兆元、年均約1560億元，遠遠不及日本今年國防預算8兆元、韓國1.4兆元，相關預算應盡速通過，我國才能打造「台灣之盾」，進一步推動國防產業發展。賴清德抵達景福宮後，先向開漳聖王祈求全民健康平安，再一一發送福袋給民眾。他說，過去一年，台灣南部、東部遭逢風災、中部面臨非洲豬瘟與禽流感等衝擊，還好國人團結，甚至留下數十萬名志工投入救災的美談，天災等挑戰才能一一克服。請繼續往下閱讀...賴細數台灣的經濟成長數據後指出，未來是全面人工智慧化的時代，食衣住行都會高度依賴台灣的半導體、資通訊、電子零組件等，高科技產業前景看好，結合傳統產業，將能形成雙引擎帶動我國整體經濟發展。「政府除持續發展經濟外，也須同步強化國防力量」，賴清德說，面對中國威脅，國家收入增加後，應建立完善安全防護，國防預算若盡速通過，就能打造「台灣之盾」，進一步導入人工智慧，並推動國防產業發展，以落實我國國防自主。賴清德還談及政府推動加薪、減稅、學費補助、育兒與長照補助、軍公教加薪、軍警待遇提升等政策，希望各界能全力支持政府。他強調，國際社會高度肯定台灣，民眾對國家一定要保持信心，相信只要團結努力，民眾就能安居樂業。賴清德總統（中）前往桃園大廟景福宮參香，並發送福袋給民眾。（記者周敏鴻攝）    ,https://news.ltn.com.tw/news/politics/breakingnews/5346334
頻被勸進選新竹縣長 竹北市長鄭朝方說話了,政治,2026/02/19 18:56,頻被勸進選新竹縣長，竹北市長鄭朝方回應了。（記者洪美秀攝）年底新竹縣長選舉藍綠雙方人選都還未出線，竹北市長鄭朝方因這幾年竹北市的改變與進步，頻被勸進轉戰新竹縣長選舉，總統賴清德今天到北埔慈天宮時，也提到縣長楊文科8年任期即將屆滿，希望竹縣有新的局面，媒體詢問陪賴參香發福袋的鄭朝方，賴總統的說法是不是也期盼他出來參選？鄭朝方回應，確實很多人勸進，目前正在仔細評估、審慎思慮，如果有下一步，一定會跟鄉親，不管是竹北市民，還是新竹縣民報告。鄭朝方提到，最近到其他12鄉鎮，確實有許多人勸進，他也訝異，原來12鄉鎮有很多鄉親看到竹北的改變，因這些改變過去從沒發生，讓其他鄉鎮非常羨慕，因此有不少人勸進。他說，團隊會仔細評估、審慎的思慮，如果有下一步，一定會跟鄉親，不管是竹北市民，還是新竹縣民報告。請繼續往下閱讀...媒體也問到因新竹縣議員要參選的小雞也期盼母雞趕快出來，因其他縣市黨內都快要完成提名，對此，鄭朝方則說，包括新竹縣、新竹市以及桃園市、台北市等，因有共伴效應的連動，目前還沒有正式討論。他也說2022年，竹北隊全壘打，新竹縣議員翻倍，他認為與民進黨長期耕耘地方，且新竹縣期待能改變的聲音已達到沸騰。2022年竹北已經實現，他相信今年2026年大家看到竹北的經驗，也希望能不能在新竹縣實現，他會傾聽更多地方的聲音。藍營人選提名部分，副縣長陳見賢與立委徐欣瑩已進入黨內初選階段，雙方競爭激烈    ,https://news.ltn.com.tw/news/politics/breakingnews/5346325
台南國華街商圈初三人潮擠爆  黃偉哲、陳亭妃西市場發紅包送祝福,政治,2026/02/19 18:44,台南市長黃偉哲（右二）今天到西市場發送限量紅包，氣氛熱鬧，立委陳亭妃（右一）也到場一起向市民賀年祝福。（南市府提供）春節連假，台南市區大年初三湧現人潮，有「最美菜市場」美譽的百年西門公有零售市場（西市場），就位於國華街商圈更是人潮擠爆。 台南市長黃偉哲今天到西市場發送限量紅包並加碼大樂透，向現場民眾送上新春祝福，吸引眾多民眾排隊領取，氣氛熱鬧，立委陳亭妃也到場一起向市民賀年祝福。台南市經發局市場處攜手市場自治會推出「西市場迎春、馬年好運紅包來」活動，邀請市民及遊客走訪素有「最美菜市場」美譽的西門公有零售市場（西市場），感受百年市場融合歷史建築、文創設計與特色美食的嶄新風貌，吸引不少年輕族群與遊客。請繼續往下閱讀...黃偉哲表示，西市場是台南歷史悠久的百年市場，日治時期以來即為市民生活重心。市府近年積極推動修復整建與空間活化，在保留歷史風貌的同時，融入創意元素與青年品牌，讓市場轉型為兼具文化底蘊與觀光魅力的特色場域。春節期間走進西市場，不僅能感受濃厚的傳統年味，也能體驗「好逛、好拍、好吃」一站式遊逛樂趣，適合闔家大小一同走春。經發局長張婷媛指出，西市場以文創選物、特色熟食及職人品牌為主軸，並串聯周邊街區與觀光動線，逐步形塑全年齡、全天候皆宜造訪的生活場域。春節連假期間除夕休市外，多數攤商正常營業；另「小人類市集」自2月7日至2月28日在西市場登場（營業時間下午1時至7時），讓民眾輕鬆散步之餘，也能品味美食、選購好物，為春節假期增添不同樂趣。有「最美菜市場」美譽的台南百年西市場，就位在國華街商圈，今天初三人潮擠爆。（南市府提供）    ,https://news.ltn.com.tw/news/politics/breakingnews/5346318
「市長蔥油餅」又來了！林世賢為春節市集站台 這次義賣所得捐給「它」,政治,2026/02/19 18:08,彰化市長林世賢（左）的「市長蔥油餅」受到熱烈歡迎。（彰化家扶中心提供）彰化最強的走春「春節市集」今年火熱登場！彰化市長林世賢第3次為市集端出「市長蔥油餅」，今天（19日）義賣金額捐給彰化家扶中心，明天（20日）義賣捐給彰化市慈愛教養院，讓蔥油餅做愛心！林世賢表示，他除了賣過市長蔥油餅，還有賣過市長菜頭粿，很多人都問說「市長，你只會這兩樣嗎？」，其實他的廚藝很不錯，但受限於場地與環境，加上這兩樣平民美食又平價，才會成為他義賣的首選。請繼續往下閱讀...林世賢說，他的市長蔥油餅都是先設定好捐助對象，也有曾經幫忙賑災而賣。這次選在最強市集的「春節市集」大年初三、大年初四，希望透過人潮帶動買氣，讓他用行動力來支持社福團體，民眾只要花銅板價就可以幫助更需要幫助的人。因為採取自由認捐，不少人都是拿100元來買蔥油餅，然後說「不用找了」，令人感受到滿滿的誠意與愛心。彰化家扶中心主任王震光表示，感謝市長在義賣蔥油餅時，想到彰化家扶，讓家扶兒不必為開學的學費傷透腦筋。彰化市長林世賢忙著煎蔥油餅義賣，今天義賣所得捐給彰化家扶中心。（彰化家扶中心提供）    ,https://news.ltn.com.tw/news/politics/breakingnews/5346298
綠營竹縣長選戰誰代表出擊？立委范雲這樣說,政治,2026/02/19 18:03,民進黨新竹縣長誰代表出征？立委范雲說，一定會推出最強人選。（記者洪美秀攝）總統賴清德今天到新竹縣北埔鄉慈天宮參香祈福、發紅包福袋，由於年底就是縣市長及地方選舉，新竹縣在國民黨還未推出人選的情況下，綠營也持觀望態度未推出人選，已在竹縣耕耘1年多的民進黨立委范雲對於綠營年底竹縣長人選，她提到，不管是哪個人選，民進黨推出來的人選一定會是最強、最能帶領新竹縣改變的人選。媒體詢問范雲，因范雲是民進黨立院負責新竹區域，今天竹北市長鄭朝方陪同總統賴清德出席，外界會關注新竹縣綠營縣長人選，是不是已鎖定范雲或是鄭朝方，外界也認為若鄭不選，就由她接替選？對此，范雲先是向大家拜年並提到，在北埔慈天宮看到等著跟賴總統拜年及領福袋的民眾非常多，排得非常非常遠。她認為，在她服務這1年多以來，已強烈感覺到新竹縣民期待改變，且希望有更好的人可以帶領新竹縣，能夠在馬年躍升。請繼續往下閱讀...她說，民進黨有聽到大家的期待，一定會推出最強人選，能帶領新竹縣有更好的改變，希望「新新竹、新幸福」。並說，新竹縣是民進黨非常重視的縣市，有非常多的議題需要努力、評估。目前也知道國民黨在新竹縣還沒有整合出人選，不管是哪個人選，她認為民進黨推出來的人選一定會是最強、最能帶領新竹縣的改變。她也謝謝大家對她及鄭朝方的肯定，她和鄭朝方一定會努力讓新竹縣成為一個「新新竹、新幸福」最棒的縣市。    ,https://news.ltn.com.tw/news/politics/breakingnews/5346299
自由觀點》非洲豬瘟彈劾官員 破口就在中市府,政治,2026/02/19 18:00,    ,https://news.ltn.com.tw/news/politics/breakingnews/5342870
人氣爆棚！蘇巧慧攜手蔡其昌淡水發福袋 臨時辦起簽名會近千球迷排隊,政治,2026/02/19 17:58,民進黨新北市長參選人蘇巧慧（前排中）今午與同黨立委、中華職棒會長蔡其昌（前排左）到淡水清水巖發送福袋。（記者黃政嘉攝）「台灣尚勇、新年快樂！」今天大年初三，民進黨立委、新北市長參選人蘇巧慧上午推出長期支持基層體育的政績影片，下午再與同黨立委、中華職棒會長蔡其昌到淡水清水巖發送福袋，吸引近千球迷大排長龍領取。蔡其昌表示，他拜託清水巖眾神佛3件事，包括立法院盡快通過總預算、軍購預算，以及蘇巧慧高票當選新北市長，再來是台灣隊能和前年12強賽一樣，取得佳績。農曆春節後，台灣隊3月將赴日本東京拚戰WBC，蘇巧慧與蔡其昌今午在清水巖發送福袋，眾多球迷身穿台灣隊帽Ｔ、球衣排隊領福袋，本來安排媒體聯訪，因現場人數眾多，臨時為致詞，發完後還應熱情球迷要求辦起簽名會。蔡其昌表示，他向清水巖眾神佛拜託，拜託3件事，第1件最要緊，希望立法院可以順利通過總預算、軍購預算，以及很多福國利民的法案，保庇國家國泰民安。請繼續往下閱讀...第2件，蔡其昌說，今年新北市長選舉，蘇巧慧不僅是「水獺媽媽」會講故事，也跟她爸爸蘇貞昌一樣會做事，會做事才是新北市民最喜歡的，誰有能力解決問題、誰會做事，「跟蘇巧慧同事很久，我知道選她絕對沒問題，希望蘇巧慧心想事成，另外同行的民進黨新北市議員鄭宇恩與同黨的新北市議員初選參選人游明諺也都可以高票當選。第3件，蔡其昌表示，台灣隊這次參加世界棒球經典賽，比12強更困難，對手都強得嚇死人，但球是圓的，「人生啊！我們遇到的都跟打球一樣，每件都困難，但我們一關一關來面對，一關一關來通過」，希望清水祖師及眾神佛可以神威顯赫，跟12強一樣，讓這次比賽也能拿到很好的成績。蔡其昌強調，如果縣市長、民意代表愛體育、支持運動、愛棒球，相信台灣體育的環境就會越來越好，體育好，台灣就會出頭，「不然我們要出頭，都會被對方（中國）打壓」，體育如果有名，全世界都知道，台灣的能見度可以變很大，提醒大家有空也要多運動。蘇巧慧表示，蔡其昌來自台中清水地區，她打趣說，人不親土親，土不親名字親，「來清水巖最親啦！」既然要選一個地方來發「Taiwan尚勇」小紅包福袋，當然就是淡水清水巖。民進黨新北市長參選人蘇巧慧今午與同黨立委、中華職棒會長蔡其昌到淡水清水巖發送福袋，吸引近千球迷大排長龍領取。（記者黃政嘉攝）民進黨新北市長參選人蘇巧慧（左二）與中華職棒會長蔡其昌（右二）今午在淡水清水巖發送福袋，發完後還應熱情球迷要求辦起簽名會，人氣爆棚。（記者黃政嘉攝）    ,https://news.ltn.com.tw/news/politics/breakingnews/5346281
賴清德新竹發福袋！力挺國防預算 「公司有賺錢要請保全」,政治,2026/02/19 17:57,總統賴清德今天大年初三到新竹市香山財神廟發1元紅包福袋。（記者洪美秀攝）總統賴清德今天大年初三下午到新竹市香山財神廟祈福及發1元紅包福袋，新竹天氣溫暖舒適，吸引大批民眾排隊領福袋，排隊人龍綿延1公里長。民眾都說拿到總統的紅包福袋，今年一定順利大發財，福氣滿滿。賴清德也細數政府照顧人民的各項政策，更以公司有賺錢要請保全保護家園為例，籲立法院能趕緊審查通過8年1.25兆的國防預算，更說今年台美對等關稅成功談好，將持續帶領台灣經濟成長，與全民共享經濟紅利。賴清德偕香山財神廟主委黃健榮與副主委陳可欣和立院總召柯建銘及民代向大家拜年，並說今天代表國家政府發送1元福袋給大家，雖是1元福袋，但這是來自國家、政府的福氣，接著提到台灣去年的經濟成長，已達8.68%，比日本韓國及美國和鄰近的中國都高，台灣股市更站上3萬3千多點，國家整體的經濟是在進步。請繼續往下閱讀...他也提到最近提出的8年1.25兆的國防特別預算，要來強化台灣的國防力量。並舉日本今年的國防預算就達1.8兆，韓國今年國防預算也有1.4兆新台幣，而台灣編列的特別預算，是分8年編1.25兆。以台灣的經濟實力，絕對有能力可負擔國防的預算。並說如果一間公司有賺錢，或家裡有賺錢，大家可能會找保全吧？就是請保全簽約，讓家裡比較安全、或是公司比較安全。同樣的道理，國家面對中國的威脅，難道不用強化我們的國防力量來保護人民生命財產安全嗎？賴清德也提到行政院主計總處已發表預測，預測今年2026年，台灣的經濟成長率，將成長7.71%，但國際性財經研究單位，已預估台灣今年經濟成長率會超過百分之8。隨後他也細數政府照顧人民的政策，包括0到6歲國家一起養的補助，還有讀高中高職，不管公私立，都不用學費，由政府出。讀私立大學學費比較貴，中央也有補助，未來領老農津貼的人，1個人1個月追加到1萬元，沒公保、沒勞保也沒農保的家庭主婦，參加國民年金，未來1個人1個月至少可領5千元。賴清德細數台灣經濟成長，期與國人共享經濟紅利。（記者洪美秀攝）總統賴清德到新竹市香山財神廟發1元紅包福袋，想領取的民眾相當多，排隊人龍綿延1公里。（記者洪美秀攝）    ,https://news.ltn.com.tw/news/politics/breakingnews/5346271
賴清德北埔慈天宮發紅包福袋 竹北市長鄭朝方生日許三願,政治,2026/02/19 17:49,總統賴清德（左）大年初三下午到新竹縣北埔鄉慈天宮發紅包福袋。（記者洪美秀攝）總統賴清德今天下午到新竹市香山財神廟發1元紅包福袋後，又趕往新竹縣北埔鄉慈天宮祈福參香發新春1元紅包福袋，民進黨竹縣黨部主委、也是竹北市長鄭朝方恰逢今天生日，鄭朝方許下3個願望。賴清德再次細數台灣經濟成長成果，感謝國人在士農工商堅守工作崗位，每個人都很用心、非常努力，為了自己的家庭，也幫社會、國家持續進步。賴清德說，去年台灣在經濟上交出亮眼的成績單，特別是對美關稅談定後，對台灣未來的經濟發展，特別是中小微企業的發展，是一個新局面的開始。他也提到，新竹縣未來也是一個新局面的開始。因為縣長楊文科已2任屆滿，非常希望在國家新局面開始的時候，新竹縣也有一個新局面的開始。新竹縣進步，國家也同樣進步。請繼續往下閱讀...鄭朝方隨後致詞向總統賴清德提到今天是他的生日，將許3個願望，他說，第一個獻給我們台灣，希望立法院的國防特別預算趕快審，另就是總預算，因為裡面有一項是「大新竹的高中」，如果沒有趕快審的話，明年有2000多名學生沒有辦法上學。新竹縣有2席立委，希望可以趕快，大家來拜託他們要把事情做好。第二個希望是竹北的改變，竹北市這幾年能見度很高。在新竹縣有三個「第一」：竹北是最大的縣轄市；湖口鄉是全台灣、全國最大的鄉；那最大的鎮也在新竹縣，是他的故鄉竹東鎮。既然新竹縣有這麼多的第一，希望新竹縣越來越好，竹北要越來越好，北埔也要越來越好，除竹北，12鄉鎮也要越來越好，走向新方向。第三個則放在心裡，祝福大家身體健康、新年快樂。總統賴清德大年初三下午到新竹縣北埔鄉的慈天宮發紅包福袋，一旁竹北市長鄭朝方（左）適逢生日，也許下3個願望。（記者洪美秀攝）    ,https://news.ltn.com.tw/news/politics/breakingnews/5346283
賴清德苗栗參香祈福 鍾東錦、陳品安當面爭取建設  賴清德允重視協助,政治,2026/02/19 17:32,苗栗縣長鍾東錦（前排左二）當面向總統賴清德請命，爭取增設國小及科學實驗中學等教育建設。（記者張勳騰攝）總統賴清德今（19）日到苗栗縣頭份市永貞宮參香祈福，賴總統致詞時指出，從蔡總統到他任內近10年期間，已大幅改善苗栗縣的財政。中央政府給苗栗縣政府兩千多億的補助，今年要給苗栗縣的比去年又多了28億元。對於苗栗縣長鍾東錦當面爭取在頭份市增設一所國小，及科學實驗中學等地方建設，以及民進黨縣長參選人陳品安爭取中山高頭份第二交流道及五楊高架延伸到頭份市；賴總統則強調，會予以重視，並協助苗栗縣各項建設，讓苗栗縣能夠更加發展、更加進步，且他當總統是不分黨派，各縣市都要發展。鍾東錦致詞時，首先感謝賴總統將苗栗的財劃法分級由一級變成四級，並補足苗栗醫療資源不足，惟苗栗教育資源也非常不足，目前教育處正規劃頭份國中要蓋35間教室。還有文中7照南國中要蓋30間教室，各需近4億元，另在頭份建國國中慈輝分校蓋一所國小，總經費約16億8千萬，同時因在竹南、頭份及銅鑼科學園區等上班人口加起來將近15000人，其子女在這邊念書的有7000多人，已把學校擠滿，投資教育就是投資苗栗及台灣的未來，希望賴總統給苗栗一所科學實驗中學。請繼續往下閱讀...陳品安則表示，在她受徵召參選縣長時，就特別跟賴總統說，苗栗醫療資源不足是苗栗人的痛，很謝謝總統看到這件事情，行政院長特別到苗栗來補助部立苗栗醫院的急重症醫療大樓；其次是頭份第二交流道，包含五楊高架延伸到頭份，可以解決很多人交通上的不便，這部分她也有請總統及交通部長來幫忙，相信很快就可以讓頭份更發展。賴總統指出，他當總統是不分黨派的，各縣市都要發展，因為每一個人民都是國家的主人，所以他當總統，縣長的需求，立委或是議員、縣長候選人的建議，他都很重視，雖然很困難，但他都會排除萬難，協助大家完成心願。從蔡英文總統到他任內，近10年期間，已大幅改善苗栗縣的財政。中央政府給了苗栗縣政府兩千多億元補助，今年給苗栗縣比去年又多了28億元。賴清德強調，中央不僅讓苗栗縣財政平衡，一些交通建設、醫療服務或是教育服務，他都很重視。其實，不是苗栗縣縣長會跟他講而已，陳品安在他還沒來苗栗縣之前，都已經跟他講了，大家都很關心苗栗縣未來發展。他一定會努力協助苗栗縣各項建設，讓苗栗縣能夠更加發展、更加進步。民進黨苗栗縣參選人陳品安（左）向總統賴清德爭取中山高頭份第二交流道，及五楊高架延伸到苗栗等重大建設。（記者張勳騰攝）    ,https://news.ltn.com.tw/news/politics/breakingnews/5346267
蕭美琴高雄發紅包 大排長龍1小時發不完,政治,2026/02/19 17:31,副總統蕭美琴（右3穿咖啡帽T）南下高雄發放小紅包。（記者黃佳琳攝）副總統蕭美琴今南下高雄鳳山代天府發過年小紅包，粉絲大排長龍，蕭美琴發了快一小時，人潮還是滿滿發不完，礙於行程因素只好中斷發放，但粉絲們不生氣，追問維安人員：「還可不可以拍照」，得到確定的答案後，粉絲們紛紛掏出手機，爭拍蕭美琴離開搭上車的畫面。蕭美琴今走訪台南、嘉義、屏東廟宇發放小紅包，最後一站是鳳山代天府，蕭美琴發放紅包的訊息早已公開，也讓民眾排起長長的隊伍等著拿紅包；蕭美琴到場時，致詞向民眾恭賀新年快樂，並希望國家能夠國運昌隆，人民也能夠團結一致，讓高雄越來越美，越來越好！大家一起加油！副總統蕭美琴南下高雄發放小紅包。（記者黃佳琳攝）    ,https://news.ltn.com.tw/news/politics/breakingnews/5346266
民眾黨幹部上桌打麻將！黃國昌「一舉動」挨轟超不衛生,政治,2026/02/19 17:30,四叉貓今日在Threads上發文表示，黃國昌邊打麻將邊吃東西，把麻將沾的到處都是。（取自四叉貓Threads）春節期間打幾把麻將，是民眾與親友相聚時最喜歡的活動之一。民眾黨主席黃國昌日前與秘書長周榆修等幾位幹部打麻將，結果遭網友質疑邊打麻將邊吃東西「不衛生」。民眾黨主席黃國昌與民眾黨秘書長周榆修、民眾黨發言人張彤、民眾黨立法院黨團主任陳智菡齊聚一堂打麻將，氣氛輕鬆熱絡，眾人邊打還一邊聊法律問題以及選戰情勢，過程也被民眾黨YouTube頻道「民眾之聲」播出。請繼續往下閱讀...不過，黃國昌當天邊吃零食邊打麻將，有網友在Threads上轉發影片截圖以及相關片段，引發其他網友批評「不衛生」、「噁心」。四叉貓今日在Threads上發文表示，黃國昌邊打麻將邊吃東西，把麻將沾得到處都是，引發網友討論，結果竟還有小草出來護航，稱牌桌上的陳智菡也邊打邊吃，只要大家同意打麻將可以吃食物就好了。對此，四叉貓忍不住問，黃國昌的口水沾到麻將，陳智菡用手碰完麻將再拿食物吃，這樣算是他們兩人的間接接吻嗎？貼文一出，網友紛紛留言：「你好煩，大過年的別那麼噁心」、「這衛生習慣很有問題耶！沒有叉子？沒有筷子？」、「大過年的不要這樣好嗎」。     在 Threads 查看    ,https://news.ltn.com.tw/news/politics/breakingnews/5346247
王金平院長春節餐會 陳其邁現身難得與「她」合照,政治,2026/02/19 17:18,立委柯志恩（右）與高雄市長陳其邁（左）在前立法院長王金平舉辦的新年餐會上，留下難得的合影。（民眾提供）前立法院長王金平每年大年初三固定在路竹老家舉辦新年餐會，今年現場席開45桌，將代表國民黨參加高雄市長選舉的立委柯志恩，也在餐會上與高雄市陳其邁留下合影，柯向陳喊話，未來如有機會到中央任事，相信能發揮與高雄市議會朝野議員的溝通順暢，讓目前高度對立的朝野政局獲得緩解。今年王金平的新年餐會邀請陳其邁、前立委侯彩鳳、前高雄市議長黃啟川及高雄在地不分朝野黨派民代、里長，以及王金平院長南一中校友、工商界與大岡山地區在地醫療院所同仁等，在王金平帶領下，眾人舉杯互道新年快樂，祝福彼此和家人新的一年馬上成功、心想事成。請繼續往下閱讀...柯志恩致詞時強調，王金平院長的新年餐會是高雄政壇的傳統，也是大家學習王金平院長待人處事的最好場合，明年大家都一定會在王院長的餐會中相聚；柯也向與會的市長陳其邁喊話，希望陳其邁未來如有機會到中央任事，相信能發揮與高雄市議會朝野議員的溝通順暢，讓目前高度對立的朝野政局獲得緩解，柯、陳兩人也同框合照，留下難得合影。前立法院長王金平每年大年初三固定在路竹老家舉辦新年餐會。（民眾提供）    ,https://news.ltn.com.tw/news/politics/breakingnews/5346270
怕親戚問東問西？ 網友祭出政治話題神救援 釣出賴清德親回冷笑話,政治,2026/02/19 17:12,"賴清德建議過年期間，如果不知道跟親戚朋友說什麼，不妨說一個冷笑話。（圖擷取自@william_chingte社群平台「Instagram」）有網友分享，回親戚家見到剛出社會的表妹開始被遠房親戚詢問「薪水、感情」方面的問題時，他一個箭步向前「賴清德現在執政一年多……」，客廳的資深大人話鋒直接轉向政治，他覺得自己拯救了表妹、也謝謝總統賴清德護國之虞，保護了一個孩子的過年心情。不料，釣到賴清德回覆IG影片建議「講冷笑話」。賴清德在社群平台「Instagram」發文表示，過年期間，他知道年輕的朋友都很怕長輩的關心，因此今年過年他特別安排了「馬年冷笑話時間」，讓大家過年不用問東問西，只問身邊親友：好不好笑？也提醒大家：團聚時刻，大家互相尊重、也留點空間給彼此，一起過個和氣又圓滿的好年。請繼續往下閱讀...影片開頭是賴清德封自己為「講冷笑話高手」。冷笑話內容為：有一天小美問小明，從台北騎車到台南要多久，小明說「要很久吧」，小美又問「那起碼要多久？」，小明說「騎馬一定更久啊」。網友對冷笑話的接受程度不一，「笑話是冷的，總統是暖的」、「謝謝威廉一直到處推銷冷笑話」、「感謝總統在台南熱翻的時候降點溫度」、「哈哈哈釣出本人」、「過年還得靠你坦（挺）親戚」、「恭喜獲得總統級的冷笑話⋯」、「威廉說冷笑話的成功率：20%，威廉海巡示範救場的熱忱：1,000,000%」。        在 Instagram 查看這則貼文            賴清德（@william_chingte）分享的貼文賴清德（@william_chingte）分享的貼文     在 Threads 查看賴清德自稱是「講冷笑話高手」。（圖擷取自社群平台「Threads」）    ",https://news.ltn.com.tw/news/politics/breakingnews/5346242
自由說新聞》柯文哲失言連環炸！喊「參選人水準高」網翻舊片酸爆：上樑不正下樑歪,政治,2026/02/19 16:58,全新的視界！新聞話題不漏接，快訂閱YouTube 【自由追新聞】，記得開啟小鈴鐺哦！    ,https://news.ltn.com.tw/news/politics/breakingnews/5346268
副總統蕭美琴到屏東市發紅包 連貓也有份,政治,2026/02/19 16:33,有民眾知道副總統蕭美琴愛貓，特別抱著愛貓來向副總統領紅包。（記者李立法攝）副總統蕭美琴今天到屏東發紅包，受到民眾熱情歡迎，她大讚屏東的天氣最溫暖，很有「恆春」的感覺；她並親切地向每位領取紅包的民眾打招呼，祝福每一個人新年快樂，讓領到紅包的民眾都非常開心。蕭美琴今天下午在屏東縣長周春米等人陪同下，前往屏東市永安里的南方代天府祈福，聽到副總統要來發紅包的民眾，中午已經在廟前大排長龍，蕭美琴向五府千歲參拜後，逐一將印有「七喜春來」賀詞的馬年紅包發給每位鄉親。請繼續往下閱讀...民眾扶老攜幼前來領取副總統的紅包沾喜氣，有新手爸媽抱著嬰兒來討紅包添福氣，也有民眾知道副總統蕭美琴愛貓，特別抱著家中愛貓來向副總統領紅包，令蕭美琴感到驚喜，開心與貓主人親切互動。蕭美琴說，春節期間她到全台各地發紅包，她覺得屏東天氣最溫暖，很有「恆春」的感覺，她祝福大家新年快樂，希望每一個人在新的一年都要努力、加油。屏東縣長周春米說，副總統蕭美琴代表總統府到屏東發紅包，現場準備一千多個紅包全部發完，展現蕭副總統的高人氣，她也要祝福每位屏東鄉親，在新的一年勇氣加倍，馬到成功。民眾扶老攜幼向副總統蕭美琴（中蹲者）領紅包。（記者李立法攝）小朋友開心展示副總統蕭美琴發的春節紅包。（記者李立法攝）    ,https://news.ltn.com.tw/news/politics/breakingnews/5346250
賴清德苗栗參香扮財神爺發1元福袋 盼鄉親賺大錢,政治,2026/02/19 15:30,總統賴清德到苗栗縣頭份市永貞宮參香祈福，致詞強調政府會對人民提供更好的照顧。（記者張勳騰攝）總統賴清德今（19）日苗栗縣頭份市永貞宮參香祈福，發送「1元福袋」給現場鄉親；賴總統指出，「一元復始，萬象更新」，發1元福袋是要給大家帶來福氣，尤其大年初三，迎財神爺，請把他當作財神爺。大家拿到了這份1元福袋，就會賺大錢。賴清德並強調，經濟在進步，然後稅收在增加，所以政府要對人民提供更好的照顧，「加薪、減稅、增進社會福利」，就是希望讓台灣每一個人，都能夠在這塊土地上安居樂業。賴總統今天在苗栗縣長鍾東錦、永貞宮管理委員會主任委員、苗栗縣議會副議長張淑芬、立委陳超明及民進黨苗栗縣長參選人陳品安、黨籍縣議員等民代陪同前往永貞宮拜，祈求國泰民安，風調雨順。請繼續往下閱讀...賴清德致詞指出，去年南部有颱風，造成重大災情；東部也有颱風，燕子湖堰塞湖那邊也造成重大災情；中部也有非洲豬瘟。所以他到媽祖廟永貞宮替台灣人民祈福，希望今年不管是哪一個縣市，都能夠平平安安、順順利利。同時他要代表國家、政府，發放一元福袋給大家，有一句話說「一元復始，萬象更新」；所以去年如果大家很順利，今年會更順利；如果過去一年大家不是那麼愉快，那不愉快會留在過去，新的一年迎接一個更好的未來。所以一元是要給大家的，帶來福氣。賴清德強調，行政院最近通過3件事，也就是要加強對弱勢民眾的照顧，第一，如果是低收入戶，從上個月開始，每人每個月可以多領1千塊錢。如果是4口之家，一對夫婦養兩個小孩，這樣就是4千塊錢。如果是中低收入戶，每個月每人增加750元。第二，苗栗縣有很多農民，行政院已經通過，未來請領老農津貼的，會提高到每人每月1萬元。如果民眾不是公保，也不是勞保、農保，主要是家庭主婦，會參加國民年金保險，行政院也已經通過，未來每人每個月提高到5千元。總統賴清德到苗栗縣頭份市永貞宮，發送一元福袋給小朋友。（記者張勳騰攝）總統賴清德到苗栗縣頭份市永貞宮參香祈福，發送一元福袋給鄉親，盼鄉親賺大錢。（記者張勳騰攝）    ,https://news.ltn.com.tw/news/politics/breakingnews/5346226
民眾過年瘋看甄嬛傳！一畫面聊天室突狂刷「大清鄭麗文」,政治,2026/02/19 14:35,當播到經典「皇后燒香連斷兩次」一幕時，聊天室突然狂刷一排「鄭麗文」。（取自粉專「事實盛於雄辯」）今年農曆春節，八大電視台在YouTube直播宮鬥經典劇《後宮甄嬛傳》24小時馬拉松，並開放聊天室讓網友線上聊天、討論。當播到經典「皇后燒香連斷兩次」一幕時，聊天室突然狂刷一排「鄭麗文」，連結到國民黨主席鄭麗文16日出席法鼓山撞鐘活動祈福儀式，手中紅繩在儀式中兩度劇烈抖動的詭異景象。在《後宮甄嬛傳》第70集，皇后黨已節節敗退時，香港演員蔡少芬飾演的皇后烏拉那拉想通過禮佛焚香來平復心情，第一次燒香，心中默禱希望能夠保住地位，結果手上的香莫名其妙就斷了；她不信邪，屏息凝神再次點香，結果又斷了第二次。該橋段象徵著「不祥之兆」，代表皇后權力的傾頹。請繼續往下閱讀...有網友在臉書分享播到此處時，YouTube聊天室上觀眾們的反應，只見一票網友狂刷：「鄭麗文」、「大清鄭麗文」、「天意」、「鄭麗文 哈哈哈哈哈哈」；對此，臉書相關貼文下方，網友也紛紛留言：「線會抖兩次，是因為預告有魔頭降臨，一暈一吐」、「這個梗真的燒燙燙太厲害了」、「我真的要笑死」。針對紅繩激烈抖動引發討論，鄭麗文本人則是回應，她強烈感受到神明的感召，回應她虔心祝禱，「我心頭震動、感受強烈，誓願會善盡最大在野黨主席的責任，為人民好好監督執政黨，也祈求神明的引導保佑祝福。」    ,https://news.ltn.com.tw/news/politics/breakingnews/5346172
蔡英文過年拔菜照曝 網歪樓喊：割了好大一把「蔥」,政治,2026/02/19 14:23,前總統蔡英文今初三在臉書PO多張拔菜照，其中有一把割蔥照意外引發網友歪樓。（圖擷自蔡英文臉書）前總統蔡英文卸任後享受田園生活，今初三（19日）在臉書PO多張拔菜照，其中有一把割蔥照意外引發網友歪樓，笑稱「割了好大一把『蔥』！讚啦」。前總統蔡英文今在臉書PO出4張拔菜照，表示「鄰居邀請我到他們的菜園，自己拔菜。在過年的大魚大肉之中，也為自己補充一點綠色蔬菜。」這4張照片有拿著高麗菜、青江菜、橘子和蔥等作物。請繼續往下閱讀...其中1張割蔥照意外引發網友歪樓，有網友笑稱「割了好大一把『蔥』！讚啦」、「拔蔥、拔草」、「噓～蔥頭不見了……的蔥」、「黃國蔥瑟瑟發抖」。    ,https://news.ltn.com.tw/news/politics/breakingnews/5346158
蘇一峰發文連喊陳光復「植物人機會高」 醫留言嘆：學長你變了,政治,2026/02/19 14:17,澎湖縣大家長陳光復17日在文化局演藝廳下樓摔倒重傷昏迷，緊急後送高雄榮總。（圖由民眾提供）澎湖縣長陳光復17日在文化局演藝廳下樓時摔倒重傷昏迷，緊急後送高雄榮總。「小草醫師」蘇一峰在社群平台發文談及此事，多次提及陳「成為植物人機率非常高」，不少網友質疑他根本是幸災樂禍，政治工作者周軒也開砲，點名蘇服務單位台北市立聯合醫院陽明院區，質問「容許自己的醫師做這種發言？」更有不少蘇一峰的「學弟」的醫師們留言感嘆：「學長你變了」、「學長你說這些幹嘛？」陳光復17日活動中途疑因心臟心律不整或視力不好踩空摔倒，導致後腦勺著地，受到撞擊，造成蜘蛛網膜下出血，人失去意識，由於情形緊急，在澎湖的醫院做好基本處理後，後送到高雄榮總，年初一晚上緊急開刀進行腦壓減壓手術後，人尚未恢復意識，但昏迷指數已由5變為7。知情人士透露，目前陳光復的病情「往好的方向」發展，但未來1個月仍是關鍵。請繼續往下閱讀...陳光復意外發生當天，蘇一峰在Threads發文表示「看起來非常不妙」，接著表示「植物人機會高達九成」、「植物人機會非常高」，連說兩次強調「植物人」，令人質疑有弦外之音。周軒隔日凌晨在臉書表示，大年初一過了，可以罵人了。接著質問：「我就問蘇一峰特別發這篇是要幹什麼？顯示你醫術高超嗎？顯示你很行嗎？還是純粹是在幸災樂禍？」他還點名台北市立聯合醫院陽明院區：「你們是不是容許自己的醫師做這種發言？」蘇一峰Threads文下方，也被上百則留言灌爆。一名醫師留言表示：「學長你真的變很多，不是以前來學校幫我們上課的那位醫師了。」他認為，蘇一峰對綠營的恨已經嚴重扭曲了價值觀，「希望你跟國昌老師能早日找到曾經的你們」；還有一名醫師留言：「除了蹭流量，其實我不知道學長你說這些幹嘛……但幹嘛蹭這種流量呢……？學長你又不是沒流量的人。」    ,https://news.ltn.com.tw/news/politics/breakingnews/5346140
楊瓊瓔大年初三走訪9宮廟 發小紅包送祝福,政治,2026/02/19 14:16,大年初三，楊瓊瓔走訪台中市九所宮廟參拜並發送小紅包。（記者歐素美攝）今天是大年初三，國民黨台中市長參選人、立委楊瓊瓔，一早到神岡區參加溪底三里媽祖遶境的起馬炮儀式，祈求國泰民安、風調雨順，同時展開大年初三的拜廟發送小紅包行程。楊瓊瓔表示，春節期間各地宮廟人潮湧現，充滿年節喜氣，也展現台灣社會深厚的信仰文化與凝聚力，期盼藉由宗教力量，為市民帶來平安、安定與希望。楊瓊瓔點燃三聲起馬炮，恭送神岡溪底三里媽祖起駕遶境，隨即展開宮廟參香行程，先後前往太平太和宮、振坤宮、福興宮、南天宮、玉闕朝仁宮、永興宮參拜，中午過後，再趕往萬興宮及玉皇殿，完成9座宮廟的參香祈福，沿途信眾高喊「凍蒜」、「加油」，還有民眾拉著她合影留念。請繼續往下閱讀...楊瓊瓔表示，她在大年初一至初三已參拜近30間宮廟，深信神明會庇佑市民在馬年一切順遂、心願成真。每到一處都能感受到鄉親的熱情與期待，也聽到許多市民對城市發展的建議，這些都是她未來努力的重要方向。楊瓊瓔強調，過年期間以服務民眾為主，不談政治，希望讓市民感受到溫暖與關懷，強調其在台中深耕多年，對這片土地有深厚情感，城市發展更是她念茲在茲的責任，未來不論身處何種角色，都會持續為台中打拚，讓市民生活更幸福。大年初三，楊瓊瓔走訪台中市九所宮廟參拜並發送小紅包。（記者歐素美攝）    ,https://news.ltn.com.tw/news/politics/breakingnews/5346168
被總統點名「麥克風以後會比較大隻」 陳其邁正面回應了,政治,2026/02/19 14:05,陳其邁正面回應賴清德點名「麥克風以後會比較大隻」。（記者黃佳琳攝）大年初二（18日）被總統賴清德點名「麥克風以後會比較大隻」的高雄市長陳其邁，今走訪廟宇發放小紅包時正面回應此事；陳其邁說，市政的工作，一分一秒都不能鬆懈，「也一定會跟我們中央及國會合作」，希望高雄能夠一天比一天更加的進步。大年初二（18日），總統賴清德持續到各地參拜祈福，昨天上午參訪高雄時，面對年底即將卸任的高雄市長陳其邁，賴總統說，陳其邁不可能輕鬆太久，要有心理準備，麥克風以後會比較大隻，除了市政要交棒給立委賴瑞隆，未來還要幫中央承擔台灣的工作。請繼續往下閱讀...陳其邁今回應指出，市政的工作，一分一秒都不能鬆懈，最重要的高雄也處於正在轉型的一個關鍵期，各項重大的產業發展跟建設，也陸陸續續的在進行。像在北高雄最重要的白埔產業園區及捷運紅線等，這些的推動可以說是至關高雄城市轉型非常重要的一個關鍵期。陳其邁說，自己一定會努力再努力，一分一秒都不會鬆懈，也一定會跟中央及國會合作，希望高雄能夠一天比一天更加的進步，這是市民的一個期待，大家也希望市長不休息，市民就可以安心生活工作，也會把一些重大的工程建設，儘速的讓它能夠在期限內完成。    ,https://news.ltn.com.tw/news/politics/breakingnews/5346162
蕭美琴嘉市發福袋 民眾開心喊︰馬年行大運,政治,2026/02/19 13:47,有民眾特地穿了大紅色衣服來領福袋，希望新的一年「馬到成功萬事成」。（記者丁偉杰攝）今天大年初三，副總統蕭美琴今天近中午時到嘉義市南天門太子行宮參香祈福發福袋，許多人一早就來排隊，排第一個的林先生一早9點就來卡位，還自備小板凳坐著等候，領到副總統福袋時，他開心說：「馬年行大運」！今天近午11點半左右，蕭美琴由嘉義市長黃敏惠、市議長陳姿妏、立委王美惠及多位民進黨黨公職人員陪同進入太子行宮參香祈福，隨後在廟埕發放福袋。請繼續往下閱讀...現場排隊人龍從廟埕一路蜿蜒到友愛路，廟埕人潮滿滿，氣氛熱鬧。排第一個的林先生今早9點就來卡位，天氣熱，他還自備小板凳坐著等候，當領到副總統福袋時，他開心說：「馬年行大運」！過程中蕭美琴沒有致詞，她向民眾祝賀新年快樂，有民眾特地穿了大紅色衣服來領福袋，希望新的一年「馬到成功萬事成」。排第一個領到副總統蕭美琴福袋的林先生開心說：「馬年行大運」！（記者丁偉杰攝）副總統蕭美琴（第二排左三）在嘉市南天門太子行宮發福袋，林先生排第一個領到福袋。（記者丁偉杰攝）    ,https://news.ltn.com.tw/news/politics/breakingnews/5346152
賴清德傳授過年親戚「破冰絕招」 遭第一夫人無情吐槽,政治,2026/02/19 13:41,賴清德分享笑話前，還自誇是「冷笑話高手」。（圖擷取自賴清德Threads）總統賴清德今在社群平台發布賀歲冷笑話，影片開頭他自誇為「冷笑話高手」，未料隨即被剪入「第一夫人」吳玫如昔日吐槽他「10個笑話大概只有2個好笑」的訪談影片，反差互動引發網友熱烈討論。賴清德先是自信登場時自詡「我是講冷笑話高手」，沒想到畫面隨即跳到吳玫如過去吐槽他「很愛講冷笑話，大概10個只有2個好笑」，不過，賴依然不屈不饒地示範了一段超冷的「騎馬」笑話。請繼續往下閱讀...賴清德發文說，過年期間，年輕的朋友都很怕長輩的關心，因此他特別安排「馬年冷笑話時間」，讓大家過年不用問東問西，只問身邊親友：好不好笑？提醒大家：團聚時刻，大家互相尊重、也留點空間給彼此，一起過個和氣又圓滿的好年。    ,https://news.ltn.com.tw/news/politics/breakingnews/5346148
侯友宜初三赴頂泰山巖發福袋 祝賀「馬上賺錢」,政治,2026/02/19 13:38,新北市長侯友宜大年初三到頂泰山巖並發送新春福袋，祝民眾平安順心、賺錢發大財。（記者黃政嘉攝）今天是大年初三，位於新北市泰山區的頂泰山巖今天進行三峽長福巖清水祖師六股輪祀頂泰山股值年慶典，新北市長侯友宜今早到頂泰山巖參拜祈福，並發送新春福袋「馬上賺錢」，祝民眾平安順心、賺錢發大財。頂泰山巖建於1754年，是泰山地區歷史悠久的廟宇，其供奉主神「金面顯應祖師」，現為新北市市定古蹟，侯友宜今早接續到泰山、五股區參拜，他表示，今天初三跟大家拜年，祝大家過年期間都平安、順心，今年發送新春福袋，福袋設計結合旋轉木馬與10元硬幣，有金馬奔騰轉圈，如在新北轉1圈，象徵在新北大家都能賺錢，馬上發大財；排頭香的新北市民謝先生表示，他今天清晨6點半就來排隊，希望拿到市長福袋，討個好彩頭。請繼續往下閱讀...頂泰山巖總幹事王淑芳指出，今年由頂泰山巖輪值負責值年慶典，透過創意神豬、平安橋等形式，為顯應祖師賀歲，也替信眾祈福，此外，廟方每年初一到初五也準備素的平安麵，讓信眾吃得平安、健康。新北市長侯友宜今早到頂泰山巖參拜祈福。（記者黃政嘉攝）新北市長侯友宜今早到頂泰山巖參拜祈福，另致贈香油錢給廟方。（記者黃政嘉攝）    ,https://news.ltn.com.tw/news/politics/breakingnews/5346146
蕭美琴嘉縣發福袋 排第1個7旬視障翁領到很歡喜,政治,2026/02/19 13:32,視障的75歲賴姓老翁（左三）在妻子與小孫子陪同下排第一個，領到副總統蕭美琴福袋。（記者丁偉杰攝）今天大年初三，副總統蕭美琴上午到嘉義縣民雄鄉大士爺廟與慶誠宮參香祈福，並在慶誠宮廟前廣場發福袋，許多人一早就來排隊，不乏拄著拐杖、助行器或坐輪椅的長者，1名75歲的視障賴姓老翁在妻子與小孫子陪同下排第一個領福袋，他說，「今早9點就來排隊，領到副總統福袋很歡喜」。今天上午10點半左右，蕭美琴由嘉義縣長翁章梁、立委蔡易餘、陳冠廷及多位民進黨黨公職人員陪同先到大士爺廟參香，再走到一街之隔慶誠宮參香並發放福袋。請繼續往下閱讀...許多人一早就來排隊等領福袋，廟宇周邊湧現排隊人龍，其中不乏拄著拐杖、助行器或坐輪椅長者由家人陪同排在隊伍中，大人小孩等領福袋，廟埕人潮滿滿，氣氛熱鬧。一名住在民雄鄉視障的75歲賴姓老翁拄著拐杖在妻子與小孫子陪同下，今早9點就來慶誠宮排隊排第一個，當領到副總統福袋時，他笑嘻嘻說「很歡喜」。過程中蕭美琴沒有致詞，她向民眾祝賀新年快樂，約在現場停留不到1個小時，隨即轉往嘉義市繼續走春發福袋行程。不少拄著拐杖、助行器的長者也來排隊副總統蕭美琴福袋。（記者丁偉杰攝）副總統蕭美琴在慶誠宮廟前發福袋，許多人一早就來排隊。（記者丁偉杰攝）視障的75歲賴姓老翁（左）在妻子與小孫子陪同下到慶誠宮領副總統福袋。（記者丁偉杰攝）    ,https://news.ltn.com.tw/news/politics/breakingnews/5346136
允諾善用人民血汗錢 賴總統：國防特別預算1.25兆 台灣絕對可負擔,政治,2026/02/19 13:15,總統賴清德到台中元保宮參拜，並與廟方人員等合影留念。（記者歐素美攝）賴清德總統今天上午11點多，前往台中北區保宮參拜及送福袋，他表示，台灣國防特別預算1.25兆，國家絕對負擔得起，台海和平穩定，不可能台灣完全不出力，呼籲大家要對國家有信心，不要因為中國的威脅，後腳就軟了，大家要有勇氣，國防預算是人民血汗錢，他會好好運用。賴總統表示，他和蔡英文總統前後擔任總統10年期間，讓國家更安全，國防預算不斷調整增加，向國際社會宣誓，台灣絕對有能力守護國家安全，維持台海和平的決心。請繼續往下閱讀...賴清德表示，美國發表國家安全戰略報告，重點在美國要確保本土安全，處理國家周邊種種問題，避免未來共產主義，威權社會對美國的威脅，力量移到印太地區，主要目的在阻擋中國勢力向外擴張，對台灣安全非常有幫助。賴總統說，七大工業國領袖每次會議不約而同的共同結論，就是台海和平穩定是世界安全繁榮的必要因素，不准任何國家以武力或威脅改變台海現狀，這是國際發展的局勢，包括日本首相高市早苗在國會質詢時也講得很清楚，台海和平不只是台灣面對，更是全世界民主國家手牽手要確保台灣安全。總統表示，美國報告中提到集體防禦、責任分攤，印太國家團結合作，所以美國國防預算今年1兆美金，日本國防預算1.8兆台幣，南韓今年國防預算1.4兆台幣，台灣國防特別預算1.25兆，分8年、1年1千多億，國家絕對負擔得起，不可能台灣安全，台海和平穩定，台灣完全不出力，他呼籲大家對國家要有信心，不要因為中國的威脅，我們的後腳就軟了，大家要有勇氣，國防預算是人民血汗錢，他會好好運用。總統賴清德到台中元保宮發放福袋。（記者歐素美攝）    ,https://news.ltn.com.tw/news/politics/breakingnews/5346123
黃國昌擬開晚間政論節目突破封鎖 柯文哲：叫我去我就參加,政治,2026/02/19 13:01,台灣民眾黨主席黃國昌（左1）、創黨主席柯文哲（右2）等人，前往萬華龍山寺走春參拜祈福，並向排隊民眾發送紅包，會前並先接受媒體聯訪。（記者田裕華攝）民眾黨主席黃國昌日前預告，晚上要加開屬於自己的政論節目，對此，他今天拜廟受訪表示，針對台灣重要公共政策議題，會提供民眾黨非常明確且仔細的看法，也會邀請不同陣營參與。前主席柯文哲被問到會不會參加，則回應「人家叫我去參加，我就會去參加了」。黃國昌指出，去日本參訪看到許多新興政黨，為了突破主流媒體的封鎖，在網路節目有新創意，回來後中央黨部同仁有在規劃，除了本來中午的「民眾之聲」，希望晚上也能新增帶狀節目，針對台灣重要公共政策議題，提供民眾黨非常明確且仔細的立場和分析，也會邀請不同陣營，乃至於公共政策領域上的意見領袖，大家一起來參與。請繼續往下閱讀...黃國昌說，這項規劃已在緊鑼密鼓進行中，期盼能夠盡快跟大家見面；一旁的柯文哲說，受邀就會去參加。台灣民眾黨主席黃國昌、創黨主席柯文哲等人，前往萬華龍山寺走春參拜祈福，並向排隊民眾發送紅包，會前並先接受媒體聯訪。（記者田裕華攝）    ,https://news.ltn.com.tw/news/politics/breakingnews/5346111
陪賴總統發福袋 何欣純盼立院儘速通過關稅協議、國防特別條例,政治,2026/02/19 12:49,"何欣純盼立法院不分朝野黨派，儘速通過台美關稅協議及國防特別條例。（記者歐素美攝）民進黨台中市長參選人、立委何欣純，今天陪同總統賴清德到龍井永順宮參拜及發放福袋，賴總統推薦何欣純是立法院第一名的立委，何欣純則表示，對美關稅談判這段時間，總統跟談判團隊非常辛苦，接下來希望立法院能不分黨派及朝野，儘快通過台美關稅協議及國防特別條例，讓台灣產業回春，台灣可以永久平安。何欣純今天陪同總統賴清德到龍井永順宮參拜及發放福袋，賴總統推薦何欣純是民進黨台中市長參選人，指何欣純擔任立委，在立法院表現第一名，反映了很多台中的現況，讓他在對美談判時能貼近台中產業的意見。請繼續往下閱讀...何欣純則表示，大家都很期待賴總統到永順宮，有人一早6點半就到場排隊，並感謝賴清德總統走到大肚山上的永順宮，為了台灣跟美國的關稅談判，總統跟談判團隊這段期間非常辛苦，接著在立法院，她希望不分黨派、朝野，大家可以趕快通過台美關稅協議，讓台灣產業及台中的產業可以景氣回春，愈來愈好，接著國防特別條例，也希望不分朝野快快通過，讓台灣永久平安。大年初三，何欣純也馬不停蹄，先後前往沙鹿玉皇宮、龍井永順宮、北區元保宮、北屯廣天宮、大甲鎮瀾宮及梧棲浩天宮走春參拜，並發放小紅包給民眾。民進黨台中市長參選人、立委何欣純，大年初三陪同總統賴清德到龍井永順宮參拜及發放福袋。（記者歐素美攝）    ",https://news.ltn.com.tw/news/politics/breakingnews/5346110
蘇巧慧八里參拜發福袋 鐵粉緊跟人氣旺,政治,2026/02/19 12:47,民進黨新北市長參選人蘇巧慧今穿著Team Taiwan紅色帽T，到八里開臺天后宮參拜。（記者黃政嘉攝）「福氣加碼、新年快樂！」今天是大年初三，民進黨立委、新北市長參選人蘇巧慧今天穿著Team Taiwan紅色帽T，一早喜氣洋洋地接連到蘆洲保和宮、八里開臺天后宮參拜、發送1元福袋，祈求八里、全台灣國泰民安，有鐵粉緊跟蘇巧慧今天的參拜行程，人氣強強滾，蘇巧慧今午將再與立委、中華職棒會長蔡其昌到淡水清水巖發送福袋，她表示，淡江大橋將在今年5月通車，八里也會迎來新的階段，相信八里會愈來愈好。蘇巧慧人還未到，八里開臺天后宮廟門一早就聚集民眾排隊領福袋，其中1位江小姐是蘇巧慧的忠實粉絲，她另準備蘇巧慧的「恭賀新禧」海報給蘇巧慧簽名，她跟同行友人表示：「蘇巧慧在哪，我們就到哪，今天4場行程都追，拿到蘇巧慧的福袋跟親筆簽名加持，非常開心」。請繼續往下閱讀...蘇巧慧表示，八里的渡船頭，整條有美食、又有風景，還可以坐渡船，淡江大橋將在今年5月通車，八里也會迎來新的階段，相信八里會愈來愈好，帶著在地的里長們一起努力，這就是地方同心協力，讓家鄉建設更好；非常高興有這麼多的好朋友都喜歡來新北，新北真的很棒，有山、有海、有河，以及城市、鄉村，「不管你愛怎麼玩，都可以在新北找到你喜歡的地方，下午我也會再去天元宮看櫻花，新北這麼棒，就像百寶箱，歡迎大家來新北一起玩」。民進黨新北市議員鄭宇恩與同黨的新北市議員初選參選人游明諺也跟著蘇巧慧到八里開臺天后宮參拜，鄭宇恩表示，大家這麼早來拜拜，希望保佑大家新的1年，馬上有錢，幸福加碼，也希望蘇巧慧順利當選新北市長，為八里帶來更多建設，一起為八里努力；游明諺盼鄉親一同支持蘇巧慧、他與鄭宇恩，祝賀馬年行大運、一路發發發。蘇巧慧的忠實粉絲準備海報給蘇巧慧簽名後合影。（記者黃政嘉攝）民進黨新北市長參選人蘇巧慧今到八里開臺天后宮發送福袋。（記者黃政嘉攝）民進黨新北市長參選人蘇巧慧（左）今到八里開臺天后宮參拜，右為八里開臺天后宮主委張金貴。（記者黃政嘉攝）    ,https://news.ltn.com.tw/news/politics/breakingnews/5346087
台中發福袋 賴清德談台灣今年經濟成長率、推動國防產業,政治,2026/02/19 12:41,總統賴清德表示，台灣經濟表現良好，呼籲大家對國家及對台灣要有信心。（記者歐素美攝）賴清德今天上午10點多到台中龍井區新庄永順宮參拜及發放福袋，致詞時感謝大家認真打拚推動國家進步、經濟繁榮發展，他表示，台灣去年整體經濟成長率達8.68%，遠超日、韓、美及中國，行政院主計總處估計今年經濟成長率約7.71%，國際財經單位則估計可能超過8%，台灣表現良好，呼籲大家要對國家有信心，對台灣要有信心，未來他將加強國防、打造台灣之盾，強化人工智慧整體運用及推動國防產業，尤其要拜託台中，因為台中是機械工業的大本營，「我們有實力」。賴總統說，他今天代表國家與政府發送一元紅包給大家，主要感謝大家在各行各業認真打拼，推動國家進步及經濟繁榮發展，去年各台灣經濟成長表現非常亮眼，整體經濟成長率達到8.68%，較日本、韓國的1%多、美國2%多及中國4%還要多，股市更突破33000點。請繼續往下閱讀...賴總統說，未來會更好，因全民智慧化時代來臨，高科技產業會繼續發展，台灣對美國關稅談出好成績，「過去日韓因與美國簽定自由貿易協定，產品外銷美國稅金較低，我們中小企業的產品銷美國關稅較高，現在則拉平，大家都是15%」，無形中與日韓競爭佔據有利地位，未來高科技會更進步，傳統產業也蓄勢待發，兩個引擎在推動台經濟進步，行政院主計總處估計今年經濟成長率約7.71%，國際財經單位則估計可能超過8%，大家要對國家有信心，對台灣要有信心。賴清德說，經濟好，政府未來將強化國防，打造台灣之盾，像以色列的「鐵穹」或美國的防禦系統，如果對方有無人機或飛彈過來，「我們要有防禦能力」，在賺錢之餘也要有保障，就像家裡賺錢要裝保全系統；其次是強化人工智慧整體運用，並推動國防產業。賴總統說，政府稅收增加，就要用來照顧人民，因為人民才是國家的主人，所以政府推動育兒津貼、教育補助、長照3.0、增加弱勢補助、老農津貼及國民年金。現場共準備了1400份福袋，何欣純與賴總統一起發放，隨後並轉往台中元保宮繼續發放福袋。其中，越南新住民阮小姐帶著2個女兒，一早6點半就來排隊，搶頭香排第一，她表示，因為賴總統很好，很喜歡賴總統，所以一早就來排隊，只要有賴總統的行程，她知道就會來排隊，希望領到總統發的福袋。總統賴清德到台中永順宮發放福袋，優先發放給老弱及行動不便的長者。（記者歐素美攝）    ,https://news.ltn.com.tw/news/politics/breakingnews/5346075
江啟臣大年初三海線走春  粉絲驚喜獻上「鉤針紅馬」祝好運,政治,2026/02/19 12:27,粉絲贈送江啟臣親手鉤針編織的「紅色小馬」，祝江「馬上啟程、馬到成功」。（江啟臣提供）今天是大年初三，立法院副院長江啟臣前往大肚萬興宮及梧棲浩天宮等參拜，一名熱情粉絲因江啟臣昨日走訪宮廟時，將身上的國旗別針贈送給其他民眾，今天特別準備了親手鉤針編織的「紅色小馬」贈送給江啟臣，祝福江副院長能「馬上啟程、馬到成功」。江啟臣上午在立委顏寬恒、市議員林昊佑、吳瓊華及林孟令陪同，前往大肚萬興宮參拜，並向民眾拜年，一名熱情粉絲因昨日看見江啟臣在走訪宮廟時，將身上的國旗別針大方贈送給其他民眾，今天特別準備了親手鉤針編織的「紅色小馬」贈送江啟臣，祝福江副院長「馬上啟程、馬到成功」，江啟臣隨即將這份溫暖的心意佩戴在胸前，並對粉絲的巧思與祝福表示感謝。請繼續往下閱讀...江啟臣隨後轉往梧棲浩天宮，前立委蔡壁如、市議員陳廷秀熱情相迎，浩天宮主委王經綻並特別代表廟方，致贈一枚精緻的「金馬別針」給江啟臣，王經綻並以諧音，預祝江副院長「金馬（台語「現在」）啟程」，祝福其在國會與政壇都如金馬奔騰。江啟臣下午將續前往龍井三陽玉府天宮、清水紫雲巖及大甲鎮瀾宮等參拜，一整天將發送約5000份小紅包，希望將新春的祝福，親手遞送到每位市民手中。江啟臣到海線宮廟走春，發送小紅包。（江啟臣提供）浩天宮主委王經綻（右一）代表廟方致贈「金馬別針」給江啟臣。（江啟臣提供）    ,https://news.ltn.com.tw/news/politics/breakingnews/5346088
為什麼北捷地圖不朝北？德國在台協會超困惑 網揭背後貼心設計,政治,2026/02/19 12:25,德國在台協會18日於臉書表示，在德國，基本上所有地圖都是「北方在上」，讓他們疑惑為什麼台北捷運的地圖卻會朝向各種不同方向。（圖擷取自German Institute Taipei 德國在台協會臉書）德國在台協會昨（18）日於臉書表示，在德國，基本上所有地圖都是「北方在上」，讓他們疑惑為什麼台北捷運的地圖卻會朝向各種不同方向。對此，有網友很有共鳴，認為北捷的地圖設計讓他們每次要找路時都很困惑，但也有網友釋疑，台北捷運是以「看地圖那一面所朝的方向」為正上方，可以讓正在看地圖的人輕易知道出口方位。德國在台協會昨日於臉書發文指出，德國人喜歡明確的規則，而且通常也會遵守，這不只適用於法律，在其他領域也是如此。請繼續往下閱讀...德國在台協會舉例指出，在德國，基本上所有地圖都是「北方在上」，沒有人會想到還能有別的畫法，尤其是其他歐洲國家也都遵循這個規則，然而，台北捷運的地圖卻朝向各種不同的方向，有時北在上，有時南或西或東在上，「讓可憐的德國佬感到很困惑」，讓他們很好奇，為什麼要用這麼不一致的方式來呈現？對此，有網友很有共鳴地說，「台灣的地圖與路標本來就是給已經知道怎麼走的人看的」、「不朝北很難與地圖書及google地圖對照」；但也有網友不滿地表示，「N在哪裡有畫給你了，看不懂就是德國人的問題了吧？」並說「明確的規則？那火車幾點到也是規則欸？」，諷刺德國鐵路並不準時。不少網友在留言區釋疑指出，台北捷運是以「看地圖那一面所朝的方向」為正上方，可以讓正在看這張地圖的人，輕易知道每個出口在自己前後左右哪個方位，日本其實也有許多非北方在上的地圖。連結：https://www.facebook.com/DeutschesInstTaipei/posts/pfbid0qDwEUjschnfVi9dh4hCEpN9bPx8bENSqiv28kVbavzoYE212XfzZsrUDaTafrj9dl?__cft__[0]=AZYAeXl1c3b-qi9yBfKk0bzBhfYbmCh-KZ7fCSKKNxYU1gIa4Se0z_TVgEAP_LtRziH2S0ml6SVz9-Qm2FU85Bp99KCRv9AHq_ompBzFB89xtR_w4qro0gydJTJ-qA4v_UVCbudxHLsOshmUoUFYAZswRh5w0ZqqFqi2J7pg6QcTjA&__tn__=%2CO%2CP-R    ,https://news.ltn.com.tw/news/politics/breakingnews/5346090
何時與李四川啟動「雙母雞」模式？ 蔣萬安避談：過年講好話,政治,2026/02/19 12:23,台北市長蔣萬安。（記者董冠怡攝）台北市長蔣萬安今日在北市議長戴錫欽、議員秦慧珠的陪同下，繼續走訪台北市宮廟祈福，並於松山慈祐宮受訪，對於何時與副市長李四川啟動「雙母雞」模式拉抬選情，他未正面回應；戴錫欽則說，時間到了就會合體，大家敬請期待。蔣萬安表示，今天大年初三，習俗上是「睏到飽」，但他一早仍再次來到台北市各宮廟參拜，並向所有市民拜年，祈求台北市在新的一年，四時無災、八節有慶、合境平安。請繼續往下閱讀...媒體詢問，到年底大選將任要角，怎麼看外溢效果、會不會到北市之外的縣市輔選？他僅回，大年初三過年期間，「我們都是講好話」，也希望到各宮廟走訪，除了拜年以外，也祈求國家風調雨順、國泰民安。針對基層期待雙母雞合體，戴錫欽認為，自然時間到了就會合體、水到渠成，大家敬請期待。    ,https://news.ltn.com.tw/news/politics/breakingnews/5346077
昏迷指數5變7 陳光復重傷「往好的方向」發展,政治,2026/02/19 12:11,澎湖縣長陳光復重傷後送高雄榮總，目前開完刀後情況穩定。（資料照）澎湖縣長陳光復大年初一參加活動踩空摔倒，重傷後送高雄榮總救治，據了解，陳光復原本昏迷指數為5，當天緊急開完手術後，昏迷指數已變為7，知情人士透露，目前陳光復的病情「往好的方向」發展，但未來一個月仍是關鍵。陳光復疑因心臟心律不整或視力不好踩空摔倒，導致後腦勺著地，受到撞擊，造成蜘蛛網膜下出血，人失去意識，由於情形緊急，在澎湖的醫院做好基本處理後，後送到高雄榮總，年初一晚上緊急開刀進行腦壓減壓手術後，人尚未恢復意識，但昏迷指數已由5變為7。請繼續往下閱讀...知情人士透露，今天上午，行政院長卓榮泰南下慰問春節期間留守的醫護人員前，已先前往高雄榮總探視陳光復，而陳光復經過緊急開刀後，腦壓一直處於穩定狀態，但因做了開顱手術，為了讓他能安靜休養，因此目前除插管外，另給予高劑量的鎮定劑和抗生素，接下來一週，會視他的恢復情況逐漸降低劑量，待陳光復恢復自主呼吸後，才得以確認是否有後遺症。至於是否還有機會投入選戰工作，知情人士指出，目前暫無法評估受損情程度，但考量他的年紀和這次所受重傷情況，要再拚連任「確實有點難度」。    ,https://news.ltn.com.tw/news/politics/breakingnews/5346072
黃國昌拜廟支持者高喊「市長」 路過民眾接著轟「臭俗辣」,政治,2026/02/19 12:03,民眾黨主席黃國昌今日在龍山寺參拜，被一名男子大喊「臭俗辣」。（記者董冠怡攝）民眾黨主席黃國昌今天前往龍山寺參拜，並與創黨主席柯文哲一起發送發財金給排隊民眾，接近尾聲時，在支持者一片「加油」、「黃國昌，市長」熱情呼喊中，一名阿伯路過接著大喊「臭俗辣」，工作人員隨即以多聲高分貝「新年快樂」蓋過，黃則並未受到影響，一行人從另一邊離開，趕往下一個拜廟行程。向黃國昌嗆聲的阿伯受訪表示，黃國昌的兒子在美國，他是美國人的爸爸，藍白在國會擋了十次國防預算，共機、共艦頻繁擾台，沒有國防哪來自救？一天到晚唱衰台灣、想把台灣弄倒，國民黨主席鄭麗文除夕夜法鼓山紅繩抖動，就是在警告她站錯邊、提醒位子要站對。請繼續往下閱讀...他表示，現今股市繁榮、站上高點，代表賴政府執政路線是對的，他自稱無黨無派，強調往年選舉藍、綠的票都投過，但國會亂象讓人看不下去，加上年事已高、不知還有多少年可活，為了後代子孫著想，才會出來發聲。他說，中國經濟民生內卷得那麼厲害，「以為求和投降，就會有好日子可過嗎」？中國共產黨極權專制，「它的法令就是官方說了算」，質疑中國人透過婚配生子在台洗人口，又不願放棄中國籍，憑什麼健保繳了一輩子，卻要讓中國人坐享其成？政府要硬起來！柯文哲、黃國昌今天早上9點至下午5點，表訂先後走訪龍山寺、木柵忠順廟、文山指南宮、松山慈惠堂、松山慈祐宮及芝山巖惠濟宮，每站停留約30分鐘至1個半小時不等。    ,https://news.ltn.com.tw/news/politics/breakingnews/5346050
張惇涵：若童子瑋當選市長 將組「基隆囡仔連線」為市民謀福利,政治,2026/02/19 12:02,行政院秘書長張惇涵（左二）與基隆市議長童子瑋（左一）到慈雲寺參拜。（童子瑋辦公室提供）大年初三行政院秘書長張惇涵陪同基隆市長參選人、議長童子瑋前往慈雲寺參拜，並發送紅包，向民眾拜年，張惇涵表示，童子瑋積極爭取水污染補助到警察繁重加給，未來童子瑋當選市長，他會跟童子瑋組成中央地方的「基隆囡仔連線」，一起為基隆市民謀福利，幸福加碼。張惇涵也是基隆人，他擔任行政院秘書長開始，與童子瑋有許多互動，去年基隆遭遇自來水油污事件，童子瑋就向中央爭取地方清洗水塔、水費減免的補助，而春節前公布的警察勤務加給，也是童子瑋這大半年向行政院極力爭取的成果。請繼續往下閱讀...張惇涵說，他跟童子瑋都是在地出生的基隆囡仔，未來童子瑋當選市長，將組成「基隆囡仔連線」，延續現在行政院在交通、教育、長照、勞工薪資等政策，未來會繼續「幸福加碼」，造福基隆市民。童子瑋表示，張惇涵秘書長是蘇貞昌院長、蔡英文總統、賴清德總統所倚重的發言人跟政策幕僚，在基隆水污染的時期，卓榮泰院長特別指派張惇涵統籌協助，他立刻整合經濟部、環境部以及水公司，協助基隆人度過難關，他在群組裡的「立即回報、馬上掌握」，讓他印象深刻。童子瑋指出，基隆有許多建設無法以一己之力完成，不管是交通、產業、長照問題，都需要中央政府大力協助，尤其涉及產業發展、港市合作的基隆港計畫，以及攸關10萬通勤族日常的捷運，中央地方必須連線合作，爭取中央更多支持。行政院秘書長張惇涵（左一）與基隆市議長童子瑋到慈雲寺發紅包。（童子瑋辦公室提供）    ,https://news.ltn.com.tw/news/politics/breakingnews/5346045
大年初三拍賀年短片  朱立倫慘遭年輕人「惡整」,政治,2026/02/19 12:00,國民黨主席朱立倫在大年初三（19日）與年輕團隊大玩社群梗，學習短影片節奏，拍攝馬年吉祥話祝福影片。（朱辦提供）前國民黨主席朱立倫在大年初三（19日）與年輕團隊大玩社群梗，學習短影片節奏，拍攝馬年吉祥話祝福影片，眾人輪流說祝福吉祥話，然而輪到朱立倫說完現場卻鴉雀無聲，當他以為是NG畫面還要求重拍時，大家直呼「你被整了、企劃成功！」現場歡笑聲不斷。朱辦指出，這次的企劃構想源自社群短影片的#justgivememymoney 梗風潮，在原先的社群短影片的拍攝中，眾人會輪流用大聲誇張的語氣喊出“just give me my money”，其他人則會在旁邊熱烈歡呼。不過，當輪到預定好的被惡整的人時，其他人就會保持沉默，製造出尷尬的搞笑畫面。請繼續往下閱讀...而這次影音企劃，萊爾校長製作人韋淳祐、前國民黨發言人楊智伃、康晉瑜、鄧凱勛，則將台詞改成「萬事都馬好」、「Horse（好事）成雙」、「龍馬喜利」、「年年有餘」，藉由影片祝福國人新年快樂，博得歡呼；然而當朱立倫說出「馬上幸福」時，現場一片寂靜，畫面尷尬又好笑，成為這次企劃被惡整的人。大年初三推出影音計畫，除了希望藉著輕鬆影片帶給大家歡笑，也期許大家能把握新年假期與家人歡聚的時光，即便是好玩性質地惡整一下家人、朋友，也能成為最溫馨、永恆的記憶。    ,https://news.ltn.com.tw/news/politics/breakingnews/5344532
蔡英文退休生活曝  爬山拔菜卻「比噓」自爆：菜是別人煮的,政治,2026/02/19 12:00,前總統蔡英文新年期間到鄰居的菜園一起拔菜、採橘子，還自曝「菜是別人煮的」。（蔡英文辦公室提供）前總統蔡英文的退休生活，不是在爬山、就是去爬山的路上，用身體力行感受台灣的美。新年期間，蔡也化身「點心大使」，帶著愛犬樂樂、鳳梨妹到山上給10隻狗朋友們送零食加菜，並到鄰居的菜園一起拔菜、採橘子，自曝「菜是別人煮的」後，還不忘手比噓叫大家保密，場面逗趣。從釋出的影片中，蔡英文展現不同以往輕鬆的一面，據悉，卸任公務後，蔡英文常常不是在爬山，就是在往爬山的路上，身體力行感受台灣土地的美，山上的朋友也都熱情又熱心，三不五時送來自家種植的蔬菜水果，還會分享特製的美食及飲品。請繼續往下閱讀...今年春節，蔡英文也帶著樂樂和鳳梨妹走訪山中鄰居家拜年，出發前蔡先帶著樂樂向山間的石頭公虔誠拜拜，盼保佑狗狗們身體健康，隨即上山為10隻狗朋友送零食加菜，蔡對這群狗友的喜好瞭若指掌，依照每隻狗狗的口味親自分配不同零食，還幫牠們拍了美美的新年照。蔡總統卸任後，有更多時間能爬山，山上的狗朋友們也因此有了更多幸福的點心時光，鄰居透露，蔡英文現在已經是狗狗們最期待的貴客，只要看到她出現，狗狗們都會興奮地搖尾歡迎；甚至在蔡英文出國期間，主人還得特別跟狗狗交代：「小英最近不會出現喔！」除此之外，蔡英文也體驗了農家樂，走進鄰居家的菜園與果園，一同挽起袖子體驗拔菜、採橘子的樂趣，看著滿載而歸的成果，蔡英文也打趣地說：「自己加菜自己拔，但是菜是別人煮的。」自曝小秘密後趕緊比了「噓」的手勢，要大家保密，氣氛輕鬆愉快。前總統蔡英文新年期間到鄰居的菜園一起拔菜、採橘子，還自曝「菜是別人煮的」。（蔡英文辦公室提供）    ,https://news.ltn.com.tw/news/politics/breakingnews/5342792
鋼彈認成鹹蛋超人！潘孟安走春買玩具沒帶錢 慘遭「考題伺候」,政治,2026/02/19 12:00,潘孟安在玩具店現學現賣WOW手勢。（圖由總統府提供）總統府秘書長潘孟安今年晉升「新手叔公」，為了在春節給孫姪輩驚喜，潘特別走訪一家青年創業玩具店大採購，不料處理國事俐落的府秘書長，踏入玩具世界竟然「大斷片」，不僅誤將帥氣的鋼彈模型認成「鹹蛋超人」，結帳時還發現沒帶錢包，慘遭隨行幕僚「考題伺候」，現場笑料百出。踏入琳瑯滿目的玩具店，潘孟安原想展現叔公的威嚴與品味，沒想到面對當紅的模型與玩具，竟顯得有些手足無措，走到模型區時，他指著帥氣的鋼彈模型自信滿滿地說：「這大家都知道，是鹹蛋超人啊！」瞬間引發全場爆笑，潘也自嘲，自己實在離潮流有點太遙遠。請繼續往下閱讀...尷尬的插曲發生在結帳時刻，潘孟安挑選了一堆戰利品準備帥氣買單時，翻遍口袋才發現匆忙出門真的沒帶錢，面對老闆尷尬的微笑，潘孟安只好轉頭向隨行小編「伸手」，沒想到小編趁機發起獎金挑戰賽，宣稱「答對才有紅包買玩具」。第一題「模型名稱」潘孟安仍堅稱是鹹蛋超人，慘遭淘汰；第二題「今年是什麼年」，他正確回答「馬年」，才順利獲得第一份購物基金，現場氣氛既混亂又充滿笑聲。面對第三題大魔王考驗「國家生育補助金額」，潘孟安終於發揮「大管家」本色，秒答：「這問我就對了！除了中央一胎十萬元，還能疊加地方政府補助。」專業表現讓小編乖乖交出獎金。雖然獎金只夠買下其中一盒玩具，但好不容易拿到戰利品的潘孟安顯然「鬥志被燃起」，轉頭追問小編：「還有什麼問題？快問，我要繼續答題買禮物！」展現出為了家人「拚了」的超萌韌性，這段「尋禮」也讓大家看到秘書長私下溫暖、幽默及疼愛晚輩的一面。    ,https://news.ltn.com.tw/news/politics/breakingnews/5342983
怒控柯文哲「像賤狗般被拖行」！陳佩琪再轟賴清德：此仇永不共戴天,政治,2026/02/19 11:57,前台北市長柯文哲與妻子陳佩琪。（資料照）前台北市長、民眾黨創黨主席柯文哲的太太陳佩琪昨（18）日臉書發文質疑，賴清德總統在情人節貼出與愛犬合照，是將妻子比喻成狗，並把自己弄得像單身狗，不尊重另一半。柯被問及此事時表示，不要引誘他批評太太，否則連早餐都沒得吃。陳佩琪今（19）日再度發文將矛頭轉向司法與執政黨，指控柯文哲遭不當羈押與政治操作，甚至稱柯「像賤狗一樣被拖行著，比賴清德的斑斑都還不如」。陳佩琪今早在臉書發文表示，過去一年柯文哲被搜索、羈押，「一個法官說證據不足，卻被另一個法官收押，沒人回應我這到底是怎麼回事，從此我的先生就在我身邊消失一年，甚至父親過世、自己生病開刀，還被用羈押兼禁見這種惡劣手段對付他」。請繼續往下閱讀...針對京華城案，陳佩琪引述柯文哲說法稱，議員陳情後的便當會，身為市長的他請專人處理，聲稱並未介入，卻因為這樣被搜索、羈押。她並控訴，柯文哲「從此出現在媒體面前，就是銬著手銬像賤狗一樣被拖行著，比賴清德的斑斑都還不如，這還不打緊，從此玩他玩上癮，一直被延押，提抗告永遠被駁回，民進黨還很得意，派人親自拿雞鴨飯去北所賞給他吃，黨檢媒一體，配合的天衣無縫，網軍、媒體、柯黑一天24小時LIVE加重播，用國家機器、24小時羞辱、誣賴我們」。陳佩琪透露，今早柯文哲出門前，她提到這段慘痛，柯則要她整理外界指控相關說法，包括比特幣、冷錢包、家裡藏三億、拿議員或沈的錢去存、買辦公室是行賄或用名畫賄絡等所謂「一刀斃命」證據的影片找出來，剪接給社會大眾看看這些人的嘴臉，「是的，這些人的嘴臉是這樣，但通告費、廣告費、出版費已經賺飽飽了…」最後，陳佩琪痛批，更可惡的是關到自己爸爸過世了，柯文哲身為兒子也不能送行，「自己身體垮了要開刀，我這醫生太太也被隔在外不能看，我要跟民進黨和賴清德講， 你們一張狗照片就要上來如此罵我，你們要不要去看看過去一年來我們是怎樣被你們對待的？！老公被惡整關一年，關到差點掛掉，我只講一條狗這樣，已經很有水準、很節制了！此恨永無絕期、此仇永不共戴天！」貼文曝光後引發熱議，不少網友批評陳佩琪是在「提油救火」，紛紛留言回應，「在辦公室騎飛輪收300萬也是誣賴嗎？這麼不合理的行為自己要付最大的責任」、「提油救火好棒棒，柯P前輩子可能欠妳很多，是說也有可能是這輩子惡事做多的現世報」、「您真的要少說話，有些事說太多不見得是好事」、「不貪污怎麼會被抓，本末倒置，驚世夫妻」。    ,https://news.ltn.com.tw/news/politics/breakingnews/5346024
蘇巧慧發布第2支政績影片 強調深耕基層體育、見證林郁婷奪金之路,政治,2026/02/19 11:26,民進黨新北市長參選人蘇巧慧（中）今早到八里開臺天后宮參拜、發福袋，並談到她長期支持基層體育的政績。（記者黃政嘉攝）民進黨立委、新北市長參選人蘇巧慧從大年初一起陸續發布「會做事、事做對」政績短影片，繼首支影片談她化身水獺媽媽陪伴親子後，今再發布第2支影片，強調她長期支持基層體育、並與台灣首位奧運拳擊金牌得主林郁婷有長達10年的深厚友誼，她說，體育要從基層紮根，她為新北每間學校爭取更多的訓練設施，也支持政府推動「黃金計畫」及各項運通賽事培訓經費，她將持續搭建更好的舞台，讓更多選手發光發熱。蘇巧慧今早接連到蘆洲保和宮、八里開臺天后宮參拜、發福袋，對於今天發布深耕基層體育的政績影片，她受訪表示，剛開始擔任立委時，就遇到還是學生的拳擊手林郁婷，她後來變成了台灣的奧運金牌，一路走來，「林郁婷遇到困難時，我們會協助她，需要爭取資源時，我們也一起努力」，因為她的關係，更知道學校建設對培訓1個競技選手有多麼的重要，「所以我在樹林、鶯歌、新莊等地，甚至現在也擴大到全新北，為每間學校爭取更多的訓練設施，選手、一般學生都可以用，甚至操場連鄉親都可以使用」。請繼續往下閱讀...她提到，林郁婷過去在鶯歌工商的練習環境相當辛苦，她當時向教育部體育署爭取上百萬經費，為鶯歌工商設置「拳擊基訓站」，全面更新器材並改善訓練空間，並攜手林郁婷的教練曾自強，協助修正拳擊量級規範，讓更多選手有機會站上擂台。蘇巧慧說，良好的訓練環境是發掘潛能的基礎，自上任以來，她已為新北超過40間學校，爭取近200項、總經費超過8億元的軟硬體設施改善，包括翻新操場跑道、整建活動中心地坪，改善老舊廁所及通學步道；在專業訓練場地，她陸續為學校爭取天幕球場、室內投打練習場、紅土棒球場、拳擊基訓站及網球場等；而當學生離開校園成為選手和教練，她也期盼給予他們最好的照顧，她在立法院一直支持政府推動「黃金計畫」及各項運通賽事培訓經費，提供選手最完整的培訓資源。她指出，在地的民進黨新北市議員鄭宇恩平常也非常關心教育，因此在淡水、八里區，也共同合作了很多的學校建設，未來如果能夠再增加同黨的新北市議員初選參選人游明諺一起來努力，「相信我們的北海岸地區，一定可以讓孩子們教育更好，也讓鄉親們有更多好的生活空間」。民進黨新北市長參選人蘇巧慧今再發布第二支政績短影片，強調她長期支持基層體育，並與台灣首位奧運拳擊金牌得主林郁婷有長達10年的深厚友誼。（圖由蘇巧慧辦公室提供）民進黨新北市長參選人蘇巧慧今早到八里開臺天后宮參拜。（記者黃政嘉攝）民進黨新北市長參選人蘇巧慧今早先到蘆洲保和宮參拜、發福袋。（記者黃政嘉攝）    ,https://news.ltn.com.tw/news/politics/breakingnews/5346039
蕭美琴返鄉發福袋喜遇麻吉老同學 回憶2人國二大冒險,政治,2026/02/19 11:08,副總統蕭美琴（右2）返回台南發送馬年新春福袋， 喜遇失聯20多年的老同學蔡碧原（右3 ）。（記者蔡文居攝）今天大年初三，副總統蕭美琴上午返回故鄉台南，到北區開基玉皇宮參拜及發送馬年新春福袋，意外遇到失聯20多年的老同學蔡碧原，蕭美琴第一眼就認出她，驚喜萬分。蔡碧原表示，她和蕭美琴是後甲國中同班同學，2人非常要好，經常一起玩、看電影，還曾騎腳踏車從後甲國中騎到現在的安平林默娘公園，這是她們第一次嘗試騎這麼遠，當時對國二生的她們，算是很有挑戰性及有點冒險的小旅行。蕭美琴今天由台南市長黃偉哲、立委陳亭妃、立委兼民進黨市黨部主委郭國文、開基玉皇宮主委涂大松等人陪同參拜祈福，並發送馬年新春福袋的小紅包，現場大排長龍。蕭美琴逐一親切與民眾互動，並與小朋友拍照，有的民眾清晨6點就來排隊領取福袋，人龍排到忠義路上去，展現超高人氣，整個過程發送了半小時才結束。請繼續往下閱讀...期間，與蕭美琴失聯20多年的國中同學蔡碧原，今天上午8點就來排隊。當她領取福袋時表明身份，蕭美琴第一眼馬上認出，十分驚喜。蔡碧原表示，她國二和國三和蕭美琴同班，2人在班上是麻吉的好朋友，經常一起出去玩、看電影，也到對方家玩。蕭的功課很好，一直是班上前幾名，國中畢業也考上台南女中。她記得上家政課時，蕭對於美食展現好手藝，直到現在還記得蕭製作的肉桂捲，還有蕭從媽媽身上學到的美式西點，非常好吃。蔡說，印象最深的是，有一次，她們國二期中考考完，利用下午時間，2人從東區後甲騎到安平去玩，現在看起來覺得還好，但當時她們只是國二生，第一次騎單車到那麼遠的地方（單程約9公里，來回逾1小時），覺得很具挑戰性，這趟旅程一直到現在還記憶猶深。蔡碧原開心展示老同學蕭美琴的馬年福袋小紅包。她說，領到老同學的小紅包非常開心，更開心的是與老同學能再次重逢。（記者蔡文居攝）為了領取副總統蕭美琴的馬年新春福袋，民眾現場大排長龍，有的人清晨6點就來排隊。（記者蔡文居攝）副總統蕭美琴（右2）回台南發送馬年福袋小紅包，全程笑臉迎人，逐一親切與民眾互動。（記者蔡文居攝）    ,https://news.ltn.com.tw/news/politics/breakingnews/5346032
昔國造潛艦預算被卡 486先生自稱曾想捐3億助造艦,政治,2026/02/19 11:02,國造潛艦「海鯤號」日前進行潛航測試。（資料照）電商網紅「486先生」在臉書自稱，在國造潛艦預算凍結時，他曾找上立委王定宇，表達願意支付3億元來協助建造潛艦，不過王定宇安撫他說會想辦法解套，要他別急。486先生臉書「陳昶」今發文表示，兩年多前，我國首艘自製潛艦的一筆3億元預算被國民黨立委馬文君凍結，他指出，首艘自製潛艦非常重要，真的跟時間在賽跑，認為若他能出這筆錢，那麼潛艦製造的時間就不會被拖延。請繼續往下閱讀...「陳昶」稱，當時找上立委王定宇，表達願意支付這3億元這樣的意願，不過王定宇安撫他說會想辦法來解套，要他別急。最後預算順利解套，雖然延遲了幾個月，但製造過程得以繼續。面對網友質疑根本沒有3億元捐款，「陳昶」嗆：「被卡住的3億元讓王定宇委員解套了，我當然就無須捐款。這邏輯很簡單，但對這些智障是真的很難懂。」他強調，自己不是錢多到沒地方花，而是他知道，若被中國共產黨併吞，再多的家產，也只是隨時會被沒收的紙張。    ,https://news.ltn.com.tw/news/politics/breakingnews/5346010
戰貓合體水獺媽媽！ 蕭美琴、蘇巧慧打包「惜食便當」年節送暖,政治,2026/02/19 11:00,「戰貓」副總統蕭美琴春節前特別與「水獺媽媽」立委蘇巧慧一同前往新北市板橋區的「惜食廚房」擔任志工，並與志工共餐寒暄。（總統府提供）農曆春節全台沉浸在年節氣氛中，「戰貓」副總統蕭美琴特別與「水獺媽媽」立委蘇巧慧合體做公益，一同前往新北市板橋區的「惜食廚房」擔任志工，親自參與洗菜、打菜及便當打包工作，以實際行動實踐「疼惜食材、疼惜台灣」的理念，也為寒冷的年節注入一股暖流。活動當天，蘇巧慧先行抵達備料間，與志工們一同低頭洗菜，展現純熟家常身手；蕭美琴隨後抵達廚房，一同換上圍裙、戴上口罩，專業地加入「打飯班」，各司其職負責不同菜色。請繼續往下閱讀...完成配菜後，蕭美琴與蘇巧慧移師廚房外，協助將熱騰騰的飯菜打包成盒，並親手交給當日輪值送餐的台北仁愛扶輪社友，由其開車接力，將這份溫馨的熱食送往雙北地區的弱勢族群手中。完成忙碌的志工服務後，蕭美琴與蘇巧慧也與現場志工們圍坐，共同享用「惜食便當」，分享服務的心得，氣氛輕鬆溫馨；蕭美琴也致贈新年春聯與福袋，逐一祝福大家健康平安、新年快樂。這座位於板橋的「惜食廚房」自2020年正式啟用以來，長期擔任媒合各界物資的橋梁，將即期、過剩或不符銷售標準的生鮮食材，由志工製成愛心便當，並由認養送餐的扶輪社友分送給雙北地區弱勢族群，落實剩食循環「疼惜食材 疼惜台灣」的公益理念。「戰貓」副總統蕭美琴特別與「水獺媽媽」立委蘇巧慧一同前往新北市板橋區的「惜食廚房」擔任志工，加入打菜行列。（總統府提供）    ,https://news.ltn.com.tw/news/politics/breakingnews/5342787
賴總統南下祈福化身賴醫師 柯文哲：為何常遇到有人昏倒很奇怪,政治,2026/02/19 10:48,賴總統昨天南下走春拜廟，接連遇到宮廟主委嘔吐、民眾昏倒，當場化身賴醫師上前關心。民眾黨創黨主席柯文哲（中）今參拜龍山寺受訪說，為何賴不是急救專家，但常遇到民眾昏倒？很奇怪。（記者田裕華攝）賴總統昨天南下走春拜廟，接連遇到宮廟主委嘔吐、民眾昏倒，當場化身賴醫師上前關心。對此，民眾黨創黨主席柯文哲今參拜龍山寺受訪說，為何賴不是急救專家，但常遇到民眾昏倒？很奇怪。柯文哲表示，交給現場醫護處理是對的，除非現場沒有醫護人員才要介入，總統到哪應該都有醫療團隊，所以交給醫療團隊是合理的。請繼續往下閱讀...不過他疑惑，自己也是急救專家，很少遇到有人昏倒，為什麼賴清德不是急救專家，卻常常遇到有人昏倒，統計上很奇怪。    ,https://news.ltn.com.tw/news/politics/breakingnews/5346011
賈永婕被封「轉型正義油罐車」張育萌：國民黨仍在阻止台灣追求真相,政治,2026/02/19 10:39,101董事長賈永婕。（資料照）電影《世紀血案》未上映就掀起軒然大波，因未取得林義雄及家屬同意拍攝，引發各界質疑。台北101董事長賈永婕近日透露，小年夜終於和林義雄時任助理田秋堇通上電話，兩人聊了30多分鐘，談及歷史與情感，讓她直呼「真的很溫暖」。不過，她也自爆，當晚還因為發出一篇關於鄭南榕的貼文，惹得老公臭臉相待。對此，台灣青年世代共好協會理事長張育萌直言，台灣人記憶歷史的困難，主因是「威權政黨」國民黨阻止真相的行動，仍是現在進行式。賈永婕小年夜與田秋堇通上電話一事，讓張育萌不禁有感而發。他昨（19）晚在臉書發文指出，「為什麼台灣人記憶歷史如此困難？有個威權政黨阻止我們追求真相，仍是現在進行式」，並列出國民黨在在立法院阻撓轉型正義的作為。他指出，去年審議《不義遺址條例》時，國民黨立委鄭天財、林倩綺等人提出將時程納入清朝與荷蘭時期，藉此模糊威權統治焦點，導致發生林宅血案的「義光教會」最終因缺乏專法，被北市府文化局駁回古蹟申請。請繼續往下閱讀...他進一步表示，2022年文化部把中正紀念堂一樓，原本陳列「蔣中正事蹟」的展廳，一半維持「蔣中正與中華民國」展，另一半改為「自由的靈魂vs.獨裁者」常設展。展場重現鄭南榕自焚殉難的場景，還原當時《自由時代》週刊的辦公室。然而，藍白在立法院過半之後，去年立刻提案，砲轟「『自由的靈魂 vs.獨裁者』展覽，與蔣中正總統文物常設展放置同一樓層展廳」，是「扭曲國家對重要歷史人物紀念的意義，破壞國家主要藝術文化門面的主視覺」。最後，中正紀念堂的預算被重砍3000萬，「對，國民黨瘋起來，連中正紀念堂的預算都敢砍」。張育萌提到，國家人權博物館訪談看守所前所長黃福周，比對政治受難者陳中統日記，還原當時看守所的場景。人權館的景美園區，就是白色恐怖時期的景美看守所，橫跨1968到1992年，景美看守所是警總的軍法處看守所。美麗島事件發生後，全台大抓捕。當時的「美麗島大審」就是在景美看守所的第一法庭進行。人權館的常設展，還原當時的收發室、職員辦公室、輔導長室。到展場，可以體驗跟親人面會，還有通信內容被監看的高壓身心狀態。張育萌續指，去年1月，藍白把國家人權博物館的3成業務費通通凍結；去年8月，文化部再提追加預算，就包括人權館、台灣文學館和台灣博物館的營運費，總共大概5300萬，卻被國民黨立委王鴻薇、羅智強聯手，把文化部追加預算通通刪除，一毛都不留。針對賈永婕被封為「轉型正義油罐車」，賈董還說自己發文講鄭南榕前輩的事，是「趁老公去洗澡的時候發的」，讓張育萌感嘆，身為台灣人，本身就是很不容易的事，甚至有日本朋友看到中正紀念堂大廳，看見「蔣公座車」威風展示，再走向對面如今是「自由花蕊」常設展，對「加害者與被害者並存」的怪異景象也感到困惑，並問「剛剛對面那個展的黨，不就是加害者嗎？」最後張育萌分享，自己跟田秋堇在一場人權公約的審查會議曾有一面之緣，對方聽見自己對台灣的未來感到焦慮時，曾溫柔勉勵「民主就是這樣啊，我們手拉著手一起往前進。我們以前要衝破的是戒嚴令。那時候，就像在黑漆漆的隧道裡，不知道盡頭在哪，但民主不就是這樣嗎？只要看到哪裡有光，我們就手拉著手，一起往盡頭的光衝過去。」    ,https://news.ltn.com.tw/news/politics/breakingnews/5345961
回本命區北市參拜龍山寺 柯文哲：議員選舉一定要全壘打,政治,2026/02/19 10:28,前台北市長柯文哲（右二）表示，不是希望北市議員選舉全壘打，而是一定要做到。（記者田裕華攝）前台北市長柯文哲今與民眾黨主席黃國昌、立委邱慧洳、台北市議員參選人許甫及吳怡萱等人，前往龍山寺祈福。聯訪時，被問到回到本命區台北市，本次議員選舉希望可以全壘打，柯回應，是一定要做到，提出的候選人水準都相當高，應該沒有問題。柯文哲說，不是希望議員選舉全壘打，而是一定要做到。台北市6個選區各有提人，共計6人，這算是保守提名，所以只要集中選票，該做的都做了，將理念推銷給市民，應該要全壘打。請繼續往下閱讀...他提到，最重要的是，這次提出的候選人，水準都相當高，「我認為應該沒有問題（指議員選舉全壘打）」。    ,https://news.ltn.com.tw/news/politics/breakingnews/5345998
桃園鄉親要領總統福袋快來！ 賴清德下午將前往桃園市大廟景福宮,政治,2026/02/19 10:08,立法委員張雅琳預告賴清德總統下午將到桃園大廟景福宮發送福袋。（擷取自張雅琳臉書）民進黨立法委員張雅琳在臉書發文預告，今天下午她將陪同賴清德總統在桃園市的「桃園大廟景福宮」，發送限量1元福袋給民眾，邀請民眾一起來相見歡，「把好運、平安、喜氣一次帶回家」。張雅琳製作圖卡PO上臉書，提醒民眾大年初一到初三「跟雅琳一起去領總統小紅包」，其中，大年初一賴清德到林口竹林山觀音寺、大年初二副總統蕭美琴到桃園平鎮褒忠祠，發送1元福袋給民眾，都吸引許多民眾前來領取福袋。請繼續往下閱讀...今天大年初三，賴清德下午將前往桃園大廟景福宮發送1元福袋，民眾得知後，都呼朋引伴要前往景福宮，盼領到總統發送1元福袋、得到滿滿福氣。    ,https://news.ltn.com.tw/news/politics/breakingnews/5345984
被問陳佩琪發文批總統 柯文哲笑回：別引誘我批評太太,政治,2026/02/19 09:46,台灣民眾黨創黨主席柯文哲等人，前往萬華龍山寺走春參拜祈福，會前並先接受媒體聯訪。（記者田裕華攝）民眾黨創黨主席柯文哲的太太陳佩琪昨天臉書發文指，賴總統在情人節分享跟狗狗合照，質疑他把老婆比喻成狗、把自己弄得像單身狗，不尊重另一半。對此，柯今前往龍山寺參香表示，不要引誘他批評太太，否則連早餐都沒得吃。柯文哲受訪時咯咯笑回，你們千萬不要引誘我批評陳佩琪，不然連早餐都沒有得吃，「所以我已經回答你的問題，千萬不要引誘我批評陳佩琪好不好？」    ,https://news.ltn.com.tw/news/politics/breakingnews/5345966
習近平親自施壓！WSJ爆美對台新軍售擱置中 川普官員陷兩難,政治,2026/02/19 09:39,《華爾街日報》（WSJ）披露，一輪新的美國對台軍售方案目前正陷入停滯。該方案包括愛國者防空飛彈攔截器及其他武器。圖為美軍的愛國者三型增程型飛彈（PAC-3 MSE）。（圖擷取自美軍DVIDS網站）《華爾街日報》（WSJ）披露，一輪新的美國對台軍售方案目前正陷入停滯。知情官員指出，由於中國國家主席習近平親自施壓，加上川普政府內部擔憂此舉恐衝擊4月初的「川習會」，導致該軍售案目前被迫「卡關」。報導指出，該方案包括愛國者防空飛彈及其他武器。習近平在本月初與川普的通話中，強烈要求美方在對台軍售議題上「保持審慎」。由於川普預計於4月訪問北京，美方官員坦言，川普政府目前極力避免在出訪前與北京鬧僵。當週一被媒體問及是否會持續對台供武時，川普的回應顯得曖昧。他表示：「我正與習主席討論這件事，我們有過一次很棒的對話，很快就會做出決定。」他也隨後補上一句：「我們和習主席的關係非常好。」請繼續往下閱讀...根據《華爾街日報》獨家報導，北京已對美國去年12月公布110億美元（約新台幣3500億元）對台軍售案震怒，然而習近平在通話中對此議題施壓的同時，美國官員正討論額外的對台軍售計畫。美國知情官員透露，川普的顧問們對此決定猶豫不決。該官員強調，雖然習近平態度堅定，但川普不會被中國擺布。但另一名官員表示，川普希望維持與習近平的貿易休戰，因此軍售決定的時機正在幕後被仔細權衡。美國國會尚未收到新軍售案的正式通知，但一名國會幕僚表示，預計該方案將包括愛國者防空飛彈攔截器及其他武器。報導請求回應評論時，一名美國官員表示，軍售案正在政府內部程序處理中。報導指出，為了確保4月峰會順利，美中雙方正積極磋商。中方目標爭取取消關稅、放寬AI晶片出口管制。美方可能要求中國大量採購大豆、波音飛機及美國能源，以削減對中貿易赤字。更重要的是，一些中國政策顧問在內部討論，如果美國在反對台獨方面採取更積極的立場，中方可能會提出一份更大的經濟方案，可能包括大規模購買美國國債。目前尚不清楚由副總理何立峰領導的中國談判代表是否認真考慮這些提議。在外交降溫的氛圍下，五角大廈1月發布的國防戰略報告也展現出較為溫和的語調，強調追求「中國也能接受的和平」，雖然仍重申將在「第一島鏈」（含日本、台灣、菲律賓）建立防禦，但卻未直接點名台灣。華府研究機構 Beacon Policy Advisors 分析，川普政府目前的方針非常明確：「在4月峰會前維持現狀，避免雙方陷入衝突升級的惡性循環。」 這也意味著，在「川習會」落幕前，台灣期待的軍售進展恐將持續處於高度不確定狀態。    ,https://news.ltn.com.tw/news/politics/breakingnews/5345922
到場力挺！軍眷媽媽舉牌「支持軍購」 賴清德回應了,政治,2026/02/19 09:11,總統賴清德昨下午到雲林斗六長和宮參拜祈福及發送福袋，現場一位女子高舉著手寫「總統加油，軍眷媽媽94（就是）支持台灣軍購」的紙板，表達對總統賴清德的支持。（圖擷取自賴清德IG）藍、白在立法院10度聯手，封殺1.25兆國防特別預算，引發國人關注。總統賴清德昨（18）日到雲林斗六長和宮參拜，現場1位軍眷媽媽舉牌支持軍購，賴清德也在IG特別PO出相關照片表達感謝。總統賴清德昨下午到雲林斗六長和宮參拜祈福及發送福袋，現場1位女子高舉著手寫「總統加油，軍眷媽媽94（就是）支持台灣軍購」的紙板，表達對總統賴清德的支持。賴清德事後也在IG限時動態上PO出相關照片表示：「謝謝你們一家共同站在第一線守護台灣安全，政府也會繼續保護台灣、照顧國軍弟兄姊妹。」請繼續往下閱讀...賴清德去年提出8年共1.25兆國防特別預算，但在立法院持續遭到藍、白聯手阻擋，直到美國跨黨派37名國會議員聯手致函立法院長韓國瑜及在野黨主席，表達嚴正關切，韓國瑜才回應，將積極協助各黨團間的溝通與協調，審慎審議相關議案；立法院開議後，國防特別預算相關議案將會是最優先審議的議案。    ,https://news.ltn.com.tw/news/politics/breakingnews/5345924
被總統點名「麥克風以後會比較大隻」 陳其邁分享雄中青澀的自己,政治,2026/02/19 08:43,陳其邁向民眾分享高中時期自己清澀模樣。（高市府提供）大年初二（18日）被總統賴清德點名「麥克風以後會比較大隻」的高雄市長陳其邁，今天（19日）特別拿出學生時期的老照片，重溫雄中求學時期的的青澀回憶，並與市民朋友分享自己從年輕至今念念不忘的高雄在地好滋味。陳其邁翻開高中時期的相片冊，指著照片中的青澀少年笑著說，雄中通常比較精靈古怪，高中時期同學們遲到時，為了躲避教官責罰，除了會翻牆進入校園，還想到混入打掃校外人行道的同學群中，拿著掃把悄悄一起進入學校。請繼續往下閱讀...談及高中趣事，陳其邁回憶，當時有堂課讓大家昏昏欲睡，遇到鄉音比較重的老師說「知道的同學站起來」時，自己常聽成「10號同學站起來」，因此莫名其妙地站了好幾次，一學期後才從同學口中得知是自己誤聽；這次拿著相冊，他數家珍地說：「這位現在是教授、這位是工程師，我們到現在都還有聯繫。」細數少年時代喜愛的美食，陳其邁表示，因為老家住在國民市場附近，許多店家都是從小吃到大，從主顧互動變成老友之交，像自己愛吃辣，「川味牛肉麵」老闆還會特製加入花椒的「邁邁版」牛肉麵，店家的獨門麻辣醬更令他難忘，甚至在辦公室也特別擺放一罐，搭配各種菜餚都很美味。陳其邁補充，自己吃牛肉麵的標配，是走過一甲子的「雲家檸檬大王」，酸酸甜甜的滋味，剛好能舒緩牛肉麵的麻辣感，同時補充維生素C；而附近的「冷熱飲之家」也是他的一直吃到現在的老味道，紅豆湯、綠豆湯，以及紅豆湯加湯圓，都是必點的懷舊品項。陳其邁歡迎國內外旅客春節期間到高雄走春，在感受高雄暖冬熱情的同時，也別忘了用在地美食填飽五臟廟，也邀請大家前往愛河灣及16至18號碼頭，親身感受串起老中青三代集體記憶的「超人力霸王」迷人魅力，帶著「超人」的加持，為新的一年迎來事事「馬上好、馬上成功」的吉兆。    ,https://news.ltn.com.tw/news/politics/breakingnews/5345923
民眾黨「超級助選員」柯、黃站台有加分？ 地方參選人這樣看,政治,2026/02/19 08:10,民眾黨創黨主席柯文哲（右2）已多次南下為民眾黨嘉義市長參選人張啓楷（右1）助選。（資料照）年底將舉行九合一選舉，民眾黨為了在下階段「藍白合」協調人選過程能提高聲勢，創黨主席柯文哲、現任主席黃國昌已啟動輔選與選舉行程。其中，黃代表白營參選新北市長，頻與柯合體出席活動，除了炒熱自身選情，也盼在部分選區國民黨還未正式提名前，先為自家選將加持，成為藍白共推的人選。被外界形容為民眾黨「兩顆太陽」的柯文哲、黃國昌，在黃披掛參選新北市長後，兩人合體出席的活動就顯著增加，在去年底先後提名陳琬惠、張啟楷代表民眾黨征戰宜蘭縣、嘉義市後，柯、黃兩人更親自南下為兩位參選人站台「助攻」，為其營造聲勢。請繼續往下閱讀...至於這兩位民眾黨「超級助選員」的合體，所產生的拉抬效果，民眾黨宜蘭縣長參選人陳琬惠認為，柯文哲在宜蘭為她站台，有明顯的加分效果。她分析，民眾黨內評估基本盤約15%，而柯文哲前年總統大選在宜蘭的得票約26%，也就是說，透過柯站台輔選，不只能助她獲得更多選民關注，她有機會爭取到柯約10%的「外溢票源」。至於黃國昌輔選，她指出，儘管兩人吸引族群不同，仍能助她鞏固基本盤以及產生互補，將選戰聲量進一步擴大。對於柯、黃兩人南下助選，民眾黨嘉義市長參選人張啓楷也認同能「大幅加分」。他表示，兩人人氣、全國聲量兼具，親自助選能助其迅速拉抬關注度，增加媒體曝光合討論度；尤其在柯文哲擔任他的競選總幹事後，地方反應熱烈，合照、互動踴躍，象徵中央資源與支持到位。張啟楷另強調，嘉義市已成民眾黨關鍵戰區，藍白合若成功，將具有指標性意義。民眾黨創黨主席柯文哲（左2）日前為民眾黨宜蘭縣長參選人陳琬惠（右2）助選。（資料照）    ,https://news.ltn.com.tw/news/politics/breakingnews/5343128
九合一大選超級助選員  國民黨「大咖」各自扮演角色,政治,2026/02/19 08:05,國民黨主席鄭麗文、台中市長盧秀燕、新北市長侯友宜、立法院長韓國瑜、前黨主席朱立倫，以及台北市長蔣萬安等多位藍營大咖，勢必會在年底的百里侯選戰中扮演重要角色。（資料照）台灣今年底的九合一選舉將改寫地方政治版圖，藍營信誓旦旦要拿下2028總統大選橋頭堡，為兩年後實現政黨輪替搶先機，因此，包括國民黨主席鄭麗文，有可能爭奪2028進場門票的台中市長盧秀燕、新北市長侯友宜、立法院長韓國瑜，甚至前黨主席朱立倫，以及被藍營視為2032「儲君」人選的台北市長蔣萬安等多位藍營大咖，都勢必會在今年這場百里侯選戰中扮演重要角色。這場選舉將是國民黨主席鄭麗文上任後所面臨的第一場戰役，如果戰績不如人意，甚至席次減少，就很有可能在開票當晚請辭負責下台，因此這場選舉對鄭麗文而言，也等於一場黨魁保衛戰。請繼續往下閱讀...為了營造聲勢，鄭麗文未來將啟動「行動中常會」機制，透過把中常會整套人馬開拔到地方召開，為藍營各地選舉營造聲勢，黨內人士指出，「行動中常會」目的在於關切各地方的政情與議題，重新建立中央與地方連結，透過中央與地方幹部參與，幫當地選情加溫。對於侯友宜、盧秀燕、韓國瑜、朱立倫等幾個未來可能爭奪總統大選門票的人，投入這場地方改選，更是為自己日後堆砌人情，籌建地方後援組織脈絡，並蓄積個人政治能量的好機會。準備卸任市長的侯友宜、盧秀燕，除了要確保順利交棒，讓自己的本命區成為日後邁向總統之路的第一桶金，更要能贏得漂亮，可以與綠營拉開差距，還要再向本命區之外的地區開拓更多的社會支持面，因此未來勢必可以見到兩人南北征途，幫藍營縣市長、議員候選人輔選的畫面。至於韓國瑜與朱立倫，黨內希望前者再度披掛上陣的呼聲一直沒有斷過，黨內甚至有韓國瑜屬意立法院副院長江啟臣搭檔競選正副總統的傳聞，堅定支持韓國瑜的「韓粉」渴望再現當年「韓流」風潮﹔至於朱立倫，雖然快被黨內遺忘，但仍不能被忽略，許多藍營人士都認為，朱立倫迄今仍未忘情再攀政治高峰，再加上今年選舉有不少年輕世代的「朱系子弟兵」要參選議員，屆時在藍營的選舉場中勢必少不了朱立倫與「朱家軍」的身影。關於蔣萬安的部分，早被藍營視為這次百里侯之役的領頭羊角色，加上其首都市長身分，預料勢必會走出台北城，幫忙拉抬其他縣市選情，屆時帶動的外溢效果甚至會比侯友宜、盧秀燕更加明顯，可以為4年後卸任台北市長變換軌道，爭取大位蓄溫。    ,https://news.ltn.com.tw/news/politics/breakingnews/5340265
3巨頭親征！賴蕭蔡全台分進合擊 補位支援鎖定中間選票,政治,2026/02/19 08:00,年底九合一大選，兼任民進黨主席的總統賴清德、副總統蕭美琴及前總統蔡英文將分進合擊，拉抬民進黨縣市長參選人聲勢。（資料照）年底九合一大選遍地烽火，府院黨要角啟動全台輔選列車助攻。兼任民進黨主席的總統賴清德、副總統蕭美琴及前總統蔡英文將分進合擊、補位支援，強化基層連結並訴諸執政成績，拉抬民進黨縣市長參選人聲勢。競選團隊則因地制宜，考量人選特質及輔選效應，盼以中央資源加持地方建設願景，進一步拓展中間或泛藍選票版圖。賴清德與蕭美琴春節全台跑透透，3天內走訪38處廟宇。民進黨副祕書長何博文接受本報訪問表示，民進黨採取團體戰，不僅賴總統春節行程滿檔，蕭美琴、蔡英文與行政院長卓榮泰都會互相支援，透過與民眾面對面接觸，除展現民進黨與人民站在一起，更重要的是向社會報告執政好成績。請繼續往下閱讀...一名輔選幕僚分析，3位元首級巨頭具備互補效應，賴清德因承擔執政包袱，在吸引中間選民上較具挑戰，傾向穩固基本盤；蕭美琴形象相對軟性，多專注於外交與青年議題，適合結合地方創生與年輕族群的行程，與賴形成互補。蔡英文因已卸任，在野黨火力不再集中於此，故仇恨值較低，對年輕或中間選民具備較強滲透力。力拚延續綠色執政的高雄市長參選人賴瑞隆祭出密集攻勢，春節將走訪約100間廟宇強化基層互動，規劃需要加強的區域，邀請賴清德、蕭美琴及高雄市長陳其邁等人助陣。他在初選前後也特別拜會蔡英文與前行政院長蘇貞昌，盼藉其「大南方崛起」翻轉重北輕南的政績，爭取中立與淺藍選民認同。苗栗縣長參選人陳品安則結合當地產業、文化及族群，盼中央為地方建設願景加持。她透露，蔡英文因喜愛健行，先前特別體驗「樟之細路」古道，並參訪獅生活減塑概念店、舞空術劇團等，與返鄉青年及客家族群交流；而賴清德預計初三參拜致力於防詐騙宣導的頭份永貞宮，卓榮泰初四將走訪壢西坪休閒農業區，「希望透過他們的影響力，讓大家更認識苗栗。」黨內亦盤點中央層級的高聲量人選，包括行政院副院長鄭麗君、行政院祕書長張惇涵、陸委會副主委梁文傑，以及立委蔡其昌、沈伯洋、吳思瑤、王世堅等人，未來輔選效應可期。不過，黨內人士說明，現階段仍以「陸戰」為主，參選人的基層經營才是重點，大咖站台屬於加分項，通常在競總成立或造勢晚會等選戰後期才會密集出現。    ,https://news.ltn.com.tw/news/politics/breakingnews/5343673
陸軍601旅 春節戰備不停歇,政治,2026/02/19 05:30,陸軍601旅是國軍聯合作戰體系中不可或缺的空中主戰兵力。（軍聞社）國軍在春節期間戰備不停歇，除了協助春節疏運外，也陸續釋出陸射型劍二防空飛彈、海軍一四六艦隊逢甲軍艦訓練畫面。國防部昨公開陸軍601旅的訓練畫面，601旅隸屬於陸軍航空特戰指揮部，肩負北部地區重要目標防護、中樞反恐與支援災害救援等任務，平時擔任第三作戰區戰備應變部隊，戰時則為國防部戰略預備隊，是國軍聯合作戰體系中不可或缺的空中主戰兵力。國防部昨公開陸軍601旅訓練畫面。（軍聞社）    ,https://news.ltn.com.tw/news/politics/paper/1744073
藍喊擴大修法討50億 要付清積欠黨工退休金,政治,2026/02/19 05:30,藍白上會期在立法院強推通過「政黨及其附隨組織不當取得財產處理條例修正案」，國民黨主席鄭麗文近日表態要再擴大修法，要回被凍結五十億元黨產。（資料照）立法院上會期在藍白黨團主導下，三讀通過「政黨及其附隨組織不當取得財產處理條例修正案」，將救國團排除於黨產條例適用範圍，國民黨主席鄭麗文日前表態要再擴大修法。據了解，修法將「政黨支付之員工薪資、退休金、資遣費等費用」，排除在黨產會強制處分之外，藉此要回被凍結的五十億元黨產，付清積欠黨工的退休金。並刪除現行可追溯自民國三十四年後取得黨產的規定，處理範圍限於黨產條例公佈日之現有財產。增列薪資、退休金不得禁止處分本報去年曾獨家揭露，國民黨下一步計畫擴大黨產條例修法，要回被黨產會凍結的五十億元黨產，其中卅餘億元用來付清積欠黨工的退休金，剩下的捐給慈善團體，讓「黨產歸零」。鄭麗文近日接受媒體專訪也證實要再修黨產條例，討回國民黨黨產，把負債還完，否則今年黨產訴訟就要三審定讞。請繼續往下閱讀...立院國民黨團尚在研究黨產條例修正草案的內容，根據掌握，主要方向為中投董事長陳樹二〇二四年五月曾擬具的「黨產條例修正草案」，此草案主張拿回凍結黨產、清償黨工退休金後，其餘黨產都捐作公益；此版本當時遭時任國民黨主席朱立倫反對。有關國民黨如何拿回部分黨產清償黨工的退休金，陳樹版的草案主要修正兩關鍵條文。第一，現行條文第九條規範，「依第五條第一項推定為不當取得之財產，自本條例公布之日起禁止處分之。但有下列情形之一者，不在此限：一、履行法定義務或其他正當理由。二、符合本會所定許可要件，並經本會決議同意。」陳樹版將第九條第一項修正為「經本會認定為不當取得之財產，本會向行政法院聲請許可後，始得禁止各該所有權人處分。但有下列情形之一者，不得聲請禁止其處分」；並將禁止處分項目增列第三款：「員工薪資、退休（職）金、資遣費及其他依法應由政黨、附隨組織或其受託管理人負擔之勞工福利費用」。其次，陳樹版主張刪除現行條文第三條，「本會對於政黨、附隨組織及其受託管理人不當取得財產之處理，除本條例另有規定外，不適用其他法律有關權利行使期間之規定」；並同步修正第八條第一款及第二款，針對政黨、附隨組織向黨產會申報之財產，改為「政黨或附隨組織於本條例公布日尚存在之現有財產。」草案說明指出，現行條文第三條排除法治國家通行之「不溯及既往」原則，追溯處理的歷史時期長達七十餘年，嚴重破壞法安定性，影響人民憲法權利之保障，因此刪除之，並於第五條及第八條明定處理範圍，以政黨、團體違背行為時法律所取得的現存財產為限。    ,https://news.ltn.com.tw/news/politics/paper/1744060
賴點名幫中央承擔》陳其邁要更上一層樓 高雄順利交棒是關鍵,政治,2026/02/19 05:30,總統賴清德昨到高雄參香並分送小紅包，他暗示陳其邁未來將協助中央分擔台灣的工作，並喊話鄉親疼惜陳其邁、栽培賴清德。（記者王榮祥攝）賴清德總統昨到高雄參香時，點名市長陳其邁「不可能輕鬆太久」，未來還要幫中央承擔台灣的工作。民進黨政策會執行長暨立委吳思瑤受訪表示，陳其邁中央、地方經驗具足，未來在適當時機進入執政團隊「指日可待」，尤其邁向二〇二八總統大選，陳絕對是很好的協力者，「這是很自然的發展」。吳思瑤說，陳其邁年底即將卸任高雄市長，眼下最重要的任務就是全力輔選，確保市政治理經驗能傳承給優秀的接棒者，民進黨高雄市長提名人、立委賴瑞隆曾長期在高雄市府服務，具備行政與立委的歷練，絕對是一脈相承的不二人選。請繼續往下閱讀...吳思瑤表示，陳其邁有中央、六都治理的經驗，且完全符合賴總統「均衡台灣」的施政理念，這幾年高雄的國際能見度與城市進步幅度等各項指標都有大躍進，施政品質受高度肯定，甚至超越台北，陳卸下市長身分後，有機會的話，當然一定會被執政團隊重用。黨內人士分析，雖然外界先前解讀陳其邁與立委邱議瑩關係較近、認為賴瑞隆未必是陳最屬意的人選，但賴初選勝出後，陳隨即展現「高雄大家長」的格局、全力拉抬。對他而言，後續要在政治上「更上一層樓」，關鍵在於高雄要能選得漂亮、確保「綠色執政、品質保證」，這也是賴清德對陳的期許。黨內人士進一步說，陳其邁在民進黨下一個接班梯隊已具備相對優勢，他曾任民選首長、中央政務官及民進黨代理黨主席，資歷在任滿的縣市長中數一數二，更具備高人氣跟高聲望。陳若能守住高雄，未來勢必在府、院、黨持續扮演指標性角色，承擔更多重責。    ,https://news.ltn.com.tw/news/politics/paper/1744062
「未來不會輕鬆太久」 賴：陳其邁要幫中央承擔,政治,2026/02/19 05:30,總統賴清德參香致詞時，點名陳其邁（中）不可能輕鬆太久，未來要幫中央承擔。（總統府提供）大年初二，總統賴清德持續到各地參拜祈福，昨天上午參訪高雄時，面對年底即將卸任的高雄市長陳其邁，賴總統說，陳其邁不可能輕鬆太久，要有心理準備，麥克風以後會比較大隻，除了市政要交棒給立委賴瑞隆，未來還要幫中央承擔台灣的工作。麥克風會比較大隻 陳靦腆笑容回應總統談話引發外界聯想，陳其邁當場以靦腆笑容回應現場的掌聲，事後則透過幕僚強調「全力推動市政、不會鬆懈」。請繼續往下閱讀...賴清德昨天上午陸續前往高雄的岡山壽天宮、前鎮鎮南宮參香，並分送馬年小紅包，陳其邁、民進黨高雄市長提名人賴瑞隆、高市議長康裕成與多位議員及參選人均到場。賴清德在壽天宮時即大力稱讚陳其邁帶領團隊，短短幾年就讓高雄蛻變，讓高雄從重工業城市蛻變成科技城市、人工智慧城市，未來高雄不只是台灣的高雄、而是世界的高雄，在世界發展將扮演關鍵角色。賴清德接著在前鎮致詞時進一步表示，陳其邁未來不可能輕鬆太久，要有心理準備，麥克風未來會比較大隻。陳未來責任很重，要負責市政及交棒給賴瑞隆，還要幫忙中央承擔台灣的工作。語畢全場掌聲響起，陳其邁則露出靦腆笑容。對於總統的說法，陳其邁透過幕僚強調「全力推動市政、不會鬆懈」。人也在場的賴瑞隆說，台灣這幾年經濟及股市都有亮眼成績，但也面對國內外局勢艱困挑戰，陳其邁這幾年主導高雄建設成績有目共睹，是第一名的五星市長，未來如果能到中央協助台灣國政，相信會讓台灣更進步、高雄也會更好。柯志恩：陳到中央 可改善朝野對立國民黨高雄市長提名人柯志恩則認為，陳其邁是優秀人才，卸任市長後的動向、各界都非常關心。陳擔任過副閣揆，擔任市長這幾年，與高市議會朝野溝通都順暢，未來若到中央任事，相信能有助改善目前朝野高度對立的情況。柯志恩說，希望賴是真心想借重陳其邁的長才，而非企圖讓陳其邁成為卓榮泰二．〇，若總統是真心為國舉才，她樂觀其成。總統賴清德昨天前往高雄前鎮鎮南宮參香，分送小紅包，受到熱烈歡迎。（總統府提供）    ,https://news.ltn.com.tw/news/politics/paper/1744072
鄭麗文喊再擴大修法》綠批藍：國庫通黨庫 挖走全民血汗錢,政治,2026/02/19 05:30,國民黨主席鄭麗文表態要再擴大修黨產條例，要回被凍結五十億元黨產。民進黨批評，國民黨將國產變黨產、國庫通黨庫，挖走人民血汗錢，明顯違憲。（資料照）藍白上會期在立法院強推通過「政黨及其附隨組織不當取得財產處理條例修正案」，國民黨主席鄭麗文近日表態要再擴大修法，要回被凍結五十億元黨產。民進黨政策會執行長、立委吳思瑤批評，國民黨此舉是將國產變黨產、國庫通黨庫，挖走人民血汗錢搬給國民黨，這是明顯違憲、透過立法改變司法判決，就算在國會強行通過，也過不了違憲、民進黨團反制這一關，更絕對過不了社會這一關。就算強行通過 也過不了違憲這一關吳思瑤批評，藍白主導的國會多數，不公不義通通回來了，藍白先通過首波國民黨立委游顥所提的「黨產條例」修法解套救國團，把被法院認定，該交回但還沒還的不用還了；如今，鄭麗文想把已經還給國家的再拿回去，儼如新時代的國產變黨產，國民黨掠奪國家資產。「過去國民黨利用人民恐懼來掠奪民產、國產；現在台灣已民主化，居然還要通通改回去？」這是社會沒有辦法接受的，這等於是挖走全民的納稅錢。請繼續往下閱讀...吳思瑤分析，不少國民黨人開始挑戰鄭麗文路線，害怕鄭會害慘他們的選舉、國民黨的形象，國民黨立委真的會同意再次「惡修」黨產條例嗎？國產變黨產、國庫通黨庫的行為，台灣人是絕對不會支持的。「在選舉年，去肥自己的黨，國民黨將面臨民意的反撲。」不當黨產不是ATM 不能缺錢就翻案吳思瑤提到，過去追討回來的不義黨產依法會用在社福、長照、人權教育及文化推廣，若該案真的遭國民黨硬推，導致政府要重新編列預算，從國庫把錢拿出來，要走到那一步之前還有很多關卡，社會是不可能同意。國民黨不審總預算，每天掏空國家，竟然還要從人民的血汗錢、納稅錢，搬錢拿給國民黨，這也是明顯違憲，透過立法來改變司法的判決，就算過得了國民黨團這一關，絕對過不了社會這一關，就算在國會強行通過，也過不了違憲、民進黨團反制的那一關。民進黨立委莊瑞雄痛批，不當黨產不是ATM，不能缺錢就翻案，若為特定政黨改法律，就是讓轉型正義倒退，國民黨先救附隨組織，再救自己，標準的自肥，若推翻既有處理結果，等於讓全民為歷史問題重新買單。他強調，政任何漂白不當黨產的修法，民進黨團一定擋到底。    ,https://news.ltn.com.tw/news/politics/paper/1744059
藍要擴大修法討黨產 白營：不會支持,政治,2026/02/19 05:30,藍白上會期在立法院強推通過「政黨及其附隨組織不當取得財產處理條例修正案」，國民黨主席鄭麗文近日表態要再擴大修法，要回被凍結五十億元黨產。（資料照）國民黨主席鄭麗文表態要擴大「黨產條例」修法，並重新與民眾黨立委溝通；立法院民眾黨團總召陳清龍受訪則表示，未見具體草案內容無法多作評論，但與黨主席黃國昌日前表達不會再修黨產條例追回五十億元的立場一致，不會支持；據了解，中投董事長陳樹近日曾拜會前民眾黨主席柯文哲與黃國昌，是否放行黨產條例仍待觀察。據了解，陳樹二〇二四年中旬曾拿著主張修正的黨產條例草案拜會過柯文哲，盼民眾黨支持修法，但當時柯沒有答應；事實上，不僅陳樹，當時救國團、婦聯會都有拜會過柯，柯只同意先處理救國團。這次立法院三讀通過的版本替救國團解套後，陳樹也拜會鄭麗文希望擴大修法，同時再度找上柯文哲、黃國昌。請繼續往下閱讀...陳清龍則表示，目前尚未看到具體草案內容，無法做過多的評論，但如同黃國昌接受訪問時，所表達不會答應再修正黨產條例，追回五十億元國民黨黨產的立場一致，並不會支持。    ,https://news.ltn.com.tw/news/politics/paper/1744061
精準打擊、快速機動、任務多元》601旅 聯合作戰的空中主戰兵力,政治,2026/02/19 05:30,陸軍601旅 阿帕契、黑鷹、戰搜直升機任務分工隸屬陸軍航空特戰指揮部的陸軍航空第六〇一旅，平時擔任第三作戰區戰備應變部隊；戰時則是國防部戰略預備隊，肩負北部地區重要目標防護、中樞反恐與支援災害救援等任務。六〇一旅具備多元機型與任務分工，攻擊作戰隊配賦阿帕契攻擊直升機（AH-64E）、突擊作戰隊以黑鷹直升機（UH-60M）為主力、戰搜作戰隊則運用戰搜直升機（OH-58D），憑藉精準打擊、快速機動與彈性編組等作戰特性，六〇一旅成為國軍聯合作戰體系中，不可或缺的空中主戰兵力。國軍於春節期間強化戰備，國防部也持續釋出各部隊的戰備訊息，昨天特別介紹在春節期間，官兵仍維持戰備待命，位於桃園龍潭的陸軍航空六〇一旅。請繼續往下閱讀...六〇一旅在任務運用上，平時即維持高度戰備應變節奏，依情勢需求彈性編組、迅速投用，必要時可支援或跨區增援各作戰區，展現航空部隊高機動、高反應的作戰能量。年度除完成駐、基地訓練及直升機對海實彈射擊外，並配合執行「陸勝操演、空武射擊、三軍聯合精準飛彈射擊、神鷹操演及漢光演習」等軍、兵種聯合作戰演訓，持續精進官兵戰備整備與遂行任務能力。阿帕契空中攻擊 黑鷹突擊運補戰搜執行警戒與掩護 協同運作六〇一旅具備多元機型與任務分工，攻擊作戰隊配賦阿帕契攻擊直升機（AH-64E），具備先進航電與感測系統，可遂行空中攻擊與火力投射任務；突擊作戰隊以黑鷹直升機（UH-60M）為主，擔任空中突擊、物資運補與傷患後送等任務；戰搜作戰隊則運用戰搜直升機（OH-58D），執行空中偵搜、警戒與掩護。各型機依特性協同運作，形塑完整空中作戰體系。空中戰力的發揮，也須仰賴地勤與保修能量的周延支撐，六〇一旅所屬飛機作戰支援大隊平時負責各型機二、三級維保、加油勤務及彈藥囤儲等作業；戰演訓期間則編組前支隊與野戰保修站，遂行飛機搶修、熱加油掛彈等任務，確保飛機妥善率與任務遂行安全。    ,https://news.ltn.com.tw/news/politics/paper/1744063
非營利組織「哈囉台灣」 推「台灣代表處」正名行動,政治,2026/02/19 05:30,非營利組織「哈囉台灣國際交流策進會」（Hello Taiwan）16日在德國柏林舉辦的「世界論壇」場邊召開記者會，正式啟動全球「台灣代表處（TRO）」正名行動。（黃捷辦公室提供）非營利組織「哈囉台灣國際交流策進會」（Hello Taiwan）當地時間十六日在德國柏林舉辦的「世界論壇」（The World Forum）場邊召開記者會，正式啟動全球「台灣代表處（TRO）」正名行動，盼將現行的「台北經濟文化代表處（TECO）」正名為「台灣代表處」。美國眾議院前議長裴洛西（Nancy Pelosi）於世界論壇致詞也說，「台灣是一個充滿活力的民主國家」，也是對「自由與中國文化不相容」這一謬論的活生生反駁。裴洛西：台灣是民主國家「Hello Taiwan」執行長江明信十六日柏林召開記者會宣布，將全面推動將台灣海外辦事處由現行的「台北經濟文化代表處」正名為「台灣代表處」，他強調，台灣駐外機構代表的是全體兩千三百萬台灣人民，而非單一城市「台北」。請繼續往下閱讀...出席記者會的立委黃捷指出，身為渴望與世界接軌的新世代，正名行動能讓國際社會「清晰地看見台灣」，而不必受限於含糊的身分。台北市議員苗博雅也直言，使用「台北」之名是歷史遺留的諷刺，過去是為了迴避政治敏感，但現在全球地緣政治已變，台灣是一個「事實上的國家（de facto country）」，理應獲得與其實力相符的稱呼。原定親自出席世界論壇的裴洛西，因美國眾院法案處理進程無法出國，改以預錄視訊方式致詞。她表示，「台灣是一個充滿活力的民主國家、全球經濟的關鍵齒輪，更是對『自由與中國文化不相容』這一謬論的活生生反駁」。裴洛西強烈呼籲，民主國家必須在威權威脅初期就果斷行動，而非等到代價變得不可承受，「威懾不是挑釁，團結不是升級。保護台灣不只是為了和平，更是為了確保民主價值不被當作暫時穩定的籌碼交換」。    ,https://news.ltn.com.tw/news/politics/paper/1744064
不只紅繩？鄭麗文「斜行」走階梯  排灣族巫師後裔：有東西在場,政治,2026/02/18 22:56,眼尖網友注意到，鄭麗文出席法鼓山撞鐘活動祈福儀期間，由一旁人員攙扶，慢慢斜行走完階梯。（圖擷取自「DDMTV法鼓山網路電視台」YouTube）國民黨主席鄭麗文除夕（16日）出席法鼓山撞鐘活動祈福儀期間，她手中引鐘繩突然2度劇烈抖動，畫面迅速在網路掀起討論。還有眼尖網友注意到，一行人在走上階梯時，唯獨鄭麗文沒踏上階梯，最終由一旁人員攙扶，才從慢慢斜行走完階梯，奇異行徑引發議論。目前相關影片正在臉書、Threads、YouTube等社群平台瘋傳，不少網友看到鄭麗文侷促不前又心虛的模樣，似乎真的很害怕自己從正中央走到階梯上，紛紛對此感到相當納悶，「邪靈止步？」、「她被嚇到了，知道自己邪不勝正」、「不是我迷信，但這好像妖魔要顯形了」、「邪不勝正，有股正能量擋著她，不讓她靠近」、「有聽過，如果身上有髒東西，去佛門清淨地，因這些地方有很多神明，帶著髒東西進去會暈」。請繼續往下閱讀...還有網友分享，自己認識一名排灣族原住民的好友，家族是排灣族有百年以上歷史的巫師後裔，幾乎全家人都有通靈體質，她將相關影片拿給好友觀看，對方紅繩抖動沒特別感應，但對鄭麗文斜行走階梯卻有強烈感應。不過網友也補充，好友並未認真修行過，只能確定有當時有「某種物體」在場，位置正是鄭麗文刻意繞過去的正中央階梯。     在 Threads 查看     在 Threads 查看     在 Threads 查看    ,https://news.ltn.com.tw/news/politics/breakingnews/5345871
蕭美琴曬超萌「愛貓AI換裝照」 網笑讚：美少女戰士！,政治,2026/02/18 22:30,蕭美琴社群平台Threads分享使用AI生成的圖片，她的4隻愛貓皆有入鏡。（圖擷取自@bikhimhsiao Threads，本報合成）農曆春節期間，副總統蕭美琴前往各地走春拜年、分送福袋，維安隨扈團隊穿上簡約又帥氣的「戰貓帽T」，意外成為網路熱門話題。今（18日）晚，蕭美琴在社群平台Threads分享2張使用AI生成的圖片，其中一張與4隻愛貓一起穿上「戰貓帽T」的模樣，可愛畫面吸引大批網友關注。蕭美琴透露，這2張AI圖片是目前正在日本休假的助理詠唱，「明明可以關手機開心吃拉麵，但還是忍不住以AI發揮，就是太想我了。」另外，2張AI圖片皆有出現蕭美琴收養的4隻貓咪，分別是黑貓「Happy」、乳牛貓「Fluffy」、三花貓「阿花」與虎斑貓「Tiger」，蕭美琴還補充，「雖然麒麟尾只處理到一半，老闆還是說很厲害！」請繼續往下閱讀...從AI圖片顯示，其中一張是蕭美琴的愛貓們穿上迷你版棕色「戰貓帽T」後，圍坐在一起，接著同步轉頭緊盯鏡頭，模樣不僅相當可愛且十分逼真，整體畫面媲美時尚寵物寫真。另一張圖片則是科幻感十足、像是美式海報或漫畫風格，只見蕭美琴與愛貓們都換上了太空人造型服裝，背景則是地球與宇宙星空，1人4貓彷彿一起在宇宙中遨遊，圖片下方還出現「HAPPY LUNAR NEW YEAR」與「CAT WARRIOR 迎向未來」的字樣。貼文曝光後，湧入大批「咪琴」粉絲朝聖，其他網友則持續敲碗，希望有機會推出與隨扈人員不同樣式、可讓一般民眾穿搭的「戰貓帽T」，「太可愛了」、「美少女戰士」、「更想團購貓咪戰貓制服」、「我想要戰貓帽T的購買連結」、「太過份了！連貓小孩都有！」、「連貓貓寵物服都有，太可愛」、「可以出戰貓貓衣嗎？這就沒有國安問題了」、「請問咪琴副總統，貓貓的衣服的購買網頁在哪裡？」。     在 Threads 查看蕭美琴走春「戰貓帽Ｔ」爆紅 全網狂敲碗︰哪裡能買到它？    ,https://news.ltn.com.tw/news/politics/breakingnews/5345863
卓榮泰汐止濟德宮參香  大讚蘇巧慧為新北爭取重大建設,政治,2026/02/18 21:00,行政院長卓榮泰（前排中）18日下午前往汐止濟德宮參拜，民進黨新北市長參選人、立法委員蘇巧慧（左二）陪同。（記者俞肇福攝）行政院長卓榮泰今天（18日）下午在民進黨籍新北市長參選人、立法委員蘇巧慧陪同下，前往新北市汐止濟德宮參拜祈福，卓榮泰並代表賴清德總統向民眾拜年發送福袋。卓榮泰致詞時指出，他表示，幾年前《通靈少女》影集在汐止濟德宮拍攝，透過HBO串流媒體平台向全世界各地播送，讓濟德宮成為全台灣最國際化、最有名聲的廟宇之一。請繼續往下閱讀...今天是大年初二祈求平安與福氣，他肯定民進黨籍立法委員蘇巧慧長期深耕地方，關心校園建設，協助44所學校爭取逾2○○項工程，也推動板橋「兒童未來館」等建設，交通與教育福利均有具體成果。除了關心孩童，蘇巧慧也積極投入地方治水及交通建設，包括爭取大漢溪、新店溪、淡水河整治，總經費71億元；爭取林口、五股、汐止、土城四大交流道增建，以及爭取淡江大橋建設，總經費23○億元。卓榮泰說，前行政院長蘇貞昌治軍嚴明、講求效率，行事風格以「衝衝衝」著稱，蘇巧慧則是「巧巧巧」（台語發音，意謂聰明）。期盼未來中央與地方政府攜手合作，凡事一條心互相幫助，共同推動地方建設、解決地方困難，包括解決汐止淹水問題、推動捷運汐東線建設，未來若由蘇巧慧當選新北市長，中央與地方一條心，政策才能順利落實；他並呼籲民眾支持蘇巧慧及民進黨市議員參選人，讓各項政見逐步實現。蘇巧慧表示，她非常感謝鄉親肯定她10年來的問政成績，她作為新北市長參選人，會持續推出各項政見，也會和最年輕、最有戰力的民進黨新北市議員團隊，以及每一位參選人一起照顧新北市民。蘇巧慧指出，新北市政工作，本來就是一棒接一棒，她以三重義天宮為例，當時三重義天宮建廟過程中，正是在前台北縣長蘇貞昌任內，與所有的工程團隊、寺廟夥伴一起努力，才在2000年正式竣工，未來如果有機會得到市民的疼惜，擔任新北市長，她一定會繼續為市民打拚，也期盼新年到來，台灣可以繼續繁榮昌盛。政院長卓榮泰（圖中，穿藍衣者）18日下午前往汐止濟德宮，在民進黨新北市長參選人、立法委員蘇巧慧陪同下，一起發放一元福袋。（記者俞肇福攝）    ,https://news.ltn.com.tw/news/politics/breakingnews/5345840
蘇俊賓偕移工媽咪手作團圓飯 盼13.5萬外國朋友把桃園當第二個家,政治,2026/02/18 20:59,桃園市副市長蘇俊賓（中）大年初二至平鎮移工母嬰庇護中心，與移工朋友們分享年節團圓美食。（桃園市政府提供）今天是大年初二回娘家的日子，桃園市有13萬5000多名移工，副市長蘇俊賓的妻子是12歲來台的緬甸華僑，他希望移工朋友能把桃園市當作第二個家，今日前往平鎮區移工母嬰庇護中心，和移工孕媽咪們話家常、賀新年，並製作傳統湯圓與印尼椰絲球等美食，透過跨國甜點外交分享無國界的年節氣氛。蘇俊賓指出，桃園市有13萬5000名移工，參與城市的重大發展，希望移工朋友在台灣的這段時間把桃園當作第二個家。為了照顧特殊情況的移工朋友，市府勞動局協助安置的人數由2023年的126人增加到2025年的208人，其中多數是勞資爭議、重大傷害或懷孕期間因雇主無法妥善照顧者，市府提供了安置的空間，讓移工朋友彼此支持，得到照顧。請繼續往下閱讀...蘇俊賓表示，桃園的移工安置處所原本有10處，為了落實移工關懷與保障權益，勞動局去年在平鎮區新增一處懷孕移工母嬰庇護中心，提供更完善專業的安置與照顧，讓孕期中的女性移工能安心待產，也讓新生命在安全的環境中迎接未來。平鎮區移工母嬰庇護中心共安置15對母子以及10位待產中的準媽媽，十分熱鬧，蘇俊賓現場發送新春紅包給媽媽跟小朋友們，小BABY「人生中第一個紅包」是在台灣領到，應該是個很棒的回憶。蘇俊賓今年也按照往例，和大家一起手作團圓飯，包括有印尼薑黃飯、沙嗲、炸天貝等印尼美食，甜點則有象徵「幸福圓滿」的紅白小湯圓，印尼媽媽們則教他製作同樣代表團圓的椰絲球，大年初二，這場「跨國甜點外交」洋溢溫馨年節氣氛。蘇俊賓（中）和大家一起手作團圓飯，包括有印尼薑黃飯、沙嗲、炸天貝等印尼美食。（桃園市政府提供）長蘇俊賓（右）大年初二至平鎮移工母嬰庇護中心發紅包。（桃園市政府提供）    ,https://news.ltn.com.tw/news/politics/breakingnews/5345836
嘉義水上鄉長臉書發威  半小時助走失紅貴賓團圓,政治,2026/02/18 20:26,水上鄉長林緗亭的阿嬤抱著可愛紅貴賓。（林緗亭提供）一隻紅貴賓狗今天晚上六點多，跑到嘉義縣水上鄉水上村保安宮前遊蕩，被水上鄉長林緗亭的堂妹撿到，先透過保安宮廣播系統尋找失主，但沒人出面認領，只好帶來堂姐服務處安置。林緗亭隨即在臉書發布「失狗招領」訊息，結果約半小時就被領回，鄉長臉書發威，結束狗狗流浪記。林緗亭表示，這隻超級可愛的紅貴賓，繫著鈴鐺及穿紅色衣服，還包著尿布，代表有人飼養，只是不知何走失，因而先安置在服務處與我的家人一起吃團圓飯，也請看到這個公告的失主盡快連繫。請繼續往下閱讀...林緗亭指出，臉書發布沒多久，就有賴姓鄉親回覆說「我鄰居的狗狗，我們正在找」，隨即到服務處代為領回鄰居走失的紅貴賓狗。據賴姓鄉親說，紅貴賓狗與阿公做伴，阿公可能沒有在用臉書，因而不知道鄉長發布的「失狗招領」訊息，而保安宮廣播時，可能因冬天門窗緊閉沒有聽到，錯失第一時間領回愛犬的機會。擔心鄰居阿公晚上獨自出門危險，因而由他們到鄉長服務處代為領回，讓狗主人可以安心。鄉長的「失狗招領」公告，附上林緗亭阿嬤抱著可愛紅貴賓狗照片，臉友留言打趣稱「直接認養陪伴阿嬤」，令人莞爾。水上鄉長林緗亭與走失的紅貴賓。（林緗亭提供）    ,https://news.ltn.com.tw/news/politics/breakingnews/5345831
高市早苗連任日相  賴總統致賀：共同實現「自由開放印太」,政治,2026/02/18 20:10,"日本首相高市早苗去年曾以眾議員身分率團訪台，並在總統府會見賴清德總統。（資料照，總統府提供）日本特別國會今天開議，首相指名選舉由自民黨總裁高市早苗獲指名，成為第105任首相。總統賴清德晚間在X平台推文表達祝賀，期盼台日持續深化夥伴關係，共同為實現「自由開放的印度太平洋」做出貢獻。賴清德表示，誠摯恭喜高市早苗首相順利連任，感謝高市首相多次在國際重要場合強調台海和平穩定的重要性，表達對台灣的支持。賴說，期盼台日持續深化夥伴關係，共同為實現「自由開放的印度太平洋」做出貢獻。請繼續往下閱讀...高市早苗首相@takaichi_sanaeの再選出を心よりお祝いするとともに、首相が重要な国際会合で台湾海峡の平和と安定の重要性を繰り返し強調し、台湾支持を表明してこられたことに感謝します。今後も台日がパートナーシップを深め、「自由で開かれたインド太平洋」の実現に貢献できるよう願っています。— 賴清德Lai Ching-te （@ChingteLai） February 18, 2026 高市早苗首相@takaichi_sanaeの再選出を心よりお祝いするとともに、首相が重要な国際会合で台湾海峡の平和と安定の重要性を繰り返し強調し、台湾支持を表明してこられたことに感謝します。今後も台日がパートナーシップを深め、「自由で開かれたインド太平洋」の実現に貢献できるよう願っています。    ",https://news.ltn.com.tw/news/politics/breakingnews/5345828
女婿回娘家發福袋 韓國瑜期許雲林越來越好、成功「兩脫」,政治,2026/02/18 19:36,立法院長韓國瑜在雲林縣長張麗善、立委張嘉郡、許宇甄等人陪同下，到斗南順安宮發福袋。（記者黃淑莉攝）今（18）日大年初二回娘家，雲林女婿、立法院長韓國瑜下午回到娘家，在雲林縣長張麗善、立委張嘉郡、許宇甄等人陪同下，分別前往莿桐天瑤宮、斗南順安宮參拜祈福及發福袋。韓國瑜說，雲林有水、有電、有土地，現在是雲林發展最好機會，呼籲雲林鄉親團結，讓雲林脫胎換骨、脫離貧窮。韓國瑜指出，雲林本縣設籍人口有60多萬人，但海內外雲林鄉親有上百萬人，因為早年雲林生活困苦、工作機會少，鄉親要離鄉出外打拚，但雲林人很爭氣，包括印尼、菲律賓、柬埔寨、越南等國的台商會長都是雲林鄉親。請繼續往下閱讀...韓國瑜說，雲林鄉親都有一個夢想就是雲林要發展，必須引進科技產業，現在有許多台商回流找不到地方，是雲林最好機會。他並以武俠小說中武當派最擅長的後發優勢比喻，雲林有水、有電、有土地，只要中央政策清楚、預算支持，加上縣民也支持衝刺，雲林會越來越好，成功「兩脫」：脫胎換骨、脫離貧窮。韓國瑜到斗南順安宮發福袋，期許雲林人團結，讓雲林脫胎換骨、脫離貧窮。（記者黃淑莉攝）    ,https://news.ltn.com.tw/news/politics/breakingnews/5345812
貼心！賴清德竹山發福袋發好發滿 強調拚經濟護國家顧人民,政治,2026/02/18 19:17,總統賴清德到竹山鎮天心寶宮參香祈福發送福袋，看到小朋友忍不住摸摸他的頭。（記者陳鳳麗攝）總統賴清德大年初二參香祈福最後一站，來到南投縣竹山鎮天心寶宮參香祈福發送福袋，展現貼心的一面，不只發現天寶宮主委劉駿宏必須看稿，主動把講稿架推到劉的面前，且因排隊人潮非常多，延遲行程多留半小時，讓排隊的人及媒體都拿到福袋，現場民眾大呼「總統好貼心」。賴清德傍晚抵達竹山鎮天心寶宮，先與民進黨南投縣長提名人温世政等人，向呂仙祖上香敬拜，隨即到廟埕向等候的民眾致意，賴清德進場時與當兵同梯袍澤相認十分開心，致詞時強調，他在金門當過兵，也為國家奉獻過，當時是金門240砲兵，守護過國家。國家要強、要壯，現在不只提高國防預算，他也幫軍公教加薪。另外也幫公教、勞工加薪，今年最低薪資再努力一點可以破3萬元。老農津貼、國民年金今年也都會增加。請繼續往下閱讀...賴清德表示，台灣去年經濟成長率8.86%，今年預估7.71%，國際研究單位看好到8%，他會繼續努力拚經濟，守護國家、照顧好人民。除了加薪也減稅，並做好社會福利，包括：0-2歲托育、幼兒園到高中、大學的學費，政府都有照顧到。台灣的孩子受到良好的教育，國家才會強大。賴總統原來預定停留40分鐘，但因排隊領取福袋的民眾非常多，他怕民眾失望，繼續留下來親自發送，民眾非常開心，走到他面前時，不斷跟他喊加油。他發給所有民眾後，還走到媒體區將福袋發給媒體記者，展現親民、貼心的一面。總統賴清德（前排右二）強調去年經濟成長率8.86%，今年主計總處預估7.71%，國際研究機構則看好到8%，他今年會努力拚經濟、護國家、顧人民。（記者陳鳳麗攝）    ,https://news.ltn.com.tw/news/politics/breakingnews/5345802
賴清德點名陳其邁「幫忙中央」 柯志恩:有助改善朝野高度對立,政治,2026/02/18 19:11,圖為柯志恩春節在高雄廟宇走春場景。（柯志恩團隊提供）總統賴清德點名陳其邁未來會幫中央分擔!國民黨高雄市長參選人柯志恩認為，未來陳其邁若到中央，必有助朝野高度對立情況，但她也提醒，希望總統是真心借重陳其邁，而非企圖讓陳其邁成為卓榮泰2.0。賴清德今南下高雄參香時，在眾多鄉親前公開喊話市長陳其邁未來不會太輕鬆，除了交棒立委賴瑞隆，還會幫忙中央分擔台灣的工作，引起政壇想像。請繼續往下閱讀...與陳其邁私交不差的國民黨高雄市長參選人柯志恩對此指出，陳其邁是優秀人才，未來卸任市長後的動向、大家都非常關心，以他過去擔任過副閣揆經歷，以及擔任高雄市長這幾年、與高雄市議會朝野議員溝通都順暢的情況，未來若到中央任事，相信必能有助改善目前朝野高度對立的情況。但柯志恩也喊話賴清德，期待今天總統的談話，是真心想要借重陳其邁市長的長才，而非企圖讓陳其邁成為卓榮泰2.0，若賴總統是真心為國舉才，她樂觀其成。柯志恩與陳其邁私交不錯，兩人可直接聯繫，即使政策議題攻防也維持相互尊重的底線、少有情緒性言詞。    ,https://news.ltn.com.tw/news/politics/breakingnews/5345803
總統點名幫中央分擔！陳其邁回應：全力推動市政、不會鬆懈,政治,2026/02/18 18:16,圖為高雄市長陳其邁、立委賴瑞隆，陪同總統賴清德到岡山參香與分送小紅包。（記者王榮祥攝）總統賴清德今天點名高雄市長陳其邁未來不會太輕鬆，會幫忙中央分擔台灣的工作!對總統的青睞，陳其邁回應說：「全力推動市政、不會鬆懈」。賴清德今天到高雄參香時，兩度稱讚高雄市長陳其邁與其帶領的市府團隊，讓高雄從重工業城市蛻變成科技城市、人工智慧城市，還說陳其邁未來不會太輕鬆，「會幫忙中央分擔台灣的工作」，引起外界聯想。請繼續往下閱讀...陳其邁去年底在市議會總質詢時，也被議員關切是否會提前離開、轉任行政院長?他當時答詢強調，「這題已問過非常多次，到現在的答案都一樣，會做好做滿，會做到任期最後一天，這是我的工作」；他還曾在回答類似提問時，笑說會「陪議員到議員任期結束」。對於賴清德的「突襲」!陳其邁第一時間僅以靦腆笑容回應現場的掌聲，事後則透過幕僚強調「全力推動市政、不會鬆懈」。今也在場的民進黨高雄市長參選人、立委賴瑞隆說，台灣這幾年產業經濟全力推動，經濟成長率及股市都有亮眼成績，但也仍面對國內外局勢艱困挑戰，而陳其邁市長這幾年主導高雄建設成績有目共睹，是第1名的五星市長，未來如果能到中央協助台灣國政，相信會讓台灣更進步、高雄也會更好。    ,https://news.ltn.com.tw/news/politics/breakingnews/5345777
偕蘇巧慧三重發福袋 卓榮泰：盼行政立法2院合作好好審預算、法案,政治,2026/02/18 17:12,大年初二，行政院長卓榮泰（左）昨與民進黨立委、新北市長參選人蘇巧慧（右）、立委李坤城等前往三重義天宮參拜、發福袋。（記者黃子暘攝）大年初二，行政院長卓榮泰今（18）日與民進黨立委、新北市長參選人蘇巧慧、立委李坤城等前往三重義天宮參拜、發福袋。卓榮泰說，政府在三重協助推動捷運環狀線北環段、前瞻建設建置地下停車場等；不過中央總預算等案尚在立法院未審議，盼春節過後，行政、立法院重新啟動新的合作模式，好好審預算與法案，讓台灣更好，中央也有更多力量幫助地方建設。卓榮泰指出，三重匯聚多個縣市的鄉親，是台灣經濟發展縮影，中央與地方要充分合作協助發展，中央在三重協助多項建設，其中包括興華公園地下停車場也將在今年啟用，立委蘇巧慧、李坤城不斷爭取更多建設，但總預算案還卡在立法院；他和總統賴清德都有信心，盼春節過後，立法、行政院啟動新的合作模式，好好審議預算、法案，包括總預算、軍購特別預算、副院長鄭麗君從美國帶回來的台美關稅談判結果等，若能通過，台灣會更好。請繼續往下閱讀...卓榮泰表示，去年大家都很拚，經濟成長率、國民所得都很高，如立法、行政二院合作，好好審議法案、預算，中央會有更多預算力量協助地方，包括蘇巧慧爭取敬老愛心卡點數提高、65歲以上長輩假牙補助等，在在需要立委們的支持。此外，卓榮泰也讚揚蘇巧慧成績表示，她爭取230多項學校建設，也致力推動淡江大橋通車、大漢溪等河川整治工程，希望中央地方合作打拚，百工百業再衝一波，讓國家經濟再發展。蘇巧慧打趣說，她被提名為市長參選人，雖年輕，但被稱為「母雞」，她與參選連任的黨籍市議員、市議員參選人、里長們是一個團隊，希望選民支持「新北隊」，讓他們有機會為「三重埔」、新北打拚。行政院長卓榮泰（左拿麥克風者）盼春節過後，行政、立法兩院重新啟動新的合作模式，好好審預算與法案。右為民進黨立委、新北市長參選人蘇巧慧（右）。（記者黃子暘攝）行政院長卓榮泰（前排左三）昨與民進黨立委、新北市長參選人蘇巧慧（前排右二）、立委李坤城（前排左二）等前往三重義天宮參拜、發福袋。（記者黃子暘攝）    ,https://news.ltn.com.tw/news/politics/breakingnews/5345731
祀典武廟主委疑染諾羅嘔吐噴濺到總統  黃偉哲：第一時間即表達關心,政治,2026/02/18 16:53,台灣祀典武廟主委林培火疑染諾羅病毒突然嘔吐，人在現場的市長黃偉哲，也上前關心。（記者劉婉君攝）總統賴清德今（18日）回到台南，前往台灣祀典武廟發放紅包，祀典武廟主委林培火疑感染諾羅病毒，突然嘔吐，賴清德也被稍微噴濺到。有民眾根據新聞報導的影片，質疑站在另一側的台南市長黃偉哲反應淡定。市府以影片還原現場，說明黃偉哲第一時間即上前表達關心，為讓救護人員進入才退到外圍。賴清德上午到台灣祀典武廟發放紅包，立委陳亭妃致詞時，林培火突然身體不適並嘔吐，站在其右側的賴清德被噴濺到，賴清德與安南醫院院長林聖哲等人，隨即上前探視林培火的身體狀況，黃偉哲隨後也前往關心，現場相當混亂。請繼續往下閱讀...南市府發言人田玲瑚表示，黃偉哲第一時間即前往關心林培火的身體狀況，當時現場有專業醫護人員，若太多人湧上前關心，恐會阻礙空氣流通與搶救動線，因此國安人員請包括黃偉哲在內的現場非醫療專業人士先行離開。田玲瑚強調，依照現場狀況，「不圍觀、不擋道」才是最好的協助，若太多人湧上前，恐造成醫護困擾，而黃偉哲除了第一時間表達關心，後續也協助就醫安排。總統賴清德大年初二到台灣祀典武廟發紅包時，祀典武廟主委林培火疑因家人感染諾羅病毒，突然不適、嘔吐，緊鄰的賴清德肩膀、左手遭到輕微噴濺。（記者劉婉君攝）    ,https://news.ltn.com.tw/news/politics/breakingnews/5345729
「咪琴」粉絲大集合！副總統宜蘭二結王公廟發福袋 近2000人排隊領,政治,2026/02/18 16:49,大年初二，副總統蕭美琴下午到宜蘭二結王公廟參拜，由行政院政務委員陳金德（左2）、顧問林國漳（左3）、立委陳俊宇（右2）等人陪同。（記者王峻祺攝）副總統蕭美琴今天下午3點到宜蘭二結王公廟參拜祈福，隨後在廟埕發福袋，吸引近2000人排隊，現場宛如粉絲見面會，爭相和副總統合影，更有民眾抱著毛小孩、寵物鳥一起領祝福，見蕭美琴親切互動、滿臉笑顏，直呼「真的好親民！」大年初二，蕭美琴下午到二結王公廟參拜，由行政院政務委員陳金德、顧問林國漳、立委陳俊宇等人陪同，向「古公三王」祈求國泰民安、風調雨順；民進黨發言人韓瑩也趁著年節返鄉、出席參拜行程，會後還和副總統合影。請繼續往下閱讀...祈福後，蕭美琴隨即轉往廟埕發放福袋，現場湧入近2000人依序排隊進場，有民眾攜家帶眷前來，更有人抱著毛小孩、寵物鳥一起領紅包，副總統見孩童、乘坐輪椅者，還特地蹲低身體遞上福袋，更吉言祝福「身體健康、新年快樂」，讓其中一位阿嬤感動到將紅包放在胸口攥緊緊。現場也猶如粉絲見面會，許多民眾爭相和蕭美琴合影，會後還簇擁著要和她握手，而她也展現親民一面，與民眾開心互動。蕭美琴致詞說，即便這個世界有很多的動盪跟不確定，但過去這一年，在國人共同努力下，看到經濟的指標、股市及出口的成長，也都創下新紀錄，相信我們一起團結、一起努力，台灣一定會更好。蕭美琴溫暖遞上福袋，祝福阿嬤身體健康。（記者王峻祺攝）有民眾帶毛小孩一起領祝福。（記者王峻祺攝）蕭美琴到宜蘭發福袋，吸引近2000人排隊，現場宛如粉絲見面會，爭相和副總統合影。（記者王峻祺攝）    ,https://news.ltn.com.tw/news/politics/breakingnews/5345723
賴清德雲林發福袋 強調政府護農決心,政治,2026/02/18 16:43,賴清德總統大年初二到雲林發福袋，外國朋友也開心排隊領取。（記者黃淑莉攝）總統賴清德今（18日）下午到雲林虎尾福安宮、斗六長和宮參拜祈福及發送福袋，雲林是農業大縣，賴總統致詞時強調，我國與美國簽署對等貿易協定（ART）豬肉、花生等作物有調降關稅部分，政府會監控各種變化，並成立300億「農安基金」來協助受影響的農民，也會持續關心所有農民、保障農民權益。賴總統今天下午2點半、3點40分左右，在立委劉建國等多位雲林在地黨公職人員陪同下，抵達虎尾福安宮糖廠媽、斗六石榴班長和宮斑鳩媽參拜，祈求媽祖婆保祐國泰民安、風調雨順，福安宮正在辦理新建工程，賴總統當場捐助10萬元建廟。請繼續往下閱讀...賴總統指出，這次對美談判過程中，他最掛念的是台灣的農產品，立委劉建國也常打電話或在民進黨中常會開會時向他提到，工業發展重要，但農民權益一定要保障，尤其是雲林最大宗的稻米，也是攸關國家糧食安全，所以稻米台灣守住關稅沒有降，另外雲林占全國最多的大蒜，還有雞肉也都守住。賴總統說，豬肉部分日本、韓國的美豬進口關稅都降至零，台灣談判很久、擋很久，3年後降到一半，另外花生也有調降，主要是考量台灣花生是帶殼的，美國與現已開放進口的巴西、印度及阿根廷花生都是去殼，美國的競爭對手是巴西、印度及阿根廷等國。賴清德總統強調，在農業部分政府真的有保住國家利益、農民利益、糧食安全與國民健康，後續政府會嚴格監控各種變化，並成立300億基金來協助農民。賴清德總統也宣布，未來老農津貼提高一個人領超過1萬元，國民年金也一併提高月領5000元。他強調，經濟進步、稅金增加，要拿來照顧人民，提高國防力量，國家安全經濟才會繼續進步，人民才能得到照顧。賴清德總統大年初二到雲林發福袋。（記者黃淑莉攝）賴清德總統大年初二到雲林發福袋，致詞時強調政府護農決心。（記者黃淑莉攝）    ,https://news.ltn.com.tw/news/politics/breakingnews/5345718
澎湖赤崁娘家宴為陳光復祈福  選將齊聚選戰氣味濃,政治,2026/02/18 16:41,澎湖娘家宴起源白沙赤崁村，今年席開150桌。（記者劉禹慶攝）澎湖娘家宴起源白沙鄉赤崁村，今大年初二（18）日席開150桌，邀請遠道返鄉的赤崁女兒們齊聚一堂，由於今年是選舉年，現場選將齊聚，充滿濃厚的選舉氣氛。昨（17）日大年初一澎湖縣大家長陳光復，在文化局演藝廳發放福袋不幸重摔昏迷，娘家宴開始由赤崁社區理事長黃天香，率先公開為縣長祈福。白沙鄉赤崁村2000年首創大年初二「牽手回娘家．村民大團圓」共餐活動，聲勢也一直是全澎湖最浩大、約在150桌。由於成效良好，引發各村里仿效，2019年創下共席開1151桌、1萬1510人參與紀錄後，時任澎湖縣長賴峰偉卻在隔年宣布停止補助，加上老人凋零和赴台過年，接下來遇上疫情衝擊停辦，今年僅剩下白沙鄉赤崁和湖西鄉鼎灣2村舉辦、共計206桌。請繼續往下閱讀...由於今年是選舉年，現場來賓包括鄉長宋萬富、議員宋昀芝、魏睿宏、許國政、無黨縣長參選人葉竹林、白沙鄉代會主席吳良添，還有澎湖縣政府顧問吳南宏，鄉長參選人吳龍河、涂順清、黄健化都到場，把握人潮聚集機會爭取民眾支持。黃天香表示，赤崁娘家宴要感謝當年老村長黃明男創舉，能藉此機會，許久不見的親朋老友都能齊聚一堂，社區民眾都可報名，社區則負責向縣長、議員等民代爭取經費補助買摸彩品；今年摸彩150桌通通有獎、還有第二輪及白腹魚彩品，讓大家有吃又有拿，家家戶戶滿載而歸，今年每桌是6000元。娘家宴會場財神爺坐鎮，祝賀新春快樂。（記者劉禹慶攝）150桌摸彩桌桌有獎，有吃又有拿。（記者劉禹慶攝）幸運抽中白鑽魚得主，高興有美食可以帶回台灣享用。（記者劉禹慶攝）    ,https://news.ltn.com.tw/news/politics/breakingnews/5345720
Hello Taiwan啟動「台灣代表處」正名行動  裴洛西發言助攻,政治,2026/02/18 16:32,非營利組織「哈囉台灣國際交流策進會」（Hello Taiwan）16日在德國柏林舉辦的「世界論壇」場邊召開記者會，正式啟動全球「台灣代表處（TRO）」正名行動。（黃捷辦公室提供）非營利組織「哈囉台灣國際交流策進會」（Hello Taiwan）16日在德國柏林舉辦的「世界論壇」場邊召開記者會，正式啟動全球「台灣代表處（TRO）」正名行動，盼將現行的「台北經濟文化代表處（TECO）」正名為「台灣代表處」。美國眾議院前議長裴洛西（Nancy Pelosi）於柏林論壇致詞也說，「台灣是一個充滿活力的民主國家」，也是對「自由與中國文化不相容」這一謬論的活生生反駁。請繼續往下閱讀...「Hello Taiwan」執行長江明信16日上午於德國柏林召開記者會宣布，將全面推動將台灣海外辦事處由現行的「台北經濟文化代表處」正名為「台灣代表處」，他強調，台灣駐外機構代表的是全體2300萬台灣人民，而非單一城市「台北」。出席記者會的立委黃捷指出，身為渴望與世界接軌的新世代，正名行動能讓國際社會「清晰地看見台灣」，而不必受限於含糊的身分。台北市議員苗博雅也直言，使用「台北」之名是歷史遺留的諷刺，過去是為了迴避政治敏感，但現在全球地緣政治已變，台灣是一個「事實上的國家（de facto country）」，理應獲得與其實力相符的稱呼。原定親自出席世界論壇的美國眾議院前議長裴洛西，因美國國內法案處理進程臨時無法出國，改以預錄視訊方式向大會致詞。裴洛西在演說中將烏克蘭與台灣並論，稱兩者是「同一個故事的不同章節」，並表示「台灣是一個充滿活力的民主國家、全球經濟的關鍵齒輪，更是對『自由與中國文化不相容』這一謬論的活生生反駁」。裴洛西強烈呼籲，民主國家必須在威權威脅初期就果斷行動，而非等到代價變得不可承受，「威懾不是挑釁，團結不是升級。保護台灣不只是為了和平，更是為了確保民主價值不被當作暫時穩定的籌碼交換」。    ,https://news.ltn.com.tw/news/politics/breakingnews/5345721
自由說新聞》走春翻車畫面連環爆！民眾黨林子宇昔嗆「震懾台南」舊片失控！,政治,2026/02/18 16:30,全新的視界！新聞話題不漏接，快訂閱YouTube 【自由追新聞】，記得開啟小鈴鐺哦！    ,https://news.ltn.com.tw/news/politics/breakingnews/5345707
蕭美琴走春「戰貓帽Ｔ」爆紅 全網狂敲碗︰哪裡能買到它？,政治,2026/02/18 16:19,副總統蕭美琴今年農曆春節前往各地走春拜年、發送新年福袋，其隨扈團隊身上的「戰貓帽T」，意外成為網路熱門話題。（記者李容萍攝）農曆春節期間，副總統蕭美琴前往各地與民眾走春拜年、發送新年福袋。不少眼尖網友發現，蕭美琴的隨扈全部穿著有「韌性戰貓」、「Team Taiwan」圖文的軍遊騎兵綠色帽T，簡約明瞭又台味滿滿的設計，迅速在社群平台掀起大批網友熱烈討論，不斷敲碗詢問蕭美琴哪裡才能購買到這件「戰貓帽T」。目前「戰貓帽T」在臉書、Threads等社群平台成為熱門話題，網友紛紛表示，「許願戰貓帽T」、「我需要賣場連結！」、「咪琴隨扈人員好幸福！」、「為什麼找不到購買連結」、「把帽T購買連結放出來！」、「這件衣服好看，要去哪裡下單」、「為什麼都偷偷地做可愛的T恤？然後都不給網址」、「我喜歡戰貓特勤隊的概念，更親民，更有靈活性」、「戰貓T這種高詢問度，咪琴副總統不乾脆組成戰貓民防部隊嗎？」。請繼續往下閱讀...也有親自前往蕭美琴走春地點領取福袋的網友透露，他們詢問蕭美琴本人「戰貓帽T」能在哪裡購買，結果得知它竟然是「非賣品」，為隨扈團隊自行設計製作，市面上並未販售，並且最後一件「戰貓帽T」已經送給前總統蔡英文。其他網友得知此事，隨然感到很失落不已，但也轉而表示，「年後報名入伍有沒有的送？」、「現在報名隨扈還來得及嗎？」、「送如果有賣，隨扈就不能穿了！不然穿上混入怎麼辦？」。另據本報昨（17）日報導，這件帽T正面寫著「Team Taiwan」，LOGO採用12強經典賽的加油口號、背面字樣「Anping（安平）」，則是台灣歷史起點的標記，代表「歷史在背後，榮耀在胸膛」；「韌性戰貓」的圖案，為象徵突破限制、彈性應變與守護先鋒的特質。此外，蕭美琴隨扈團隊昨日穿的帽T顏色，是戰術色彩中的「遊騎兵綠（Ranger Green）」；今（18）日去領福袋的網友指出，隨扈們的帽T似乎是軍綠色。     在 Threads 查看     在 Threads 查看     在 Threads 查看    ,https://news.ltn.com.tw/news/politics/breakingnews/5345658
「反傅聯盟」逼傅崐萁回防選花縣長？游淑貞：應該不會,政治,2026/02/18 16:04,花蓮縣吉安鄉長游淑貞（右3）今天在吉安鄉好客藝術村發放馬年金幣，吸引民眾合照。（記者花孟璟攝）今年地方九合一選舉，花蓮縣長徐榛蔚兩任屆滿，國民黨迄今尚未確認花蓮縣長提名人選，被外界視為「徐榛蔚接班人」的吉安鄉長游淑貞，今天在吉安好客園區發馬年金幣，許多支持者大喊「游縣長當選」。對於傳出傅崐萁有可能回防花蓮選縣長，游淑貞今首次闢謠說「大家都耳語啦」、「我想應該是不會」。吉安鄉公所今起到初五每天在吉安鄉好客藝術村舉辦新春市集，游淑貞現身發放馬年金幣「每天200份起跳」，吸引大批走春民眾排隊領取；現場也有鄉公所員工親切叮嚀可以幫拿手機拍合照，支持者高喊「支持游縣長當選」，氣氛熱烈。請繼續往下閱讀...對於傅崐萁可能回鍋，游淑貞強調「應該是不會」，因為國民黨在花蓮需要年輕人傳承接棒，藍營在花蓮才能生生不息，花蓮需要有更新的創意來創造未來多元產業，幫助年輕人回鄉；她相信「傅會以立委的高度」，在中央發揮強而有力的角色，替地方爭取交通路網及產業。近來地方盛傳傅崐萁要回防選花蓮縣長，原因是泛藍陣營出現「4打1」態勢，無黨籍議長張峻、無黨籍議員魏嘉賢、以及國民黨前花蓮市長葉耀輝、媒體人何啟聖等「反對傅崐萁大聯盟」成形，傅崐萁擔憂游淑貞不夠力，將丟掉經營20多年的花蓮。國民黨花蓮縣黨部急著公布內參民調、向黨中央推薦提名游淑貞，然而黨中央對此以及葉耀輝、何啟聖的抗議，始終冷處理，至今尚未確認人選，是否會讓傅崐萁「壓線」接受徵召，國民黨態度令人玩味。游淑貞認為，她擔任鐵人鄉長，在地方耕耘將近10年，尊重黨中央的提名作業程序，在提名及徵召未確定人選之前，她會每一天都克盡職責地努力，國民黨內還有前市長葉耀輝、何啟聖2位，黨都有在協調。她強調，縣長提名攸關底下的鄉鎮長、鄉鎮市民代表、村里長選舉，希望黨中央盡快、才不會延宕到後面選舉的安排。游淑貞被視為徐榛蔚愛將，去年在吉安鄉多處豎立看板。（記者花孟璟攝）    ,https://news.ltn.com.tw/news/politics/breakingnews/5345695
初二拜廟行程首站彌陀  陳其邁：得力幕僚在地人 每次公文都OK,政治,2026/02/18 15:51,高雄市長陳其邁今天初二到彌陀區彌壽宮參拜，與廟方團隊一起比出超人十字死光手勢。（高市府提供）高雄市長陳其邁今初二安排多處拜廟行程，上午第一站選擇位於海岸的彌陀區，他透露自己最得力的幕僚就是彌陀人，難怪每次跟彌陀有關係的公文都OK。大年初二迎新春，陳其邁今陸續走訪彌陀區彌壽宮、梓官中崙城隍廟參拜祈福，現場發送小紅包為市民朋友送上新春祝福，排隊人潮絡繹不絕，現場氣氛熱鬧。請繼續往下閱讀...他隨後再陪同總統賴清德前往岡山壽天宮、前鎮鎮南宮參拜，祈求國泰民安、風調雨順，下午轉往旗津中洲廣濟宮與天后宮發送新春小紅包，向市民朋友拜年。陳其邁表示，近年在中央支持下，高雄各項重大建設不斷，包括台積電落腳高雄、捷運紅線延伸至岡山車站，及運動中心、社會住宅等多項重大建設。他感謝賴總統在面對國際局勢與經貿挑戰時，站在第一線為產業發展爭取有利條件，讓台灣在半導體與高階製造保持競爭力，盼未來中央地方攜手合作，讓國家更安全、高雄更進步。陳其邁在彌陀受訪時指出，高雄幅員遼闊，市府致力推動區域均衡發展，近年與中央共同合作，持續推動彌陀地區多項公共建設，包括碼頭工程改建、漁港整修、過港橋工程等，投入經費超過新台幣8億元。他同時爆料，市長辦公室一位得力幕僚就是彌陀人，難怪每次跟彌陀有關的公文都OK，還有一位隨扈娶了彌陀媳婦，所以他也常有機會到彌陀走走。陳其邁初二拜廟首選彌陀，透露得力幕僚就是彌陀人。（高市府提供）    ,https://news.ltn.com.tw/news/politics/breakingnews/5345687
鄭麗文撞鐘「紅繩狂抖」 胡采蘋：呈現人們對主角的看法,政治,2026/02/18 15:51,鄭麗文祈福時，手中握著的紅色繩子兩度「抖動」，相關影片掀起網友熱議。（圖擷取自法鼓山YT）國民黨主席鄭麗文除夕（16日）出席法鼓山撞鐘活動祈福儀式，儀式過程中手中紅繩兩度劇烈抖動，她回應是「強烈感受到神明的感召」。對此，財經網紅胡采蘋認為，紅繩事件的詮釋，呈現的恐怕是人們對事件主角的看法，未必真與神靈有關。胡采蘋在臉書粉專「Emmy追劇時間」發文表示，這次紅繩的事件，坦白說大眾的詮釋恐怕跟主角本人有關。如果今天是蔡英文或蕭美琴出現紅繩躍動的現象，一般民眾可能會認為是神明顯靈保佑，不會往壞處想，因為蔡總統是真的帶領台灣成功對抗疫情，始終守護全球供應鏈，對台灣的國家發展方向有著重大貢獻。而蕭美琴在駐美大使任內，也在提升台灣國際地位上，有著被廣泛承認的卓著功績。請繼續往下閱讀...胡采蘋指出，然而鄭麗文鎮日喊打喊殺，十度封殺對台灣存亡至關重要的史上最大軍購案，無限期拖延國家預算案審查，摩拳擦掌準備否決讓產業界躍升到21世紀最公平對美關稅的台美貿易協定，甚至有可能打破台灣政治慣例，首度在苗栗縣、新竹縣提名有管訓流氓紀錄的縣市首長候選人。胡采蘋批評，主角本人每天都做一些禍國殃民的惡事，在直播畫面中神情猥瑣，紅繩一動就鎮不住心神，一直撥頭髮擠臉，心中根本不平靜，差點摔了一跤，群眾的詮釋當然會認為是神明憎惡妖孽。她總結，紅繩事件的詮釋，呈現的恐怕是人們對事件主角的看法，心有所思，因此出現不同詮釋，未必真與神靈有關。    ,https://news.ltn.com.tw/news/politics/breakingnews/5345674
人氣爆棚！蕭美琴平鎮褒忠祠發新春福袋 上千民眾排隊領取,政治,2026/02/18 15:40,副總統蕭美琴大年初二到桃園市平鎮褒忠祠發送馬年新春福袋。（記者李容萍攝）今天大年初二，副總統蕭美琴近午身著喜氣紅色帽T，到桃園市平鎮褒忠祠（義民廟），由國策顧問、褒忠祠主委范振修等人陪同參拜祈福，並發送馬年新春福袋，上千位民眾依序排成長長人龍等待領取，蕭美琴全程微笑、親切與民眾互動、問候場面溫馨、熱鬧。總統府副秘書長何志偉、不分區立委王義川，同是不分區立委林月琴、張雅琳，民進黨桃園市黨部主委黃傅淑香、市議員黃崇真、張曉昀、魏筠、黃瓊慧、王珮毓、劉仁照、張肇良、陳睿生、許家睿、陳治文，以及登記黨內市議員初選的黃盈淇、項柏翰、張佩芸等人，大陣仗陪同蕭美琴參香、發送新春福袋，會後爭相與蕭美琴拍照，互道「加油」和「新年快樂」。請繼續往下閱讀...蕭美琴人氣很旺，有人全家出動，有爸媽抱著嬰兒，有行動不便長輩坐著輪椅前來，還推著嬰兒車載毛小孩前來排隊，就是為了領取蕭美琴的馬年新春福袋；過程中，蕭美琴不但親切遞上福袋，並且祝賀民眾新年快樂，遇到小朋友、長輩，都會特別彎下腰關心、互動，場面溫馨。排隊人龍中發生一插曲，有個男童不明原因鬧情緒，一名穿著打扮時髦的辣媽一路又拉又推男童跟著隊伍前進，在接近蕭美琴前幾步男童突然失控連喊「我不要！」隨扈聽著男童哭鬧聲上前關注，未料男童鬧得更兇，一旁何志偉也顯手足無措、尷尬朝蕭美琴笑著，不過蕭美琴早早蹲低身子與男童平視並柔聲安撫「沒關係、沒關係」，且掛著笑容將福袋遞給男童，化解現場尷尬。此外，對於蕭美琴隨扈的淺棕色「Team Taiwan」戰貓帽T，設計\\受到不少民眾青睞，雖然蕭美琴稍早表示，最後一件已經送給很喜歡這款服飾的前總統蔡英文了，也是鄉民女神「qn」的黃瓊慧等人，親眼看到隨扈們的帽T時，私下也敲碗熱議著「真的好好看！」、「好想要一件！」。副總統蕭美琴大年初二到桃園市平鎮褒忠祠發送馬年新春福袋。（記者李容萍攝）副總統蕭美琴大年初二到桃園市平鎮褒忠祠發送馬年新春福袋。（記者李容萍攝）副總統蕭美琴（左4）大年初二到桃園市平鎮褒忠祠（義民廟），由國策顧問、褒忠祠主委范振修（左3）等人陪同參拜祈福。（記者李容萍攝）蕭美琴隨扈的淺棕色「Team Taiwan」戰貓帽T，受到不少民眾青睞。（記者李容萍攝）副總統蕭美琴（左6）大年初二到桃園市平鎮褒忠祠（義民廟），由國策顧問、褒忠祠主委范振修（左5）等人陪同參拜祈福。（記者李容萍攝）副總統蕭美琴（中）大年初二到桃園市平鎮褒忠祠走春，民進黨桃園市2026選將爭相與最強母雞合照。（記者李容萍攝）副總統蕭美琴（左7）大年初二到桃園市平鎮褒忠祠走春，民進黨桃園市2026選將陪同向民眾拜年。（記者李容萍攝）副總統蕭美琴（中）大年初二到桃園市平鎮褒忠祠走春，民進黨桃園市2026選將爭相與最強母雞合照。（記者李容萍攝）副總統蕭美琴大年初二到桃園市平鎮褒忠祠發送馬年新春福袋。（記者李容萍攝）副總統蕭美琴大年初二到桃園市平鎮褒忠祠發送馬年新春福袋，圖中阿嬤化成粉絲用手機猛拍蕭美琴。（記者李容萍攝）    ,https://news.ltn.com.tw/news/politics/breakingnews/5345682
高市早苗連任首相 林佳龍：盼與日本合作實現自由開放印太,政治,2026/02/18 15:37,高市早苗今日成功連任首相，外交部長林佳龍已指示我國駐日本代表處代表政府向高市早苗及全體閣員申賀。（圖擷取自林佳龍臉書）日本今（18）日召開特別國會舉行首相選舉，自由民主黨總裁高市早苗獲推舉連任第105任首相，將組成「第二次高市內閣」。外交部長林佳龍除對高市早苗表達誠摯祝賀之外，也已指示我國駐日本代表處代表政府向高市早苗及全體閣員申賀。林也強調，台灣期盼與日本合作實現「自由開放的印度太平洋」（FOIP），持續深化互利互惠的全面夥伴關係。林佳龍指出，高市早苗擁有極為堅實的民意基礎，長期以具體行動挺台，擔任自民黨政務調查會長期間，將「支持台灣加入跨太平洋夥伴全面進步協定（CPTPP）及世界衛生組織（WHO）」納入自民黨國會競選政見，2025年當選自民黨總裁前曾組團訪台晉見總統賴清德及與我各界要人晤敘，就任首相後旋即在多個重要國際場合強調維護台海和平穩定至關重要。請繼續往下閱讀...林佳龍指出，日本政府一貫高度重視台日關係穩健發展，今年日本眾議院大選後外務大臣茂木敏充應詢時曾表示，日本政府將持既有立場與台灣進一步深化交流合作。林佳龍強調，台日兩國同為第一島鏈重要夥伴，台灣期盼與日本合作實現「自由開放的印度太平洋」，持續深化互利互惠的全面夥伴關係，共同為區域和平、穩定與繁榮做出貢獻。    ,https://news.ltn.com.tw/news/politics/breakingnews/5345686
台中拜年談鄭麗文撞鐘紅繩抖動 韓國瑜：代表有感應,政治,2026/02/18 15:29,立法院長韓國瑜（中）大年初二到台中豐原慈濟宮走春參拜。（記者張軒哲攝）大年初二立法院院長韓國瑜專程至台中豐原慈濟宮，陪同副手、立法院副院長江啟臣向民眾拜年，韓國瑜致詞指出，國民黨主席鄭麗文除夕到法鼓山撞鐘紅繩抖動，代表「有感應」，多行善是最好的解釋。韓國瑜說，鄭麗文除夕到法鼓山撞鐘時「紅繩抖動」的小插曲，笑稱全台灣新聞都在報這條，「顫抖代表有感應啦」，外國人遇到快樂、害怕或驚訝的事情，頭一拍會說「Oh My God」，中華文化則是說「我的天啊」。請繼續往下閱讀...韓國瑜說，人在做、天在看，舉頭三尺有神明，不敢為惡、不信仰怪力亂神，而是希望多多為善，多行善事就是最好的解釋，一個個小我發揚為大我，台灣社會就會非常祥和。    ,https://news.ltn.com.tw/news/politics/breakingnews/5345675
副總統級校稿！插畫家繪「4戰貓萌圖」 釣出蕭美琴親回「1失誤」,政治,2026/02/18 15:08,副總統蕭美琴是著名愛貓人士，不僅有著「戰貓」、「咪琴」等暱稱，家中還收養4隻可愛的貓咪。（資料照，副總統辦公室提供）身為著名「貓派」成員的副總統蕭美琴，不僅有著「戰貓」、「咪琴」等暱稱，她與家中4隻可愛的貓咪互動，更時常成為網路熱門話題。近期一名台灣插畫家繪製蕭美琴的4隻愛貓萌圖，並分享到社群供大眾觀賞，未料竟意外釣出蕭美琴親自校閱這張繪圖中的「唯一失誤」，此舉隨即掀起大批網友熱烈討論。今（18日）上午，台灣插畫家「腦開 Open Brain」在社群平台Threads曬出最新繪圖，並在貼文簡短介紹繪圖名為「真•戰貓特勤隊」。從圖片顯示，4隻花色不同、站起來背對人的貓咪，身上都穿著蕭美琴維安團隊自行設計的「戰貓帽T」，4隻貓咪從左到右分別為乳牛貓「Fluffy」、黑貓「Happy」、三花貓「阿花」與虎斑貓「Tiger」。請繼續往下閱讀...繪圖發布後，吸引不少熱愛貓咪的網友關注，甚至引起蕭美琴注意，特意留言向「腦開 Open Brain」指出，站在繪圖最右邊的壯漢「Tiger」，本尊尾巴其實是天生偏短、民間視為帶來好運福運的「麒麟尾」。蕭美琴事後還轉發這張繪圖，還幽默寫下對這張繪圖的想法，「低調專業，彈性應變；歷史與戰力在背後，榮耀在胸前」。許多網友見狀，則紛紛留言笑說，「副總統級校稿」、「好喜歡這個小細節」、「親娘！馬上認出來」、「媽媽都是一眼認出小孩特徵的」、「太專業了，一眼看出這小細節」、「果然是媽咪，一眼就認出差異XD」。另有不少人趁機敲碗，希望蕭美琴能販售這款戰貓帽T，「那個購買連結勒？」、「我就ven，購買連結在哪裡？」。     在 Threads 查看     在 Threads 查看    ,https://news.ltn.com.tw/news/politics/breakingnews/5345644
林子宇稱汐止「綠到出汁」 詹凌瑀：黃國昌當年是靠禮讓才上的耶,政治,2026/02/18 15:06,針對林子宇稱汐止「綠到出汁」，詹凌瑀直言：「這種程度的政治判斷力，真的別出來選議員丟人現眼了，憑這股凶狠勁，去當個太妹頭可能還比較適任！」（資料照）民眾黨主席黃國昌大年初一（17日）前往板橋走春拜年，遭到群眾嘲諷，民眾黨新北市議員參選人林子宇對此表情凶狠地朝群眾大喊「新年快樂」，相關影片在網路上瘋傳，事後林子宇發文提及「新春耍流氓的側翼」，再度引發網友怒火。媒體人詹凌瑀質疑：「這副太妹樣說是市議員參選人？我還以為是哪來的角頭大姐在圍事。」詹凌瑀以「沒唸書真可怕！汐止藍到發紫，有人卻喊綠到出汁？」為題發文，並提到林子宇為了護航黃國昌，對著民眾凶狠大吼「新年快樂」，過去更曾經荒謬地說汐止「綠到出汁」。請繼續往下閱讀...詹凌瑀表示，攤開中選會資料，汐止長年是藍營票倉，黃國昌當年都是靠禮讓才上的，之後賴品妤也贏得很辛苦，林子宇連這種基本選區結構都搞不清楚，還好意思在那邊大小聲？詹凌瑀直言：「這種程度的政治判斷力，真的別出來選議員丟人現眼了，憑這股凶狠勁，去當個太妹頭可能還比較適任！」    ,https://news.ltn.com.tw/news/politics/breakingnews/5345647
韓國瑜台南發春聯：過年不要講太多政治,政治,2026/02/18 15:05,大年初二，立法院長韓國瑜到台南永康大灣廣護宮發送春聯，也向台南民眾拜年。（記者劉婉君攝）立法院長韓國瑜今（18）日大年初二下午，到台南永康大灣廣護宮，發送「馬上幸福」春聯給民眾，他致詞時表示，過年不要講太多政治，台灣社會過去1年紛紛擾擾，希望新的1年和諧的繼續往前衝、繼續進步，台灣更棒。韓國瑜今天下午在立委謝龍介、國民黨籍市議員林燕祝、蔡育輝、許至椿及無黨籍市議員李鎮國等人陪同下，於永康大灣廣護宮發放春聯，吸引許多民眾排隊領取，相當熱情。請繼續往下閱讀...韓國瑜致詞時表示，財劃法已經通過了，大家請放心，希望新的一年，大家平平安安、馬上幸福。台南是民主聖地，大年初二回娘家天氣好，太陽燦爛，在場的台南鄉親都笑咪咪，希望這樣善良、溫暖的力量，可以貫穿整個馬年。他說，過年到，不要講太多政治的話，謝龍介在立法院的表現可圈可點，請大家多多鼓勵，給他支持、給他鞭策。立法院長韓國瑜（右）到台南永康大灣廣護宮發送春聯。（記者劉婉君攝）    ,https://news.ltn.com.tw/news/politics/breakingnews/5345665
目睹武廟主委嘔吐、老婦熱暈 賴總統發聲：健康第一,政治,2026/02/18 14:40,賴清德在Threads發布一系列「賴桑的過年迷因」圖，包括「突然想不起遠親的名字」、「當親戚第一次帶伴侶過年」。（圖擷取自賴清德Threads平台）賴清德總統今天走訪台灣祀典武廟發紅包時，身旁的武廟主委林培火疑似感染諾羅病毒突發嘔吐；隨後到屏東南州精明寶宮時，也有老婦熱暈，賴總統午後在Threads發文，提醒民眾認真看待自己的身體健康，千萬不要勉強，平安就是福。賴清德在Threads發布一系列「賴桑的過年迷因」圖，包括「突然想不起遠親的名字」、「當親戚第一次帶伴侶過年」、「當我紅包包比較大包」等情境梗圖。請繼續往下閱讀...賴清德表示，幕僚可以拿他的照片開玩笑，但有一件事，請大家一定要認真看待，那就是自己的身體健康。賴清德指出，春節期間大魚大肉、聚會頻繁，加上人潮聚集，病毒傳播的機率也隨之增加。請大家在熱鬧之餘，也別忘了留心自己的身體狀況。賴清德提醒，感覺累了或不舒服，請停下來多休息，千萬不要勉強。健康第一，平安就是福。賴清德在Threads發布一系列「賴桑的過年迷因」圖，包括「突然想不起遠親的名字」、「當親戚第一次帶伴侶過年」。（圖擷取自賴清德Threads平台）總統賴清德大年初二到台灣祀典武廟發紅包時，祀典武廟主委林培火疑因家人感染諾羅病毒，突然不適、嘔吐，緊鄰的賴清德肩膀、左手遭到輕微噴濺。（記者劉婉君攝）    ,https://news.ltn.com.tw/news/politics/breakingnews/5345650
陳其邁「不可能輕鬆太久」！ 賴清德：未來要幫中央承擔台灣的工作,政治,2026/02/18 14:32,賴清德表示，高雄市長陳其邁不會輕鬆太久，未來會幫中央承擔台灣的工作。（民眾提供）總統賴清德今天在高雄說，市長陳其邁不可能輕鬆太久，要有心理準備，「麥克風」以後會比較大隻，除了交棒賴瑞隆，未來還要幫中央承擔台灣的工作。賴清德今中午前往高雄前鎮區鎮南宮參香與分送小紅包，他致詞時提到自己剛下車時問市長陳其邁「現在有沒有比較輕鬆」？接著主動解讀這樣問的意思是「他不可能輕鬆太久，要有心理準備，麥克風未來會比較大隻」，並邀鄉親給市長陳其邁掌聲鼓勵。請繼續往下閱讀...賴清德接著又說，其邁的責任很重，要負責市政及交棒給立委賴瑞隆，「未來還要幫忙中央承擔台灣的工作」，給其邁掌聲加油一下，站在一旁的陳其邁則露出靦腆笑容。賴清德表示，今天到這裡高雄鎮南宮參拜。主要為全國人民祈福，希望神明保佑台灣國泰民安、風調雨順，高雄四時無災、八節有慶。他提到今天也要代表政府、國家感謝各位，雖然去年遇到許多挑戰，但也一一克服。去年交出很好的經濟成績單。總體經濟成長率8.68％，日本與韓國約1％、美國2％多，「隔壁不說名字、大家都知道的國家」4％多。他進一步提到，今年經濟預測會比去年進步很多，儘管基數升高，但主計總處已預估出今年經濟成長率7.71％，國際研究機構還更高、超過8％，所以大家要對台灣要有信心，國家會繼續進步，只要團結向前走，台灣一定贏。賴清德強調，他也會好好照顧民眾，推動社福政策、0到6歲國家養，私立大學也有補助、一年3萬5千元，中低收入再加碼補助，希望透過教育栽培人才，個人生活好、國家才會好。總統點名幫中央分擔！陳其邁回應：全力推動市政、不會鬆懈    ,https://news.ltn.com.tw/news/politics/breakingnews/5345645
陳光復摔倒重傷 隨行的馬公市長黃健忠還原經過,政治,2026/02/18 14:11,澎湖縣長陳光復前往城隍廟春節一條街發放福袋，馬公市長黃健忠（右三）、民進黨澎湖縣黨部主委顏家康（右）全程隨行。（馬公城隍廟提供）澎湖縣長陳光復大年初一發放福袋，卻在文化局演藝廳下樓失足跌落，意外導致後腦重創昏迷，緊急後送高雄榮總開刀進行減壓手術，讓澎湖各界震驚。隨行的民進黨澎湖縣黨部主委顏家康、馬公市長黃健忠今日（18）還原事發經過。昨（17）日大年初一，澎湖縣長陳光復馬不停蹄前往城隍廟春節一條街、文化局演藝廳及花海休憩園區發放福袋，馬公市長黃健忠及獲得民進黨提名參選馬公選區議員、澎湖縣黨部主委顏家康一路隨行，當活動進行第2個行程，陳光復下樓前往文化局演藝廳與觀眾打招呼之際，就在最後4個台階發生意外。請繼續往下閱讀...黃健忠表示，當時他就在縣長陳光復身後第一順位，由於事發突然，根本來不及反應，意外就這樣發生，連身材高大的縣黨部主委顏家康，第一時間也無法立即反應。但既然事情發生了，更要一起集氣祈福，懇切祈願縣長一定能安然渡過、早日康復，平安回到澎湖，繼續為鄉親服務。陳光復發生意外後動了顱內手術，又曾短暫失去呼吸心跳，術後恢復狀況不明，是否能順利參選連任縣長寶座，至今仍是未知數。在立委楊曜先前就表態萌生政壇退意，宣布不再參選立委之後，黃健忠成為熱門候補人選，但黃對此選擇直球對決表示，目前尚無此規劃，現在最迫切的是，希望陳光復盡速恢復健康，重返工作崗位，一起為澎湖縣民福祉努力。澎湖縣長陳光復文化局演藝廳發放福袋，民進黨澎湖縣黨部主委顏家康在後隨行。（民眾提供）    ,https://news.ltn.com.tw/news/politics/breakingnews/5345633
民眾黨林子宇「忠心護主」影片瘋傳 她批側翼「耍流氓」反被洗版,政治,2026/02/18 13:42,昨日黃國昌拜票時被嗆時，林子宇朝群眾大喊「新年快樂」，而當下林子宇表情凶狠，相關影片在網路上瘋傳，被網友批評「流氓」、「太妹」。事後林子宇在臉書發文質疑「不太知道在新春耍流氓的側翼有什麼勇氣在街頭鬧事」，反而又被網友留言洗版。（圖擷取自林子宇臉書）民眾黨主席黃國昌大年初一（17日）前往板橋走春拜年，和民眾黨新北市議員參選人林子宇一同發放紅包及福袋，不過黃國昌近期拜票時頻頻被嗆，昨日黃拜票時被嗆時，林子宇朝群眾大喊「新年快樂」，而當下林子宇表情凶狠，相關影片在網路上瘋傳，被網友批評「流氓」、「太妹」。事後林子宇在臉書發文質疑「不太知道在新春耍流氓的側翼有什麼勇氣在街頭鬧事」，反而又被網友留言洗版。黃國昌昨結束拜票準備離去時，被群眾嘲諷：「超速仔黃國昌，市長要選到底喔！」此時林子宇馬上往前大喊「新年快樂！」、「新～年～快～樂！」，離去前還回頭看了群眾一眼。臉書粉專「Mr.柯學先生」將相關影片分享至臉書，批評林子宇「囂張」，許多網友也留言：「根本太妹」、「一句新年快樂講的咬牙切齒，語帶威脅耶。」、「那麼囂張，如果讓她當選了，那還得了啊？」、「好討厭的嘴臉喔」請繼續往下閱讀...林子宇昨日下午在臉書發文：「不太知道在新春耍流氓的側翼有什麼勇氣在街頭鬧事，是因為小英總統要大駕光臨板橋嗎？」並提到：「黃國昌出現的每一個場次，都有人用『同樣的台詞』在鬧場，老闆有風度不計較，但說實話，正常有家教、社會化的人都不會這樣來鬧場啦！久了連媒體都知道這把戲很難看，也只有特定幾家會未卜先知知道「開罵時機」然後「剛好」往同個方向拍，簡直荒謬。」林子宇強調：「台灣會亂，就是有這種人存在，至於是面對一連串精心鋪陳的惡意還高聲祝賀新年快樂的我比較值得被檢討，還是大聲嚷嚷污言穢語的人需要去照照鏡子，公道恐怕自在人心。」最後她則說：「新春要說好話、存好心，做好事喔！給人生不夠溫暖的人一個擁抱。」不過林子宇此篇貼文沒有緩和作用，再度引發戰火，許多網友紛紛留言：「先檢討人or罵人，最後再跟人說新春要說好話存好事做好事，這樣有比較好嗎？」、「你在網路上罵就很有家教一樣？」、「大年初一就開始檢討選民，真棒棒～」、「妳嘴巴說新年快樂像在罵人…...」、「當下直覺的表情跟情緒反應往往是最真實的。」、「說別人耍流氓，你家是不是沒有鏡子？」、「妳影片的臉是在囂張什麼？」、「你的口氣不像在說好話耶」    ,https://news.ltn.com.tw/news/politics/breakingnews/5345590
行政院長卓榮泰基隆天顯宮參拜 祝福童子瑋成為「持家的市長」,政治,2026/02/18 13:41,行政院長卓榮泰（左四）今天（18日）到基隆和平島天顯宮，在基隆議長童子瑋（圖右三戴眼鏡者）陪同下，代表總統發放1元紅包。（記者俞肇福攝）行政院長卓榮泰今天（18日）早上在民進黨基隆市長參選人、基隆市議長童子瑋陪同下，到基隆市天顯宮參香祈福，卓榮泰致詞時肯定童子瑋從議員到議長勤走基層，待人親切做事認真又陽光，為了非六都警察超勤津貼，多次到行政院長辦公室，幫員警爭取加碼4成，童子瑋還提出老人年金與端午節、中秋節與春節的三節慰問金要加碼，中央會在財務更好情況下支持；他期勉童子瑋，從「顧家的議長」，未來成為「持家的市長」，更祝福童子瑋，為基隆市民投出3分球。卓榮泰上午10時到基隆市和平島天顯宮參拜祈福，隨後又到基隆港西岸的聖安宮參拜，並代表賴清德總統發放1元福袋。民進黨基隆市黨公職人員均到場。卓榮泰說，大年初二他選在台灣頭的基隆出發，展開春節走春參香之旅，要從台灣頭的基隆天顯宮，一路參香祈福到台灣尾的屏東車城福安宮。請繼續往下閱讀...卓榮泰致詞說，童子瑋主持議事非常公正，沒有與基隆市政府對抗，基隆市政府提出的法案、該給的預算，童子瑋都讓它通過，「與立法院不一樣，怎麼差這麼多」！卓榮泰轉頭看向童子瑋說，若是由童子瑋擔任立法院長，他大概現在就不會那麼辛苦；童子瑋擔任議員、議長，要為地方、為建設、為國家，不可以偏一私一黨，童子瑋改變很多，變得沉穩、成熟，而且很民主。卓揆說，而改變最少的也是童子瑋，童從擔任議員到現在當議長，看起來都一樣，待人親切做事認真又很陽光，總是笑臉迎人，聽說最近要競選中華民國籃球協會理事長，籃球有項特點，無論在哪個位置，隨時能投出3分球，只要投得準，就可以投出3分球，他也要祝福童子瑋為基隆市民投出3分球。卓榮泰表示，基隆是大家的厝也是家，童子瑋本來是厝邊的議員，現在是顧基隆這個家的「顧家」議長，希望童子瑋未來成為「持家」的市長，從「顧家的議長」變成「持家的市長」，從年輕議員成為「飄撇」（帥氣）的市長。行政院長卓榮泰（左）今天（18日）到基隆和平島天顯宮，在基隆議長童子瑋（圖右）陪同下參香祈福。（記者俞肇福攝）行政院長卓榮泰（左）今天（18日）到基隆和平島天顯宮，在基隆議長童子瑋（圖右）陪同下參香祈福；會後與民進黨基隆黨公職人員同框合影。（記者俞肇福攝）    ,https://news.ltn.com.tw/news/politics/breakingnews/5345618
賴清德屏東發福袋祈福 見老婆婆昏倒親遞茶水關心,政治,2026/02/18 13:17,屏東天氣太熱，一名領取總統福袋的阿嬤排隊昏倒，總統賴清德前來關切。（記者葉永騫攝）總統賴清德今天到屏東精明寶宮和海豐三山國王廟發福袋，吸引了上千位民眾排隊領取，賴清德表示，發一元福袋是把福氣送給每一位，並說明與美國簽訂自由貿易協定，讓台灣與日本、韓國公平競爭，強調高科技與傳統產業相互幫忙，共同推動台灣經濟，做好長照、老農津貼、國民年金等，並強調國防力量的重要。賴清德今天上午到屏東縣南州鄉精明寶宮、屏東市海豐三山國王廟拜拜及發放福袋給眾，縣長周春米、立委徐富癸、鍾佳濱等人都到場陪同，現場吸引了上千位的民眾排隊領取福袋，由於南部天氣炎熱、加上人潮相當多，一位老阿嬤在精明寶宮排隊時昏倒，賴總統發現後親自走到阿嬤面前關切，讓阿嬤喝杯水，也等到讓阿嬤的意識恢復後，再送往醫院治療。請繼續往下閱讀...賴清德表示，今天到屏東是為了台灣祈福，也向大家拜年，送一元福袋就是把福氣送給每一個人，讓大家在今年都能平平安安、順順利利，與美國簽訂自由貿易協定後，台灣和日本、韓國公平競爭，他相信只要公平，中小企業一定能蓬勃發展，台灣的經濟發展有兩個引擎，科技和傳統產業可以相互幫忙，讓經濟發展更好。賴清德說明，台灣在教育、長照上都相當重視用心，零到六歲國家養、高中職到大學學費政府補助，長照及老農津津貼提升，家庭主婦也有國民年金的保障，除了加強對人民的照顧，國防的力量也一定要強化，賺那麼多錢，如果國防不強，就會被侵略，沒辦法為自己打拼，如同就像我們人一樣，身體不健康，賺再多錢也沒路用。國家也一樣，國家國防要力量、國家要安全，有辦法守護人民生命財產安全，「這樣我們賺的錢才留得住嘛！所以我們一定要強化我們的國防力量」。總統賴清德屏東發福袋給民眾。（記者葉永騫攝）民眾大排長龍領總統福袋。（記者葉永騫攝）賴清德屏東發福袋祈福，與民同慶關懷長者狀況。（記者葉永騫攝）    ,https://news.ltn.com.tw/news/politics/breakingnews/5345594
「高雄是世界的高雄」  賴清德：疼惜陳其邁、栽培賴瑞隆,政治,2026/02/18 13:07,總統賴清德上午到高雄岡山壽天宮參香與分送馬年紅包，除大力讚揚市長陳其邁與團隊帶領高雄轉型，也向鄉親喊話疼惜陳其邁、栽培賴瑞隆。（記者王榮祥攝）總統賴清德今大年初二到高雄分送馬年紅包時，大力讚揚市長陳其邁與市府團隊帶領高雄銳變，形容高雄已不只是台灣的高雄、而是世界的高雄；他向鄉親喊話，進步都市需一棒接一棒，請大家在年底市長選舉中，以疼惜陳其邁的心情、栽培賴瑞隆。賴清德今上午前往高雄岡山壽天宮參香，並分送馬年紅包給鄉親，第一位民眾清晨5點就到現場，總統到場前，壽天宮前早已大排長龍，彎彎曲曲的人潮綿延逾1公里，還有人穿超人力霸王服裝來領紅包，場面極為熱絡。請繼續往下閱讀...任內第二次到壽天宮參拜的賴清德說，他為台灣人民虔誠的向天上聖母媽祖婆祈求，希望媽祖婆大顯神通，保庇台灣國泰民安、風調雨順，高雄市四時無災，所有信男信女大家平安大賺錢。他進一步指出，今天來分送一元福袋，也是代表國家、政府跟大家說謝謝，台灣過去一年雖遭遇很大挑戰，有颱風、地震、地緣政治變化跟威脅、美國關稅壓力，很感謝台灣百工百業、全體人民用心團結打拚，讓困難一一克服；不但經濟方面交出很好成績單，股市也破歷史高點，相信只要大家團結作夥，台灣一定會更好。賴清德特別提及高雄市長陳其邁帶領市府團隊不斷建設高雄，過去高雄印象中只是重工業城市，如今已搖身一變，不只重工業，已到高科技產業、還進階到人工智慧科技城，這對高雄市民不只是好，連隔壁台南也受惠。他強調台灣南北要平衡，南部火車頭就是高雄，並舉台積電最先進製程的五個廠都進駐高雄，未來高雄不只是台灣的高雄、而是世界的高雄，在整個世界繁榮發展上扮演關鍵角色。賴清德說，高雄交給陳其邁市長帶領，才短短五年就有這麼大成就，除市長與團隊打拚，議會大力支持也是原因。站在總統立場看整個台灣，希望每個城市都能進步、不分黨派，而進步的都市需要一棒接一棒要繼續繁榮發展，民進黨已提名立委賴瑞隆成為高雄市長候選人，請大家在市長選舉裡，以疼惜陳其邁的心情、栽培賴瑞隆。有民眾穿著超人力霸王服裝領取總統紅包。（記者王榮祥攝）賴清德分送馬年紅包給高雄岡山鄉親，優先發給行動不便長者。（記者王榮祥攝）    ,https://news.ltn.com.tw/news/politics/breakingnews/5345595
萬丹農民送紅豆餅讚「守住關稅」 賴清德車內開箱：我喜歡吃！,政治,2026/02/18 12:19,總統賴清德、府秘書長潘孟安在車上大啖萬丹農民送的紅豆餅。（圖擷取自總統府提供影片）今天是大年初二，賴清德總統今赴屏東精明寶宮參香祈福，並發送福袋給現場鄉親，萬丹農民為了感謝政府在「台美簽署對等貿易協定」中，成功爭取到紅豆、雞肉等關鍵農產品不降稅，特別準備熱騰騰的紅豆餅致謝，賴總統與府秘書長潘孟安也在趕場途中，直接在車上展開「紅豆餅午餐會」，賴大讚「我非常喜歡吃」，將貿易談判成果轉化為溫暖的在地滋味。賴清德、潘孟安在前往下一個行程的公務車上，立刻品嚐起農民的心意。潘孟安笑說，農民知道總統愛吃紅豆餅，所以特地送來這份禮物，成為他們今天的午餐。他也開玩笑爆料說，在邀總統吃吃看前，他已經忍不住先偷吃了一口，賴嚐了味道後也隨即豎起大拇指大讚：「哇，真讚！」請繼續往下閱讀...賴清德在影片中對國人表示，他到屏東精明寶宮為全國人民祈福，也跟屏東鄉親拜年，很高興屏東許多農民前往參與，表達對政府的肯定，尤其萬丹種紅豆的鄉親送他紅豆餅，他也立刻接受農民的心意，「紅豆餅我也非常喜歡吃，我就不客氣了」！潘孟安也說，台美對等貿易協定剛完成簽訂，農民們無論是種鳳梨、芒果、芋頭、紅豆、蝴蝶蘭等，都帶來非常多農產品，感謝總統守住台灣農業，提升台灣進軍美國農產品市場的競爭力，也開啟了很好的條件，不只是科技、工業、傳統產業，也保住了農業。除此之外，屏東在地農民特別準備以「台美友好，台灣更好」為主題的供品奉祀神明，準備的供品有萬丹紅豆餅，來自高樹的鳳梨國乾、芋頭酥片，來自枋山的芒果乾，以及台美蘭花，一則感謝政府對台灣在地農業的重視，同時表達對台美簽署對等貿易協議新局的展望與期待。    ,https://news.ltn.com.tw/news/politics/breakingnews/5345579
大年初二吃台灣農特產品 蘇巧慧攜3名縣市首長參選女力組「行銷連線」推銷,政治,2026/02/18 12:16,民進黨立委、新北市長參選人蘇巧慧邀請黨籍苗栗縣長參選人陳品安、台中市長參選人何欣純、嘉義市長參選人王美惠組成「女力行銷連線」，挑選台灣在地特色農產開箱。（蘇巧慧辦公室提供）大年初二闔家團圓，正是購買台灣農特產品與家人共享的好時機。民進黨立委、新北市長參選人蘇巧慧邀請黨籍苗栗縣長參選人陳品安、台中市長參選人何欣純、嘉義市長參選人王美惠組成「女力行銷連線」，挑選台灣在地特色農產開箱，更發起現場競標比賽，看誰能組成「最強伴手禮組合」，場面熱鬧；陳品安發揮在國立台灣大學習得的財經專業精準搶標，蘇巧慧直呼對方無愧於所學。競標比賽規定僅能使用3600元籌碼作為有限預算，競標，新北金山甘薯片、深坑豆腐麻糬、淡水魚酥、嘉義沙茶風味魚仔餅、傳統大餅、阿里山烏龍茶方塊酥、苗栗大湖草莓米乖乖、台中豐原椪柑汁、辣椒醬及麻薏口味爆米花等12組農特產品，蘇巧慧笑稱，這是在考驗她們預算執行的能力。請繼續往下閱讀...4名參選人開始競標，第一樣競標物是雲林烤玉米餅乾，由屢次加碼的陳品安以800元籌碼成交，蘇巧慧接著試圖搶標苗栗大湖特產「草莓乖乖」，豈料被陳品安1000元籌碼劫走，何欣純驚呼「哪有人一包乖乖1000塊」！新北農特產品登場時，蘇巧慧主動介紹新北深坑豆腐麻糬，又被陳品安以1800元籌碼搶標成功，率先達成目標；最後一項競標品是台中荔枝、水蜜桃氣泡飲，何欣純介紹家鄉土產特色，也矢言將其拿下，豈料蘇巧慧跟進陳品安狠砸大手筆招式，用1300元籌碼搶標，何欣純忍不住高呼剩餘籌碼不夠，最後協調一人一半共同成交。4名參選人隨後紛紛介紹家鄉產品。蘇巧慧說，新北有山也有海，農特產品多元又好吃，將持續透過「女力行銷連線」共同行銷城市；陳品安推薦全國知名的苗栗大湖草莓，邀請民眾趁春節連假到苗栗走春；何欣純表示，台中大甲芋頭、豐原椪柑、南屯麻薏、東泉辣椒醬都受國人歡迎，邀請國人一起選購「台味伴手禮」；王美惠表示，嘉義業者透過創意，讓在地知名美食有了創新的模樣，展現嶄新創意滋味。    ,https://news.ltn.com.tw/news/politics/breakingnews/5345571
看藍綠白「最強母雞」開春聲量 吳靜怡：黃國昌被「超速仔」框住,政治,2026/02/18 12:06,吳靜怡指出，黃國昌走春多次出現被嗆聲與「超速仔」標籤，新聞呈現也以衝突場景為主。（資料照）新春伊始，各政黨紛紛展開春節行程，政治評論員吳靜怡（Grace Woo）今（18日）發文分析「誰是開春最強母雞」，並指出國民黨主席鄭麗文「抖」出網路討論，總統賴清德勤跑地方，民眾黨主席黃國昌則是被「超速仔」標籤框住。吳靜怡分析，春節走廟看起來像「祈福行程」，本質卻是選戰起跑的第一輪壓力測試，誰先搶到注意力只是起點，真正的母雞必須把注意力導到候選人、導到組織、導到投票理由，藍綠白三黨母雞齊出征，用拜年祈福之名行2026地方選戰佈局之實，母雞初啼聲量如何？她提到，鄭麗文聲量「抖」出冠軍，聲量是賴清德的3倍、黃國昌的20倍。請繼續往下閱讀...吳靜怡提到，鄭麗文法鼓山除夕撞鐘的「紅繩劇烈抖動」影片瞬間爆紅，網友狂搜「法鼓山撞鐘」、「紅繩抖動」、「神明感召」，但這卻是典型的「事件型母雞」，相關搜尋幾乎沒有「行程」、「福袋」、「地方小雞」，這種聲量對國民黨2026的參選人來說，沒有真正「加持」價值，對地方候選人輔選的效益有限，反而變成一場迷因覆蓋了整個團隊缺席的風險。吳靜怡表示，賴清德相較於鄭麗文的「爆點」，走的是比較沒有劇烈起伏，數據顯示賴清德的搜尋熱度擴散至全台30多個行政區，這就是「執政母雞」的底氣，搜賴清德是為了「紅包」、「福袋」、「領紅包」、「行程」，是強烈的「行動導向」熱度，總統光環容易帶動同框政治人物的能見度，轉化成線下人流，如蘇巧慧、童子瑋、陳亭妃都跟著熱起來，春節熱度換成票的轉換率，「目前看他最高」。至於黃國昌，吳靜怡則認為，黃國昌走 春多次出現被嗆聲與「超速仔」標籤，新聞呈現也以衝突場景為主，這種熱度確實能拉高關注，但民眾黨的代價就是消耗其他候選人曝光度，聲量在黃國昌一人身上形成「看熱鬧」而非「願意投」的關係，對白營而言，應盡快把「衝突流量」改寫成「市政能力」與「治理方案」，黃國昌沒有參選到底的決心，才是被不分藍綠嘲笑的根本。吳靜怡強調，聲量不是一切，能把春節熱度換成實質票倉才是王道，鄭麗文靠事件讓母雞抖出討論卻無法帶小雞，賴清德穩穩跑出地方版圖，黃國昌則讓全黨被困在新北爭議。吳靜怡分析，目前三黨攻防最具聚焦效應的戰場是新北市，三黨黨主席都成功成為各黨聲量最高母雞，但政治不是變魔術，神明感召抖不出選票，只有實打實的腳印，才能跑出馬年的大選地圖。鄭麗文在祈福時，手中握著的紅色繩子兩度「抖動」，相關影片掀起網友熱議。（圖擷取自法鼓山YT）吳靜怡表示，春節熱度換成票的轉換率，目前賴清德最高。（記者劉婉君攝）    ,https://news.ltn.com.tw/news/politics/breakingnews/5345544
初二回娘家 朱立倫化身「朱大廚」市場採買親自下廚,政治,2026/02/18 12:00,大年初二，前國民黨主席朱立倫也回到桃園與「二寶爸」桃園市議員凌濤，前往新永和市場、南門市場採買年貨，準備化身「朱大廚」親自下廚。（朱立倫辦公室提供）今天是大年初二，前國民黨主席朱立倫也回到桃園與「二寶爸」桃園市議員凌濤，前往新永和市場、南門市場採買年貨，準備化身「朱大廚」親自下廚，菜單包括寓意年年高升的年糕、富貴圓滿的滷豬腳、百財入庫的白菜滷、福祿壽俱全的炒三鮮、清炒腰子。朱立倫表示，簡單的幾道料理，只要家人團聚就是最有家的溫暖、最有台灣味的好年菜。為了辦一桌有台灣味的家常年菜，朱立倫與凌濤到新永和市場採買了白菜、紅黃椒、透抽、蝦子，也到南門市場採買最新鮮的豬肉腰子、排骨，更到訪在地超過60年的客家粿店裡採買過年應景的紅豆年糕。請繼續往下閱讀...回到桃園南門市場的朱立倫，不斷有店家熱情地向他打招呼「我們老縣長回來了」，還有老闆娘看到驚呼「20年了，你都沒有變」；朱立倫則感性說道，「其實真正沒有變的，是南門市場的人情味。」採買完年貨，朱立倫則回到同德國小社區，在凌濤家中張貼春聯「馬上幸福」，他親自提筆寫下意涵凌濤二寶名字的斗方張貼在小朋友的房門口，希望小朋友們平安、快樂地長大。    ,https://news.ltn.com.tw/news/politics/breakingnews/5344528
陳光復摔倒昏迷 柯文哲：看到澎湖醫療問題,政治,2026/02/18 11:35,澎湖縣長陳光復昨（17）日參加活動時，不慎從樓梯摔落，昏迷送醫。台灣民眾黨創黨主席柯文哲表示，他沒看過陳的病例，也不能講什麼，但從這事件，他則看到澎湖醫療資源缺乏的問題。（記者彭健禮攝）澎湖縣長陳光復昨（17）日參加活動時，不慎從樓梯摔落，昏迷送醫。台灣民眾黨創黨主席柯文哲表示，他沒看過陳的病例，也不能講什麼，但從這事件，他則看到澎湖醫療資源缺乏的問題。柯文哲今到苗栗縣竹南、頭份地區拜廟，於頭份義民廟受訪，被問及陳光復跌倒重摔昏迷一事。他說，有可能因跌倒致腦出血，也有可能因腦出血而跌倒，是醫師診斷上需要釐清的問題。他沒看過陳的病例，也不能講什麼。請繼續往下閱讀...此外，柯文哲表示，從此事件，他也看到一個問題，澎湖遇上開腦手術需要送高雄，也凸顯澎湖醫療資源的缺乏，這點也是他關心之處。    ,https://news.ltn.com.tw/news/politics/breakingnews/5345548
連3年豐原拜年力挺江啟臣意味濃 韓國瑜：不必政治聯想,政治,2026/02/18 11:25,立法院院長韓國瑜（左2）至豐原慈濟宮陪同副手立法院副院長江啟臣（左1）發送新春福袋。（記者張軒哲攝）今日大年初二（18日）立法院院長韓國瑜專程至台中豐原慈濟宮，陪同副手、立法院副院長江啟臣由向民眾拜年，韓國瑜說，連續第三年到豐原陪同江啟臣拜年，不用做其他政治聯想。媒體詢問，韓國瑜今日到豐原拜年，是否幫江啟臣拉抬聲勢，順利獲得藍營台中市長提名？韓國瑜表示，江啟臣數十年在地方打拚，在立法院表現、在國際領域宣傳台灣民主，是大家有目共睹，是非常棒的人才，也是大台中最棒的民意代表，很有榮幸跟他在立院一起打拚，希望新的一年台灣國會越來越和諧，台灣人民福氣安康。請繼續往下閱讀...江啟臣致詞指出，過年期間大家都穿新衣，每個人都漂亮帥氣，因為韓國瑜院長在國會鼓勵大家在議事場穿正裝，自己也穿搭時尚西裝。立法院院長韓國瑜（左6）至豐原慈濟宮陪同副手立法院副院長江啟臣（左5）由向民眾拜年。（記者張軒哲攝）    ,https://news.ltn.com.tw/news/politics/breakingnews/5345541
鄭麗文撞鐘紅繩狂抖 柯文哲：無法診斷,政治,2026/02/18 11:21,國民黨主席鄭麗文於除夕（16日）出席法鼓山撞鐘活動祈福儀式，儀式過程中手中紅繩兩度劇烈抖動，掀起熱議。對此，台灣民眾黨創黨主席柯文哲說，資訊不夠，沒辦法做出診斷。（記者彭健禮攝）國民黨主席鄭麗文於除夕（16日）出席法鼓山撞鐘活動祈福儀式，過程中手中紅繩兩度劇烈抖動，掀起熱議，也各有好壞解讀，鄭自身則說是神明感召。對此，台灣民眾黨創黨主席柯文哲今天說，資訊不夠，沒辦法做出診斷。柯文哲今（18日）到苗栗縣頭份、竹南地區拜廟，於頭份義民廟受訪，被問及鄭麗文法鼓山握紅線震動一事。他說，以前他在台大當老師時，跟學生說「如果你的診斷不確定，通常是資訊不夠」。鄭麗文此事，因為他沒有在現場，所以無法知道當事人的症狀、感覺及環境等所需條件來做出診斷，所以「我也資訊不夠，沒辦法多講什麼」！    ,https://news.ltn.com.tw/news/politics/breakingnews/5345537
鄭麗文手中紅繩「超自然抖動」 許美華：今年「果報年」值得期待,政治,2026/02/18 11:19,鄭麗文在祈福時，手中握著的紅色繩子兩度「抖動」，相關影片掀起網友熱議。（圖擷取自法鼓山YT）法鼓山16日晚間舉行撞鐘祈福儀式，國民黨主席鄭麗文也出席儀式，敲擊最後3響，不過鄭麗文在祈福時，手中握著的紅色繩子兩度「劇烈抖動」，相關影片掀起網友熱議。反紫光奇遊團成員許美華昨（17日）在臉書發文提到，一早起來就看到滿滿的鄭麗文被紅繩抖動驚嚇的畫面，「看來今年會是個值得期待的果報年」。許美華認為，2026年的農曆新年真的是太好看，先是除夕當天立法院正副院長韓國瑜、江啟臣，聯名發聲明回應美國37位參眾議員，承諾新會期國防特別預算將列為最優先議案，接著是鄭麗文在法鼓山撞鐘時因為手中的紅繩兩度抖動的驚嚇畫面，看過的人都覺得很玄。請繼續往下閱讀...許美華提到，對於這個「超自然現象」，鄭麗文自己的解釋是「強烈感受到神明的感召」，但這件事最重要的意義是一般台灣人怎麼看待、解讀、理解這件事。許認為，大部分擁有民間信仰的台灣人，看到的感覺多半都是類似「通靈少女」劉柏君所說的「拍咪啊」，神靈菩薩感受到有壞東西混進來了。至於為什麼會這樣？許美華強調，從科學角度深究下去一定有可以解釋的物理原因，但基於宗教或迷信的理由，人們選擇相信什麼，才是更重要的訊息。許美華舉例，假如昨天站在那裏的人是林義雄，他手握的紅繩抖動，大部分台灣人一定會覺得那是神明在保祐他，是一種讓人感到療癒、感覺，但台灣人為何看到鄭麗文被嚇到的畫面，會有一種「人在做天在看」的感受？許美華解釋，鄭麗文為了自身政治舞台，站在台灣人的對立面，要把自由台灣推向極權中國，要讓台灣人做中國人，這是在背叛、傷害所有想要繼續自由的台灣人，是在出賣台灣。許美華指出，鄭麗文說她在法鼓山「受到強烈感召」，更強烈的感召，應該是來自大多數笑她、罵她活該被神明警告的台灣人，法鼓山那108響的紅繩抖動，引發的社會熱議，還有對鄭麗文的無數嘲諷，都是在告訴鄭麗文與國民黨：「我們真的受夠了，希望神明懲罰你們。」最後許美華也直言：「希望鄭麗文在未來的赴中舔共路上，都能想起她在法鼓山所收到的感召，不時想起台灣，還有台灣人為什麼這麼討厭你！」    ,https://news.ltn.com.tw/news/politics/breakingnews/5345453
澎湖縣長陳光復摔倒重傷送醫 澎湖各界不分黨派集氣,政治,2026/02/18 11:09,陳光復大年初一馬不停蹄分送福袋摔倒重傷，澎湖各界不分黨派集氣。（澎湖縣政府提供）澎湖縣大家長陳光復昨（17）日，在文化局演藝廳下樓摔倒重傷昏迷，緊急後送高雄榮總。總統賴清德表示，陳光復已完成減壓手術，拿下部分頭骨，但仍危險昏迷。澎湖縣政府及國民黨澎湖縣黨部、無黨籍縣長參選人葉竹林等，也紛紛上網呼籲民眾集氣，希望陳光復盡速恢復健康。醫師出身的總統賴清德表示，陳光復後腦撞擊造成蜘蛛網膜下出血，人失去意識，情況比較緊急，在澎湖的三總醫院做好基本的處理後，送到高雄榮總，雖然進行緊急開刀減壓手術，術後情況是比在澎湖的時候要來得好、進步一些，但人還是陷於危險當中。請繼續往下閱讀...澎湖縣政府臉書官方粉絲團，也向外界報告，陳光復縣長目前情況穩定，持續接受醫療團隊觀察與治療中。感謝醫療團隊的專業照護，也感謝各界滿滿的關心與祝福。縣長與家屬都深深感受到這份溫暖與支持。也懇請大家持續為縣長集氣、祈福，讓我們熟悉的那份溫暖與力量，再次回到我們身邊，回到他熱愛的崗位，繼續為澎湖打拚。面對陳光復突如其來意外，國民黨澎湖縣黨部、無黨澎湖縣長參選人葉竹林，也紛紛上網為陳光復祈福，大家不分黨派，盼望醫療團隊全力照護下，早日恢復健康、平安康復。也向第一時間投入搶救的醫護與相關人員致上敬意。澎湖縣長陳光復大年初一，因下樓摔倒重摔昏迷緊急後送。（民眾提供）    ,https://news.ltn.com.tw/news/politics/breakingnews/5345528
江啟臣拚台中市長提名 藍營這位大老振臂高喊「唯一支持」,政治,2026/02/18 11:00,前內政部長廖了以（右二）喊話支持江啟臣（左三）。（記者張軒哲攝）今日大年初二（18日）立法院副院長江啟臣由立法院院長韓國瑜陪同於豐原慈濟宮向民眾拜年，由於江啟臣與立委楊瓊瓔爭取國民黨台中市長提名進入白熱化，藍營台中縣大老、前內政部廖了以喊話力挺江啟臣。大年初二，立法院副院長江啟臣持續展開新年走春行程，他今日於豐原大本營，向鄉親拜年，有民眾高喊市長好，出身豐原的廖了以也到場力挺，曾擔任兩屆台中縣長的廖了以，先向豐原鄉親拜年。請繼續往下閱讀...廖了以致詞尾端話鋒一轉，他振臂高喊，年底市長選舉，唯一支持江啟臣，現場響起一片掌聲。    ,https://news.ltn.com.tw/news/politics/breakingnews/5345521
跟李四川合唱學「連杯酒」 蔣萬安走春高歌「祝福伊」,政治,2026/02/18 10:43,台北市長蔣萬安。（記者董冠怡攝）台北市長蔣萬安今天計畫前往9間宮廟走春，首站由士林區慈諴宮打頭陣，蔣受訪被問到，昨天上傳與副市長李四川KTV開唱影片獲得正面迴響，給彼此打幾分？過年期間有無再練？蔣萬安稱讚「川伯」歌聲很好，還跟他學了拿手曲「連杯酒」，還當場高歌，現場氣氛歡樂。蔣萬安表示，「川伯歌聲非常好，你們沒有看到影片嗎」？稱讚李四川唱得很好，也跟他學了一首他的拿手歌「連杯酒」，並在慈諴宮前廣場，即興演唱「伊嗎福氣喲、伊嗎福氣喲、伊嗎福氣喲、伊嗎福氣喲、祝福你、祝福伊，咱逗陣就是福氣喲」。請繼續往下閱讀...蔣從大年初一開始展開宮廟走春行程，今天是第二天，從早上8點半到下午3點20分，共計將走訪9間，包括士林慈諴宮、士林神農宮、芝山巖惠濟宮、石牌福星宮、北投慈生宮、北投慈后宮、台北市關渡宮、關渡玉女宮、台北葫蘆寺。    ,https://news.ltn.com.tw/news/politics/breakingnews/5345497
已跟陳光復家屬聯繫   陳其邁:一同為陳縣長集氣,政治,2026/02/18 10:35,高雄市長陳其邁今上午前往彌陀鄉彌壽宮參香，提及澎湖縣長陳光復受傷住院，盼大家一同為陳縣長集氣。（記者王榮祥攝）澎湖縣長陳光復不慎失足受傷、被送往高雄榮總救治。高雄市長陳其邁今表示，上午向院方了解，已為陳縣長做了顱內減壓手術，他也跟家屬聯繫上，未來一週是恢復關鍵期，盼大家一同為陳縣長集氣，希望他早日康復。澎湖縣長陳光復大年初一在文化局發放春節福袋時，不慎在階梯處失足摔落，造成頭部重創與顱內出血；先被送往三總澎湖分院搶救恢復心跳，隨後由直升機緊急後送高雄榮民總醫院，高榮則於17日晚進行腦壓減壓手術，手術過程順利。請繼續往下閱讀...陳其邁上午表示，他上午曾向醫院了解，確認陳縣長已完成顱內減壓手術，未來一個禮拜左右是恢復關鍵期，他也跟家屬聯繫上並表達關切，也希望大家一起為陳光復縣長集氣，早日恢復健康。立委賴瑞隆昨第一時間也主動關切陳光復傷勢，除留言慰問、也誠摯祝福陳縣長早日康復。    ,https://news.ltn.com.tw/news/politics/breakingnews/5345494
談鄭麗文法鼓山紅繩抖動 侯友宜：抖動就是好運綿綿不斷,政治,2026/02/18 10:34,新北市長侯友宜今天被問及國民黨主席鄭麗文除夕夜前往法鼓山撞鐘，出現紅繩抖動狀況時說，大家過年來拜廟都有所祈求，相信神佛庇佑大家平安健康，「尤其抖動就是好運綿綿不斷」。（資料照，記者黃子暘攝）適逢大年初二，新北市長侯友宜今（18）日到蘆洲湧蓮寺參拜，席間受訪。被問及國民黨主席鄭麗文除夕夜前往法鼓山撞鐘，出現紅繩抖動狀況，侯友宜說，大家過年來拜廟都有所祈求，相信神佛庇佑大家平安健康，「尤其抖動就是好運綿綿不斷」，讓大家好運一直來。另外，湧蓮寺國運籤士、農、工、商部分，分別抽到「下下」、「大吉」、「上上」、「下下」籤。侯友宜對此表示，湧蓮寺抽出的籤讓他非常有感觸，「家和萬事興」，所以家庭就要和，國家也是一樣，大家面對所有外面的挑戰，最重要是要團結和諧，一起往前走。請繼續往下閱讀...侯友宜也說，湧蓮寺侍奉觀世音菩薩，他每年都會來參拜，感謝湧蓮寺長期熱心公益，在主委陳宏昌帶領下，捐助6.6億元新建公益慈善大樓，有音樂廳，也讓蘆洲第二國民運動中心落腳，滿足在地民眾遊憩需求，盼今年順利完工。    ,https://news.ltn.com.tw/news/politics/breakingnews/5345496
初二新北新店太平宮參拜發福袋 蕭美琴推薦蘇巧慧：會做事、有魄力、溫暖,政治,2026/02/18 10:19,副總統蕭美琴擇定今（18）日大年初二，與民進黨立委、新北市長參選人蘇巧慧前往新店區太平宮參拜發福袋。（記者黃子暘攝）副總統蕭美琴擇定今（18）日大年初二，與民進黨立委、新北市長參選人蘇巧慧前往新店區太平宮參拜發福袋。蕭美琴向大眾拜年表示，很高興初二可拜訪新店鄉親、與大家一起互相加油，相信大家的共同願望與目標就是國家太平興盛、國家安居樂業。話鋒一轉，蕭美琴也推薦蘇巧慧，她說，新北最會做事又有魄力、有溫暖的蘇巧慧將持續與大家同在，盼會做事的人能一起共創好更美的台灣。蕭美琴隨後攜蘇巧慧趕往永和保福宮參拜。蕭美琴指出，保福宮就是她的鄰居，很高興初二回娘家跟大家見面；過去這一年，雖然世界動盪，台灣在出口、股市、各產業於世界關鍵地位上都展現亮眼成績，盼接下來這一年這樣的福氣可以繼續，就像保福宮一樣，保住台灣福氣，讓國家興盛、百姓安居樂業。請繼續往下閱讀...此外，蕭美琴隨扈的淺棕色「Team Taiwan」戰貓帽T設計受到不少民眾青睞，蕭美琴指出，此款服飾設計有許多巧思，盼藉此讓大家在過年期間感受到警衛室的團隊感、儀式感，也已經送一件給很喜歡這款服飾的前總統蔡英文了，同時很感謝小英總統（蔡英文）連續多年邀請她到家裡吃年夜飯，感覺很溫暖；被問及是否擔憂識別率過高的問題，蕭美琴說，平常所有安全人員均按照專業執行安全維護作業。澎湖縣長陳光復在行程中不慎摔傷，後送高雄榮總治療，蕭美琴表示，非常遺憾發生如此意外，祈願陳光復早日康復。蘇巧慧率爭取連任的黨籍市議員陳乃瑜、交棒兒子陳韋任參選的市議員陳永福、市議員參選人陳欣岱、李昆穎出席活動。蘇巧慧表示，許多鄉親早上7點就來排隊等福袋，很高興蕭美琴回到她很熟悉的新北，也盼選民多多給予爭取連任、爭取勝選的黨籍市議員參選人支持，也盼新店未來成為新北發展最大的城市，成為人文、科技並重的城市，一起為新店、新北努力。副總統蕭美琴擇定今（18）日大年初二，與民進黨立委、新北市長參選人蘇巧慧前往新店區太平宮參拜發福袋。（記者黃子暘攝）    ,https://news.ltn.com.tw/news/politics/breakingnews/5345489
加大空陸戰宣傳力道 蘇巧慧：陸續公布短片說明建設成績,政治,2026/02/18 10:05,適逢大年初二，民進黨立委、新北市長參選人蘇巧慧今（18）日前往新店區太平宮與副總統蕭美琴一起參拜發福袋。（記者黃子暘攝）適逢大年初二，民進黨立委、新北市長參選人蘇巧慧今（18）日前往新店區太平宮與副總統蕭美琴一起參拜發福袋。蘇巧慧指出，陸續來新北參拜、拜年的總統賴清德、前總統蔡英文人氣都很旺，蕭美琴的戶籍更是在新北，與行政院長卓榮泰一樣非常關心新北建設發展，很高興他們來新北與大家一起加油。此外，蘇巧慧加強空戰宣傳力道，從初一起將陸續公布8支短片，說明她的10年立委任內成績。蘇巧慧說，這第一支影片就是已經說了5年、300集故事的水獺媽媽，展現她陪伴親子的態度，這也代表她會持續、堅韌地做對的事情，未來還有關於如何解決自來水用水、交通問題、爭取大建設的影片，盼大眾一起來收看，了解她這10年與新北一起努力的成績。請繼續往下閱讀...而澎湖縣長陳光復在行程中不慎摔傷，後送高雄榮總醫治，蘇巧慧對此心疼表示，事發當日聽到消息感到非常震驚，陳光復不僅是認真縣政的縣長，還幫助許多弱勢孩童，盼陳光復早日康復，會為他祈福。    ,https://news.ltn.com.tw/news/politics/breakingnews/5345478
陳光復摔倒送醫救治 蔣萬安盼齊集氣：早日康復,政治,2026/02/18 09:58,台北市長蔣萬安。（記者董冠怡攝）澎湖縣長陳光復昨天參加活動踩空摔倒，後送高雄榮總救治，對此，台北市長蔣萬安今天參拜士林區慈諴宮前受訪說，希望他早日康復，喊話大家一起為他集氣。蔣萬安表示，希望陳光復縣長早日康復，大家一起為他集氣，同時提醒民眾，過年期間外出走春，尤其是人潮眾多的景點，務必注意自身安全，開心出門、平安回家。    ,https://news.ltn.com.tw/news/politics/breakingnews/5345474
國防特別預算一拖再拖！矢板明夫曝藍白盤算「代價讓立場鬆動」,政治,2026/02/18 09:54,美國34名跨黨派議員12日致函立法院長韓國瑜（見圖）等人，關切立法院可能只批准部分強化台灣國防的預算。（資料照）本月12日，美國34名跨黨派議員致函立法院長韓國瑜等人，關切立法院可能只批准部分強化台灣國防的預算。日本資深媒體人矢板明夫指出，台灣國防特別預算1.25兆元遲遲未在立法院獲審查通過，在野黨說要嚴審、要把關、要程序正義，「場面話講得很好聽，但結果就是『拖』。」綜合媒體報導，美國34名跨黨派的聯邦參、眾議員12日致函韓國瑜等人，關切立法院可能只批准部分強化台灣國防的預算，盼支持足以應對當前形勢並清晰展現台灣自衛意志的經費；議員們也承諾，將解決軍售交付延宕的情形。請繼續往下閱讀...矢板明夫17日在臉書粉專「矢板明夫俱樂部」發布貼文稱，在野黨拖到美國出聲，30多位美國跨黨派國會議員公開寫信給韓國瑜，直接點名關切，意思很清楚，「中國軍事壓力在升高，台灣卻在內耗，這說不過去。」矢板明夫說，美國智庫更公開放話，如果有人刻意阻擋強化台灣防衛能力的預算，可以考慮取消相關政治人物與家人的簽證、綠卡。此話一出，風向立刻變了，原本卡關的國防預算，韓國瑜很快發表中英文聲明，說會列為「最優先審議」議案。矢板明夫直言，這絕非巧合，政治從來不靠巧合，在野黨嘴上講程序，心裡其實在算「代價」。當代價只是被罵幾句，當然還可以硬撐；可是當代價可能影響簽證、家人、未來出入美國的自由，立場就會鬆動，「這就叫現實。」矢板明夫表示，很多人喜歡說民主國家要溫良恭儉讓，問題是「對手不是君子」，中國動不動就拿貿易當武器。鳳梨不准進口、石斑魚被卡關，理由永遠很「技術」，其實就是政治施壓，「你講規則，他講拳頭。」矢板明夫強調，如果民主陣營永遠只會講道理，卻不敢讓對方付出代價，最後輸的只會是自己，「壞人不怕好人，壞人只怕更狠的人。」國防預算不是一般法案，而是攸關國家安全，美國這次釋放的訊號其實很直白，「你要安全保障，就要拿出態度。如果自己都不重視國防，別人憑什麼替你撐腰？」矢板明夫說，民主制度當然重要，但民主不是拖延的藉口，更不是應對外部威脅的防護罩，世界已經進入硬碰硬的時代，講道理有用，但講後果更有用，「希望國民黨這次講的是真的，國防預算真的能夠在國會通過。不僅僅是美國、日本菲律賓等周圍國家也都非常關心這件事。」    ,https://news.ltn.com.tw/news/politics/breakingnews/5345400
鄭麗文紅繩抖動「神明感召」 蔣萬安尬笑：呃…,政治,2026/02/18 09:27,台北市長蔣萬安。（記者董冠怡攝）國民黨主席鄭麗文除夕出席法鼓山撞鐘儀式時，手持紅繩兩度抖動，引發外界遐想、各自解讀，有的說是拍咪啊，鄭則說是神明感召；對此，台北市長蔣萬安今天受訪一度語塞「呃」，隨即轉移話題，祝福民眾新年快樂。蔣萬安上午前往士林區慈諴宮參香祈福，活動前受訪被問到，鄭麗文受到神明感召，蔣走春時，有無感受到神明正能量的感召？請繼續往下閱讀...蔣聽聞一臉尷尬笑回「呃，過年期間新年快樂，呃，金馬熊讚，呵呵呵呵，謝謝」，接著雙手合十移動腳步，準備進入宮裡參拜。    ,https://news.ltn.com.tw/news/politics/breakingnews/5345452
賴清德台南武廟發紅包  民眾大排長龍、頭香昨晚就來排隊,政治,2026/02/18 08:52,總統賴清德大年初二到台灣祀典武廟發紅包。（記者劉婉君攝）今（18）日是大年初二「回娘家」，總統賴清德回到台南，一早於國定古蹟台灣祀典武廟發紅包，民眾大排長龍等候，人龍從武廟前繞到民權路一路排到西門圓環，第1組夫妻昨晚10時55分就到現場守候，穿著「Team Taiwan」帽T徹夜守候。賴清德今天早上7時到祀典武廟發紅包，排在第1位、第2位的蔡先生伉儷為在地人，2人分別穿著總統府版紅色及黑色的「Team Taiwan」帽T前往排隊，邊聊天邊等候，2人已連續多年領總統紅包，這已是第2次搶頭香，回家後準備放在財位，祈求一切順利。請繼續往下閱讀...第3位王先生則是從安南區前往，約昨晚接近12時抵達排隊。賴清德致詞時表示，大年初二他回娘家，他在成大擔任醫師時，就常到祀典武廟參拜，今來為台南祈福，也祈求台灣國泰民安。他感謝台灣百工百業、所有人民團結合作，台南地震、花蓮堰塞湖救災、美國對等關稅完成談判等，種種難關都已克服，現在對台灣是很好的時機，過去1年經濟成長率或股市表現都很好，如果團結繼續打拚下去，未來會更好，大家要有信心，身為總統，希望國家總預算可以趕快通過，讓經濟可以更好、照顧人民更多，面對中國威脅，國防一定要提升，國防預算也一定要通過。賴清德說，他未來會加強對人民的照顧，經濟發展的價值，如果是老闆放在口袋就沒意思了，要向有錢人課較多的稅金，政府拿來照顧民眾，是執政的價值，也是政府存在的目的。台南在地的蔡先生伉儷穿著「Team Taiwan」帽T排隊等候領取總統紅包。（記者劉婉君攝）天未亮，等候領取總統紅包的民眾就已大排長龍。（記者劉婉君攝）    ,https://news.ltn.com.tw/news/politics/breakingnews/5345424
陳光復摔倒昏迷  賴清德：情況有進步但還是危險中,政治,2026/02/18 08:28,總統賴清德表示，澎湖縣長陳光復目前狀況比在澎湖時好，但仍在危險中。（記者劉婉君攝）澎湖縣長陳光復昨（17）日參加活動時，不慎從樓梯摔落，昏迷送醫。總統賴清德今天早上到台灣祀典武廟發紅包時表示，陳光復昨晚經高雄榮民總醫院緊急開刀，進行腦壓減壓手術後，目前狀況比在澎湖進步一些，但還是處於危險中。賴清德今天上午到祀典武廟發紅包前，先在祀典武廟主委林培火、立委陳亭妃、郭國文等人的陪同下，入廟參拜，現場大批民眾排隊等候領取紅包。請繼續往下閱讀...針對媒體詢問陳光復的現況，賴清德表示，陳光復昨天參加活動時，因心臟心律不整或視力不好踩空摔倒，導致後腦勺著地，受到撞擊，造成蜘蛛網膜下出血，人失去意識，由於情形緊急，在澎湖的醫院做好基本處理後，後送到高雄榮總，昨晚緊急開刀進行腦壓減壓手術後，情況比在澎湖時進步，但人還是陷於危險中，所以他在拜拜時，也有為陳光復祈福，大家也為陳光復加油打氣，希望陳光復早日康復，總統賴清德大年初二到台灣祀典武廟發紅包。（記者劉婉君攝）    ,https://news.ltn.com.tw/news/politics/breakingnews/5345407
賴清德「回娘家」祀典武廟發紅包  主委突不適、醫師當場關心,政治,2026/02/18 08:26,站在總統賴清德（左2）身邊的祀典武廟主委林培火（左3）突然身體不適，雖然以手摀住嘴巴，仍忍不住噴濺。（記者劉婉君攝）大年初二，總統賴清德今（18）日「回娘家」，到台灣祀典武廟發紅包，立委陳亭妃致詞時，祀典武廟主委林培火突然身體不適嘔吐，雖然以手摀住嘴巴，仍忍不住噴濺出來，站在旁邊的賴清德左側肩膀和手也被波及，他和安南醫院院長林聖哲立即關心，致詞也一度中斷。站在林培火右邊的賴清德，在第一時間即與林聖哲上前詢問林培火的身體狀況，有人趕緊拿椅子給林培火坐下休息，現場剛好有待命的救護車人員也立即上前協助，待狀況穩定後，致詞才繼續進行 。請繼續往下閱讀...賴清德表示，林培火提到家裡近日有人感染諾羅病毒，有可能因此受到影響，經林聖哲簡單處理，情形穩定，血糖正常，雖然血壓偏高，但應該是因為緊張。稍後賴清德發放紅包給民眾時，狀況較穩定的林培火也一度回到賴清德身旁陪同，經旁人勸說才離開休息。總統賴清德（中）致詞時，左肩衣服上可看到因祀典武廟主委林培火身體不適而被噴濺到的痕跡。（記者劉婉君攝）    ,https://news.ltn.com.tw/news/politics/breakingnews/5345402
基層憂助理費修法影響薪資結構 牛辦幕僚還原加給設計始末,政治,2026/02/18 08:25,立法院上月底三讀通過國民黨立委牛煦庭提出的「立法院組織法修正案」，明定公費助理設置專業與資深加給。（資料照）立法院上月底三讀通過國民黨立委牛煦庭提出的「立法院組織法修正案」，明定公費助理設置專業與資深加給，但引發基層助理質疑薪資結構恐被重整、權益未必提升。對此，牛煦庭辦公室幕僚還原立法歷程，強調加給均為「額外編列」，未動用原有助理費總額；團隊也曾評估現行制度與專法雙軌等方案，而最終版本是在可行範圍內整合的最大共識。國民黨立委陳玉珍去年提案修法，因涉及助理費貪污案除罪化爭議，引爆助理圈輿論風波。立法院會上月底挑燈夜戰，在藍白立委聯手下，最終表決通過牛版修正案，明定立法院應每年以公務預算編列立法委員補助費用，項目包括立委辦公事務費用、公費助理工資等，並增列公費助理的專業、資深加給及進修等補助規範，新制將自第12屆立委就職日起施行。請繼續往下閱讀...律師出身的牛煦庭辦公室法案主任黃牧毅表示，最初草案其實早在2024年就開始醞釀，他們核心鎖定「專業加給」與「資深加給」兩項，只是在等待適當時機提出，「如果時機不對，容易淪為政治口水，反而讓原本想解決的問題被扭曲」，因此直到陳玉珍法案版本開始被各界討論後，團隊加緊細修並整合各方意見。針對基層助理憂心加給仍在既有補助總額「大水庫」內流用，恐導致底薪被壓縮，黃牧毅解釋，「這是誤解」，專業加給與資深加給是「額外編列」，並未動用原有助理費名額與總額，「加給不是從原本薪資裡切出來，而是額外增加」，立法院人事處評估此次修法將新增約2.3億元預算，並非零和分配。至於為何未設計底薪或固定薪點制度？牛煦庭辦公室主任曾一誠坦言，草案初期曾構想規範領取加給者本薪不得低於辦公室平均，但推演後發現，恐導致所有助理薪資趨於單一化，「為避免觸法，辦公室乾脆全部給同一個數字，反而破壞薪資彈性。」他認為，薪資仍屬勞資雙方協商範疇，法律難以過度介入，「若委員刻意壓低薪資，那是個別辦公室文化問題，制度無法完全杜絕。」曾一誠說，「制度一改，一定有人得利、有人受害，我們必須在可行範圍內整合最大共識」，團隊也曾評估約聘僱薪點制，甚至研擬專法版本與現行制度「雙軌制」，讓具特定資格者適用固定薪點保障，但因共識不足，且牽動既有制度與人事實務，最終選擇先以組織法修正「小步前進」。黃牧毅也提到，資深加給明定可併計立法院服務年資，不因轉換辦公室而歸零，但實務上仍須由委員同意提報，這是延續既有制度設計。「立法院助理的勞動關係是與委員綁定，所有補助申請原本就需委員同意，這次並未改變結構。」他強調，法律已給予「可以併計」的明確依據，避免過往全憑個別辦公室裁量。對於專業加給僅限律師、會計師等資格，引發其他證照持有者質疑，曾一誠坦言，草案曾納入所有國考證照，甚至整理完整清冊，但在審議過程中出現大量爭論，「為什麼導遊可以？為什麼護理師不行？金融證照算不算？」為避免無限擴張與標準失焦，最終收斂為與立法監督高度相關的法律與會計專業。「這不是終點，而是起點。」曾一誠表示，制度建立後仍可逐步修正，但若連第一步都不跨出，助理權益永遠停留在協商層次。他也提到，立法過程中已廣泛諮詢各辦公室與助理團體，「寫法律最難的是讓多數人都能接受，而不是寫出最理想版本。」    ,https://news.ltn.com.tw/news/politics/breakingnews/5343502
助理費修法後的勞動焦慮 基層助理憂底薪遭重組稀釋,政治,2026/02/18 08:20,國民黨立委上會期推動「助理費除罪化」修法，一度引發國會助理反彈，多位跨黨派助理曾在立院大門集結抗議。（資料照）立法院上會期通過了國民黨立委牛煦庭提出的「立法院組織法修正案」，明定以公務預算編列立委補助費，並增設公費助理專業與資深加給。本報訪談朝野辦公室與國會助理工會，揭開條文背後的勞動焦慮。數名跨黨派助理憂心，新制可能導致底薪被「重組稀釋」、年資無法跨辦公室累計，以及專業加給的認定標準過度侷限，恐讓制度看似前進，但保障未必落地。國民黨立委陳玉珍去年提案修法，因涉及助理費貪污案除罪化爭議，引爆助理圈輿論風波。立法院會上月底挑燈夜戰，在藍白立委聯手下，最終表決通過牛版修正案，明定立法院應每年以公務預算編列立法委員補助費用，項目包括立委辦公事務費用、公費助理工資等，並增列公費助理的專業、資深加給及進修等補助規範，新制將自第12屆立委就職日起施行。請繼續往下閱讀...然而，條文通過後，國會第一線助理之間卻瀰漫著一種遲疑情緒。多名跨黨派助理認為，修法雖然「看起來進步」，但真正攸關勞動保障的底薪、年資與薪資結構問題，可能仍舊沒有被解決，甚至可能在實務操作中，被進一步稀釋。此次修法攸關助理自身權益的焦點之一，是設計了「專業加給」與「資深加給」。「如果專業、資深加給仍在原本給委員運用的『大水庫』裡，那其實沒有差別。」一名在立法院逾十年的國民黨立委助理小方（化名）受訪說，他最大疑問在於專業、資深加給的財源來源，若助理原本月薪4萬元，即使法條規定可加1萬元專業加給，委員可能改以3萬元底薪加1萬元加給計算，整體薪資並無調整，反而影響健保投保薪資、年終與退休保障。國會助理工會副理事長田飛生直言，修法看似「寫很多、加很多」，但關鍵問題在於沒有建立明確如約聘僱的底薪制度，「沒有底薪，其它加給都可能只是數字遊戲，對助理保障意義有限。」對於條文規定加給由立委認定後提報立法院，他也質疑，助理常隨立委任期更替而更換服務對象，若資歷認定與薪資調整高度仰賴個別立委裁量，難以形成制度性保障。除了薪資以外，另一讓助理心寒的就是年資制度。小方說，「我們就像在玩超級瑪利歐，死掉就回到第一關」，只要立委落選，他們必須轉任其它辦公室，過往累積的年資幾乎立刻歸零；在實務運作上，多數立委並不承認助理在其它辦公室的服務年資，因此資深加給的條文是否能夠落實，他會打上一個大大的問號。專業加給如何界定「專業」，也成為助理圈另一爭論焦點。依三讀通過條文，領有司法官考試及格證書者，每月可領取2萬元專業加給；領有律師或會計師證書、律師考試、會計師考試或公務人員高等考試三級或特種考試三等法制、會計或關稅會計類科考試及格證書者，每月可領取1萬5千元專業加給。另一名立委助理提到，國會助理的實際工作內容，遠不止於撰寫法條文字，更涵蓋政策研析、選民服務、地方會勘、行政協調等多重角色。「社會安全網破成這樣，你沒有社工、護理背景的人，政策怎麼寫？」他認為，現行設計偏重法律、會計資格，卻未充分反映第一線政策實務經驗與跨領域能力。此次修法已三讀通過，專業與資深加給預計於2028年、在下屆新立委就職後施行，制度究竟能否改善國會助理勞動條件、吸引多元專業人才進入國會，仍待未來新一屆國會的實務運作給出答案。國民黨立委上會期推動「助理費除罪化」修法，曾引發公督盟等民團至立院外抗議。（資料照）    ,https://news.ltn.com.tw/news/politics/breakingnews/5343500
國民黨要再修黨產條例討回50億  民眾黨團：不會支持,政治,2026/02/18 08:15,國民黨主席鄭麗文表態要進行「黨產條例」修法，並再重新與民眾黨立委溝通。民眾黨團總召陳清龍受訪表示，未見具體草案內容無法多作評論，目前並不會支持。（資料照）國民黨主席鄭麗文表態要針對「黨產條例」進行修法，並再重新與民眾黨立委溝通。民眾黨團總召陳清龍表示，未見具體草案內容無法多作評論，但與民眾黨主席黃國昌日前表達不會答應再修黨產條例追回50億元的立場一致，並不會支持；但據了解，中投董事長陳樹近日有拜會前民眾黨主席柯文哲與現任主席黃國昌，是否放行黨產條例仍待觀察。立法院上會期三讀通過「政黨及其附隨組織不當取得財產處理條例修正案」，替被黨產會認定的國民黨附隨組織救國團解套。原本國民黨立委游顥提案版本不只排除救國團為附隨組織，第四條條文「指獨立存在而由政黨實質控制其人事、財務『或』業務經營之法人、團體或機構；曾由政黨實質控制其人事、財務『或』業務經營」中的「或」改為「及」，解套對象涉及擴大適用婦聯會，但在民眾黨團的反對之下，國民黨團決定刪除。請繼續往下閱讀...據了解，陳樹2024年中旬拿著中投版本的黨產條例草案拜會過柯⽂哲，盼民眾黨支持修法，但當時柯文哲並沒有答應；不只陳樹，事實上救國團、婦聯會當時都有拜會過柯文哲，而柯只同意先處理救國團。這次立法院三讀通過的版本替救國團解套成功後，陳樹拜會鄭麗文拜託再擴大修法，同時也去找柯文哲、黃國昌；據了解，雖然鄭麗文同意，陳拜會柯、黃的過程也順利，但民眾黨是否會放行黨產條例仍待觀察。陳清龍表示，目前尚未看到具體草案內容，無法做過多的評論，但如同民眾黨主席黃國昌接受訪問時，所表達不會答應再修正「政黨及其附隨組織不當取得財產處理條例」，追回50億元國民黨黨產的立場一致，並不會支持。    ,https://news.ltn.com.tw/news/politics/breakingnews/5344231
選戰加溫  立委吳宗憲宜蘭體驗手作傳美味,政治,2026/02/18 08:10,爭取提名參選宜蘭縣長的國民黨文傳會主委吳宗憲與國民黨青年團成員日前在宜蘭縣的綠蔥田間拔雜草。（國民黨提供）今天是大年初二，爭取代表國民黨參選宜蘭縣長的文傳會主委吳宗憲與國民黨青年團成員，日前一起在宜蘭縣的綠蔥田間拔雜草，以及製作「花生捲冰淇淋」，藉此喻意「好事發生」，並傳達「扎根地方為家園，體驗手作傳美味」。在蔥田間，吳宗憲與年輕人一起拔除雜草，他強調，雜草要拔得乾淨，蔥才能長得好，一伙人還輪流說著吉祥話，祝福大家都能充滿勝算，在新的一年中可以從從容容、充滿勝算，馬上有錢。請繼續往下閱讀...吳宗憲則說，看到眼前一把把的蔥，讓他想到國民黨將會充滿勝算，他並當場玩起諧音梗，開玩笑稱想到了「國蔥（台語發音）」，暗喻民眾黨主席黃國昌。吳宗憲還與青年朋友一起製作台灣傳統小吃「花生捲冰淇淋」，並祝福大家「好事花生（發生）」，「幸福加碼」。    ,https://news.ltn.com.tw/news/politics/breakingnews/5341480
鄭麗文擬修法討50億黨產  綠委轟：國庫通黨庫、挖走全民血汗錢,政治,2026/02/18 08:05,國民黨主席鄭麗文近日表態要再擴大修法，藉此要回被凍結的黨產，民進黨立委吳思瑤痛批，國民黨此舉根本是食髓知味、變本加厲。（資料照）藍白在立法院上會期強推通過「政黨及其附隨組織不當取得財產處理條例修正案」，國民黨主席鄭麗文近日表態要再擴大修法，藉此要回被凍結的黨產，據了解，金額恐達五十億元。民進黨立委怒批，國民黨此舉是將國產變黨產、國庫通黨庫，國民黨先救附隨組織，再救自己，等於讓全民為歷史問題重新買單。民進黨政策會執行長、立委吳思瑤指出，藍白主導的國會多數，不公不義通通回來了，民進黨的年金改革、黨產通通都被退回原點。藍白過去先通過首波國民黨立委游顥所提的「黨產條例」修法解套救國團，把被法院認定，該交回但還沒還的不還了；如今，鄭麗文想把已經還的、還給國家的，還要把它拿回去，儼如新時代的國產變黨產，國民黨來掠奪國家的資產。請繼續往下閱讀...「過去國民黨利用人民恐懼政府，來掠奪民產、國產；現在台灣已民主化，居然還要通通改回去！」吳思瑤痛批，此舉根本是食髓知味、變本加厲，這是社會沒有辦法接受的，鄭麗文敢提案嗎？這等於是挖走全民的納稅錢。吳思瑤分析，有不少國民黨人接續開始挑戰鄭麗文路線，害怕鄭會害慘他們的選舉、國民黨的形象等，國民黨這些立委們真的會同意在立法院，再次「惡修」黨產條例嗎？國產變黨產、國庫通黨庫的行為，台灣人是絕對不會支持的。「在選舉年，去肥自己的黨，國民黨將面臨民意的反撲。」吳思瑤強調，過去追討回來的不義黨產依法會用在社福、長照、人權教育及文化推廣，若該案真的遭國民黨硬推，將導致政府要重新編列預算，從國庫把錢拿出來，要走到那一步之前還有很多關卡，社會是不可能同意。吳思瑤質疑，國民黨不審總預算，每天掏空國家，既然還要從人民的血汗錢、納稅錢，搬錢拿給國民黨，這也是明顯違憲，透過立法來改變司法的判決。她強調，就算過得了國民黨團這一關，絕對過不了社會這一關，就算在國會強行通過，也過不了違憲、民進黨團反制的那一關。民進黨立委莊瑞雄痛批，不當黨產不是ATM，不能缺錢就翻案，若為特定政黨改法律，就是讓轉型正義倒退。國民黨先救附隨組織，再救自己，標準的自肥，若推翻既有處理結果，等於讓全民為歷史問題重新買單。他強調，政黨可以競爭，制度不能退讓。任何漂白不當黨產的修法，民進黨團一定擋到底。」縮小財產禁止處分範圍 國民黨擬再修黨產條例拿回50億國民黨要再修黨產條例討回50億 民眾黨團：不會支持    ,https://news.ltn.com.tw/news/politics/breakingnews/5342018
縮小財產禁止處分範圍  國民黨擬再修黨產條例拿回50億,政治,2026/02/18 08:00,國民黨主席鄭麗文日前表態要進一步修正黨產條例，取回被凍結的黨產，用來付清積欠黨工的退休金，剩下的捐給慈善團體。（資料照）立法院上會期在藍白黨團主導下，三讀通過「政黨及其附隨組織不當取得財產處理條例修正案」，將救國團排除於黨產條例適用範圍，國民黨主席鄭麗文日前表態要再擴大修法。據了解，修法方向將增加「政黨要支付之員工薪資、退休金、資遣費等費用」之項目，排除在黨產會強制處分之外；並刪除可追溯民國三十四年後取得財產的現行規定，處理範圍以黨產條例公佈日之現有財產為主。本報去年十二月二日獨家揭露，國民黨下一步將計畫擴大黨產條例修法，藉此要回被凍結的五十億元黨產，其中卅餘億元用來付清積欠黨工的退休金，剩下的捐給慈善團體，讓「黨產歸零」。而鄭麗文近日接受媒體專訪也證實要再修黨產條例，討回國民黨黨產，把廿幾億元負債還完，否則今年黨產訴訟就要三審定讞。請繼續往下閱讀...立院國民黨團尚在研究黨產條例修正草案的內容，但根據本報掌握，過去中投董事長陳樹二○二四年五月曾提出黨產條例修正草案，並強調若修法通過，除了保留黨工退休金，其餘黨產都將捐作公益；不過，當時此版本因為爭議過大，遭到時任國民黨主席朱立倫反對，下令國民黨立委不得提案。有關國民黨要如何拿回部分黨產清償黨工的退休金，在陳樹版的草案內容有兩關鍵條文。第一，現行條文第九條規範，「依第五條第一項推定為不當取得之財產，自本條例公布之日起禁止處分之。但有下列情形之一者，不在此限：一、履行法定義務或其他正當理由。二、符合本會所定許可要件，並經本會決議同意。」陳樹版第九條第一項修正為「經本會認定為不當取得之財產，本會向行政法院聲請許可後，始得禁止各該所有權人處分。但有下列情形之一者，不得聲請禁止其處分」，將禁止處分之認定權限回歸司法權；並修正增列第一項第三款，「員工薪資、退休（職）金、資遣費及其他依法應由政黨、附隨組織或其受託管理人負擔之勞工福利費用」，為不得聲請禁止處分之正當理由，以確保政黨、附隨組織得繼續履行受託管理人負擔之勞工福利費用。第二，修正刪除第三條，「本會對於政黨、附隨組織及其受託管理人不當取得財產之處理，除本條例另有規定外，不適用其他法律有關權利行使期間之規定」；同步修正第八條第一款及第二款，針對政黨、附隨組織向黨產會申報之財產，改為「政黨或附隨組織於本條例公布日尚存在之現有財產。」草案說明指出，現行條文第三條排除法治國家通行之「不溯及既往」原則，追溯處理的歷史時期長達七十餘年，以致政黨、團體、機構、組織的依法作為成果均受追討，嚴重破壞法安定性，影響人民憲法權利之保障，因此刪除第三條，並於第五條及第八條明定處理範圍，以政黨、團體、機構、組織違背行為時法律所取得的現存財產為限。台灣前進陣線日前在婦聯會美齡樓外舉辦「追討不義黨產，守護歷史真相」記者會。（資料照）    ,https://news.ltn.com.tw/news/politics/breakingnews/5344227
陳光復重摔未脫險 家屬發聲：相信他能度過，請化關心為祈禱,政治,2026/02/18 07:53,澎湖縣長陳光復摔傷前，還在發紅包給民眾。（民眾提供）首次上稿 2/17 23:32更新時間 2/18 07:53澎湖縣長陳光復今（17）日下午於文化局演藝廳參加春節活動時，不慎從階梯重摔致頭部重創昏迷，目前已轉送高雄榮總準備接受顱內減壓手術。面對此突發憾事，陳光復家屬稍早借他的臉書沉痛發聲，坦言全家深受震撼，但在感謝府院首長與醫護團隊搶救之餘，也強調陳光復一向具備堅強韌性，定能度過難關；同時誠摯請求外界暫時不要前往醫院或撥打電話，將關心化作祈禱，讓縣長能安靜接受後續治療。請繼續往下閱讀...根據醫療團隊說明，高雄榮總院長陳金順強調，陳光復目前處於3至7天的危險緊急觀察期，專業醫療團隊已接手進行相關手術。家屬在發文中特別對總統、副總統、行政院長、縣府團隊及醫護人員表達了最深切的謝意，並感謝各界在第一時間提供的協助與關懷。家屬在文中表示，看到紛紛傳來的訊息非常感謝，但為了確保治療環境不受干擾，希望好友們能給予一點空間，暫時先不要前往醫院或撥打電話。家屬感性寫道：「光復一向堅強，我們相信他一定會努力度過這個難關」，呼籲疼愛縣長的朋友們一起集氣守護。該貼文發布後，隨即引發澎湖鄉親與全台網友廣大迴響，留言區湧入無數「縣長加油」、「祈求脫離險境」、「祝縣長早日康復」的集氣祝福，希望藉由大眾的力量守護縣長度過難關。陳光復意外跌倒致顱內出血 高榮：現處於3到7天危險觀察期陳光復重摔》頭部重創一度OHCA轉送高榮 醫：72小時內黃金搶救陳光復重摔昏迷 關鍵13分鐘搶救過程曝光 議長：去年就眼睛不適澎湖縣長陳光復大年初一發紅包 摔下階梯頭部重創昏迷送高雄榮總救治凌天航空直升機，肩負後送縣長陳光復任務。（凌天航空提供）    ,https://news.ltn.com.tw/news/politics/breakingnews/5345374
除夕撞鐘紅繩抖動 鄭麗文：強烈感受神明感召,政治,2026/02/18 05:30,法鼓山16日晚間舉行除夕撞鐘祈福，國民黨主席鄭麗文等待敲鐘時，手中紅繩突然劇烈抖動，在網路上掀起熱議。（中央社）國民黨主席鄭麗文十六日除夕深夜出席法鼓山撞鐘活動祈福儀式，懸疑的是，當鄭麗文在等待敲鐘時手中紅繩突然兩度劇烈抖動令鄭當下錯愕，其詭異景象在網路上掀起熱議。鄭麗文昨透過新聞稿及貼文，兩度說明此事，聲稱她強烈感受到神明的感召，回應她虔心祝禱，「我心頭震動、感受強烈，誓願會善盡最大在野黨主席的責任，為人民好好監督執政黨，也祈求神明的引導保佑祝福。」法鼓山前晚舉行除夕撞鐘活動祈福儀式，由總統賴清德與方丈和尚果暉法師、副住持果醒法師、果品法師共同敲擊前三響；國民黨主席鄭麗文於深夜出席儀式，敲擊最後三響，不過鄭麗文在祈福時，手中握著的紅色繩子兩度抖動，鄭緊抓著紅繩、不讓紅繩脫手，隨後撥頭髮、不斷換手交握紅繩，當在鐘聲敲下第一〇八響之後，突然間鄭麗文手中紅繩又再度震動，讓旁邊的考試委員鄧家基嚇了一跳。請繼續往下閱讀...對此，鄭麗文說明，自己一向虔誠向佛，除夕夜在法鼓山撞鐘時，她誠心為台灣這片土地和人民祈願國泰民安、兩岸和平、遠離戰火，她強烈感受到神明的感召，回應她的虔心祝禱。馬競選總統時曾把繩子拉斷無獨有偶，回顧二〇〇八年除夕，時任國民黨總統候選人馬英九、民進黨總統候選人謝長廷同台在法鼓山撞鐘祈福時，馬英九不小心把繩子拉斷，有人解讀為「不祥之兆」；事後，馬英九對此解釋：「我是把台灣厄運拉掉，將來開運的時候已經到了」。    ,https://news.ltn.com.tw/news/politics/paper/1744043
網傳AI原住民挺高金 伍麗華：建數位防線,政治,2026/02/18 05:30,無黨籍立委高金素梅涉利用人頭詐領助理費．網壇卻瘋傳假「AI原住民」發聲力挺高金。（資料照）無黨籍立委高金素梅涉利用人頭詐領助理費．網路卻瘋傳假「AI原住民」發聲力挺高金。民進黨籍原住民立委伍麗華昨表示，中共正利用AI技術偽造原住民形象，並結合「炎黃子孫」的錯誤史觀，試圖消滅台灣原住民族作為「南島語族起源」的主體性，這場數位特洛伊木馬式的滲透，政府、平台與全民應共同構築三位一體的數位防線。特洛伊木馬式滲透伍麗華指出，有大量網軍利用AI生成「我是XX族，我挺OOO」．但這些AI原住民穿著的並非各族傳統服飾，造成扭曲文化。這種利用網軍一次性大量生成模板文章，同時發布、製造輿論、帶風向誤導視聽，是近年來中共網路戰常見的手法，而這次針對台灣原住民的行動影響非同小可，由於關於台灣原住民的網路資料較少，如今更要面臨中共網軍所帶動的虛假原住民言論。請繼續往下閱讀...她調查發現，中共統戰手法已從實體的落地接待進化為「雲端滲透」，未來可能出現穿著族服、口音道地的AI虛擬原住民網紅或深偽族群領袖，在社群媒體上宣揚武統或投降論調。這是一種數位特洛伊木馬，旨在製造族群內部混亂，瓦解台灣的防衛意志。針對新型態的AI威脅，伍麗華提出三大層面具體的數位防線建構方案，首先，在政府層面加速「AI基本法」修法，針對涉及國安、煽動戰爭的惡意AI內容訂定刑責，研發AI反制技術提升即時辨識能力；平台層面，要求社群平台落實數位浮水印，強制標示AI生成內容，建立惡意機器人帳號的快速下架機制。伍麗華補充，就民眾層面，培養「眼見不一定為憑」的習慣，將AI識讀納入原鄉與公民教育，推廣停、看、聽查證原則，善用事實查核中心資源。    ,https://news.ltn.com.tw/news/politics/paper/1744044
今年逢選舉年 TPASS新興計畫是否執行 政院左右為難,政治,2026/02/18 05:30,TPASS下月補助斷炊，行政院屆時將面臨動藍白提出的新興計畫壓力。（資料照）立法院新會期將在春節過後的廿四日開議，今年度中央政府總預算案至今未付委審查，TPASS下月補助即將斷炊，行政院將面臨藍白提出新興計畫是否執行的壓力，據了解，府院高層尚未決策，但由於今年是地方選舉年，讓執政團隊左右為難。藍白「卡」總預算案，卻又提出新興計畫動支案，建請立法院同意先行動支其中三十八項新興計劃、七一八億元預算。由於該案在一月十六日逕付二讀、交付協商，開議後，此案就過了一個月的協商冷凍期，國民黨團已揚言，將列為開議後優先議案。請繼續往下閱讀...藍揚言 列為開議後優先議案立法院若屆時通過新興計畫動支案，行政院面臨是否執行的壓力，新興計畫動支案預算，不僅涉及TPASS，還有生育給付每胎補助到十萬元等，都與民眾息息相關。政院人士表示，此僅是「公決案」，但這種作法只是暫時同意動支，讓行政機關更不確定，到底能不能真的執行、能執行到什麼程度，最後只會拖慢總預算案的進度。他強調，許多地方政府推動交通、社福、公共建設，都高度仰賴中央預算的支持，預算卡關，地方就跟著卡關，最後受影響的，還是民眾的生活。而賴總統已邀請五院院長於農曆年節後茶敘，相關幕僚溝通協調作業都在進行中，期待茶敘能夠順利進行，溝通能夠圓滿融洽，國家能夠恢復憲政常軌。此外，行政院長卓榮泰六日已宣布對「眷改條例」不副署，對於立法院上會期最後一天強行通過「衛星廣播電視法」、「黨產條例」與「立法院組織法」等三大惡法，政院人士表示，原預期立院會突襲在春節假期前最後一天送件，但至今尚未送抵行政院。而「黨產條例」將不副署，「立法院組織法」也有不副署的聲音。對於行政院接連「不副署」藍白惡法，是否會影響新會期朝野互動？政院人士強調，新會期面臨地方選舉，白營立委也換血，希望立法院能有新氣象，暫緩推動爭議法案，以人民福利及國家發展為優先，尤其是中央政府總預算案、國防特別預算以及台美對等貿易協定，這才是國家與國人最需要的。    ,https://news.ltn.com.tw/news/politics/paper/1744042
賴清德：經濟發展好 擴大照顧全民,政治,2026/02/18 05:30,總統賴清德大年初一馬不停蹄走訪六縣市八處廟宇發福袋，民眾高興與他擊掌。（記者盧賢秀攝）大年初一 馬不停蹄走訪六縣市 要讓各行各業都能安居樂業農曆正月初一，總統賴清德昨天馬不停蹄走訪六縣市八處廟宇，參拜祈福、並發福袋，賴表示，過去一年經濟成長率八、六五％，表現比日韓都好，未來全民無論各行各業都有錢可以賺，生活可以安居樂業，同時要擴大照顧基層及弱勢，經濟發展好，政府拿錢照顧民眾才有意義。請繼續往下閱讀...賴清德初一首站前往台北市艋舺龍山寺，隨後轉往新北市萬里忠福宮、萬里昭靈宮，以及基隆市的基隆慶安宮，再回到新北市的竹林山觀音寺；下午則南下嘉義縣市，分別走訪嘉義城隍廟、朴子配天宮，最後一站為台南市「麻豆代天府」。賴總統在廟宇參香祈福，並向在場民眾拜年、問好，指其為台灣祈福，第一，祈求觀音佛祖大展神通、聞聲救苦，保庇台灣國泰民安、風調雨順；第二，祈求觀音佛祖保庇台北市、全台灣四時無災、八節有慶，善男信女闔家平安；三求所有善男信女新的一年，馬年走大運、馬上發財。新年伊始，賴清德提及，今年最主要的工作就是運用過去一年各行各業的認真打拼、全國人民努力的經濟成果，繼續拚經濟。台灣去年經濟成長率非常好，股票表現也非常好，一定要把握這基礎繼續發揮下去。盼立院速通過國防預算及總預算案賴清德同時向朝野喊話，強調經濟好，就要通過國家總預算，讓經濟更有力量進步、讓政府更有力量把人民照顧好；國防預算也一定要通過，因為國家賺再多錢，若沒有國防保護國家安全，賺錢也不夠安全，所以希望朝野為國家、人民設想，立法院開議後，趕緊通過國防預算、今年度中央政府總預算案。賴清德說，去年雖然有美國的貿易關稅威脅，但是台灣的各行各業、全民都很打拼，整體經濟成長率達到八．六五％，很不容易，日本、韓國才一％多，美國才二％多，隔壁的（指中國）才四％多，台灣是八％多；對美關稅談判很順利，接下來要照顧中小微企業，幫助他們轉型、升級，讓他們有競爭力，大家有工作，讓經濟可以繼續蓬勃發展，全台人民無論各行各業都有錢可以賺，生活可以安居樂業。賴清德表示，其次要加薪與減稅，蔡英文總統與他任職的十年間，軍公教人員加薪四次；減稅的部分，包括個人減稅、家庭減稅，台灣有四十％至五十％的人免繳所得稅，讓大企業賺錢，並以此照顧基層民眾。除了〇到六歲國家一起養、高中職免學費（公私立皆同）、私立大學補助等福利政策外，政府要照顧基層及弱勢，今年還會擴大照顧低收入戶、中低收入戶，發展經濟好，政府拿錢照顧民眾才有意義。    ,https://news.ltn.com.tw/news/politics/paper/1744039
年初一發紅包 到演藝廳參加活動 澎湖縣長陳光復 階梯跌落昏迷,政治,2026/02/18 05:30,澎湖縣長陳光復昨參加春節活動，進入演藝廳前先發紅包（圖中），不料在會場從階梯摔落倒地，頭部重創，先送澎湖三總，再後送高雄榮總救治。（民眾提供）大年初一，澎湖縣長陳光復昨日在文化局演藝廳參加春節表演活動時，由階梯直接摔落倒地，因頭部受到重創昏迷，心跳一度停止，送往三總澎湖醫院搶救後恢復心跳，緊急後送高雄榮總救治，高榮說明，陳光復處於三天到七天的危險緊急觀察期，準備進行顱內減壓手術。受傷期間由副縣長林皆興代行。顱內出血 後送高雄榮總救治總統賴清德、副總統蕭美琴相繼在臉書發文祈願陳縣長平安度過難關。賴清德指出，「我已經在第一時間致電家屬關心，並請醫療團隊全力救治！」蕭美琴也發文說，請大家一起為陳縣長集氣祈福，早日恢復健康。請繼續往下閱讀...陳光復現已七十二歲，頭部直接墜地，陷入深度昏迷，心跳一度停止，送醫後顱內出血，呈現呼吸心跳停止，經過醫院搶救恢復心跳，啟動後送機制，晚間六時後送高雄榮總就醫。高雄榮總院長陳金順說明，陳縣長心臟停止經過廿分鐘的急救有恢復生命跡象，晚間七點送到高榮，經過一個小時的系列檢查，初步認定是一個意外的撞擊造成腦部的一個傷害，有顱內出血，目前主要治療是藥物治療，還有顱內的減壓手術及加護病房持續的一個加強性治療。目前陳光復處於三天到七天的危險緊急觀察期，準備進行顱內減壓手術。陳光復甫被民進黨中央徵召競選連任，原認為選情穩定，但發生此一突發狀況，選情生變，外界已關心後繼人選問題，立委楊曜被視為接手第一強棒，但楊曜已宣布放棄參選下屆立委，退出政壇提攜後進，恐成為民進黨中央頭痛問題。    ,https://news.ltn.com.tw/news/politics/paper/1744025
籲選民向藍白立委喊話》綠委：台灣要好過年 總預算一定要過,政治,2026/02/18 05:30,民進黨立委吳思瑤。（記者林哲遠攝）今年度中央政府總預算案遭藍白惡意杯葛已逾五個月，創下「進入新年度仍未付委」的憲政惡例；然而，面對九合一大選壓力，國民黨選擇提出七一八億元的新興計畫動支案，為自己拒審總預算解套。民進黨立委吳思瑤說，民進黨會在新會期強化遊說，也呼籲民眾能在春節期間向藍白立委傳遞「台灣要好過年、總預算一定要過」的聲音，當人民的聲音夠大，民進黨在後續的溝通會更有加成的作用。吳思瑤指出，欲參與年底縣市首長選舉的立委或是區域立委回到選區後，一定會感受到民意的壓力。民意希望總預算要過、民意希望軍購條例要過，更希望台美貿易協定國會要過。請繼續往下閱讀...「民意代表會感受到壓力，更何況是要選舉的人，民眾黨新北市長參選人黃國昌近期拜票時不就被嗆了嗎？」吳思瑤直言，民意是最強大的力量，這些藍白參選人一定會被該縣市的市民挑戰，質問他們為何要擋總預算，要參選的人，所承受的壓力巨大。民進黨立委莊瑞雄則強調，藍白一邊擋總預算，一邊搶動支七一八億元新興計畫預算，還自詡為是監督，其實根本就是雙標，總預算是一個國家運作的命脈，拒審就是讓政府空轉、也讓人民埋單。他認為，有意見就進委員會刪、凍、審，而不是直接連審都不審。莊瑞雄也呼籲，立委要對選民負責，不是替政黨演戲，擋總預算，也不會替地方加分，期望過個年，國民黨立委們能良心發現、痛改前非。不過，立院國民黨團書記長林沛祥表示，立法院依法三讀通過多項攸關軍公教、警消、基層公務人員權益法案，這些法律明文規定政府應負擔的給付與制度責任，行政院卻在編列年度總預算時選擇性忽視、刻意不編，形同架空國會、踐踏法治。藍批政院 拿違法預算強迫立院背書林沛祥批說，行政院一邊不依法編足經費，另一邊卻把責任推給立法院，指控在野黨「刪預算、擋預算」，實際上卻是民進黨政府用違法的預算，強迫立院背書，這才是當前總預算最大爭議之所在。    ,https://news.ltn.com.tw/news/politics/paper/1744040
柯：三黨軍購案都儘快付委 交國會討論解決,政治,2026/02/18 05:30,台灣民眾黨創黨主席柯文哲說，綠藍白三黨應儘快將各自的軍購案付委，進入國會公開討論。（記者黃美珠攝）總統賴清德昨天再度呼籲在野黨為國家、民眾設想，儘快通過今年度中央政府總預算案及國防特別預算，對此，民眾黨創黨主席柯文哲昨表示，最好的解決之道就是：民眾黨、國民黨、民進黨三黨的軍購（條例）案都儘快付委，然後在國會公開討論，盡速把這個問題解決掉。對於民眾黨已提出軍購金額上限四千億元的「保衛國家安全及強化不對稱戰力計畫採購特別條例草案」，柯文哲透露，民眾黨應會再提修正案，因為他們在和美方溝通以後，有些東西該再改進的，他們會改進。請繼續往下閱讀...與美通溝後 白會提修正案柯文哲說，二〇二四總統大選時，他的政見就主張台灣的國防預算，應占GDP的三％以上，因為國家安全是需要花錢的，但他也希望這個花錢要花得有意義。針對新會期，柯文哲指出，他認為在民眾黨主席黃國昌領導下，會希望國民黨趕快把他們的軍購案提出來，這樣的話，不管是民眾黨、國民黨、民進黨，每個黨的軍購案都可以在立法院討論；柯強調，國防是要花錢的，但民眾黨希望不要亂花，民眾黨認為國防預算的討論，可以在國會公開討論，讓大家來看哪一個是最好的，因此三黨的軍購案可以儘快付委。黃國昌除重申國防支出應達GDP三％的立場，也坦言，未來如果美方有進一步宣布，指台灣在自主防衛上面還有什麼新的東西，是已經經過國會同意要出售給台灣的話，民眾黨也會站在非常理性的立場，針對台灣國防需要的部分，納入一併來加以審查。盧秀燕：支持國防預算此外，立法院副院長江啟臣與立委楊瓊瓔昨陪同台中市長盧秀燕向市民拜年，盧秀燕說，他祈求國泰民安、支持國防預算，保護台灣安全。    ,https://news.ltn.com.tw/news/politics/paper/1744041
台美貿易協定 立院最快3/12排審 藍白若修改 恐需重談,政治,2026/02/18 05:30,「台美對等貿易協定（ART）」已在13日簽署（見圖，行政院提供），立法院最快3月12日排審，藍白若修改內容，會面臨重新談判的問題。台美雙方已在十三日正式簽署「台美對等貿易協定（ART）」，協議文本將在新會期送立法院審議，由於美國總統川普因南韓國會未審議完成雙方的協議，逕自宣布調高對南韓關稅，而藍營立委也有地方選舉與業者壓力，據評估，立院委員會最快三月十二日排審，在野立委雖可能會「技術性干擾」，但最後恐不得不通過，但ART內容如被國會修正，就會面臨重新談判的問題。載明國防支出 在野質疑涉預算權行政院長卓榮泰昨一早前往台北市木柵忠順廟參拜祈福，對於國防特別條例草案仍卡在立院，「台美對等貿易協定（ART）」協議文本也將在新會期排審，卓榮泰表示，希望國人能持續支持；去年一整年大家的努力，台灣無論內外，現在是正好的時候，今年順這個風，順這個勢，百工百業要再衝一波。請繼續往下閱讀...立院藍白黨團稱，會儘速排案審查台美對等貿易協定（ART），據推估，行政院春節後最快於二月廿六日開院會通過ART，若當天下班前送至立院，立院最快可於三月六日院會一讀付委，並在三月十一日立院召委選舉完隔天，三月十二日由外交與財政、經濟聯席委員會排案審查。不過，藍白黨團對於協定文本載明「國防支出至少占國內生產毛額（GDP）的三％」等提出質疑，被認為涉及我國的預算權。如果藍白要求修改協定，根據「條約締結法」規定，條約案經簽署後，若未通過國會審議或遭修正，應退回主辦機關與締約對方重新談判。南韓協定受阻 關稅即暴增至25％據分析，ART內容如被國會修正，就會面臨重新談判的問題，在南韓關稅從十五％暴增至二十五％的前車之鑑下，加上社會各界對這次談判結果，也已陸續表達肯定，包括手工具、工具機產業，以及工商協進會等多個工商團體，都公開表示支持，藍白最後應是不得不通過，但可能以附帶決議的方式來「技術性干擾」。    ,https://news.ltn.com.tw/news/politics/paper/1744024
搭載防空、魚叉飛彈、魚雷… 飛彈巡防逢甲艦戰力強,政治,2026/02/18 05:30,MK-13飛彈發射架，可提供標準一型防空飛彈、魚叉攻船飛彈。（軍聞社）海軍昨在大年初一公布成功級飛彈巡防艦逢甲軍艦動態操演影片，軍艦配備MK-13飛彈發射架，可搭載標準一型防空飛彈、魚叉攻船飛彈，具備360度旋轉射擊能力，同時搭載MK-32魚雷發射管與MK-46魚雷，結合AN/SQQ-89水下戰鬥系統，能即時蒐集水下情資、判讀威脅精準反制。逢甲軍艦原為美海軍派里級巡防艦，艦長453呎、艦寬74呎。（軍聞社）    ,https://news.ltn.com.tw/news/politics/paper/1744026
陳光復重摔昏迷 選戰對手葉竹林發聲了,政治,2026/02/17 22:09,無黨籍澎湖縣長參選人葉竹林。（擷取自臉書）澎湖縣長陳光復今日（17）大年初一參與春節賀年活動，在演藝廳下樓時不慎跌下階梯，導致顱內出血，一度失去呼吸心跳，目前正在高雄榮總搶救。對此，陳光復選戰對手、無黨籍澎湖縣長參選人葉竹林也為他祈福，呼籲鄉親集氣，「祝福陳光復縣長平安、早日恢復健康」。葉竹林在臉書發文表示，「聽聞意外消息，令人不捨與憂心。此刻最重要的是專心治療、安心休養，醫療團隊全力守護，順利度過難關。希望澎湖鄉親齊心集氣，祝福陳光復縣長平安、早日恢復健康」。請繼續往下閱讀...​澎湖縣政府行政處表示，陳光復縣長受傷期間，縣政事務將依規定由林皆興副縣長代行。行政處強調，縣府團隊將維持正常運作，各項春節期間的為民服務與公共安全維護工作均照常進行，請鄉親放心。林皆興也代表縣府團隊感謝各界的關心，並祈願陳縣長早日康復。    ,https://news.ltn.com.tw/news/politics/breakingnews/5345357
蕭美琴曬出超狂「香菜魔人」 釣出小英喊︰給我來一杯雙倍濃,政治,2026/02/17 21:55,副總統蕭美琴今日到彰化發送新年福袋，享用到特色飲品「香菜魔人」，意外釣出同樣也是「香菜控」的蔡英文留言關注。（圖擷取自tsai_ingwen、@bikhimhsiao Threads，本報合成）副總統蕭美琴今（17）日到彰化發送新年福袋，並在北斗鎮獲得「偑巷咖啡」老闆招待結合在地美食的「香菜全餐」，包含香菜汁、香菜波羅、北斗肉圓等。事後蕭美琴將照片分享到Threads，意外釣出同為「香菜控」的前總統蔡英文回覆，2人逗趣互動隨即引發網友熱議，並吐槽2人能成為一起吃年夜飯的好麻吉不是沒有原因。蕭美琴今日中午分享一杯「偑巷咖啡」的招牌飲品照片，為老闆莊浚勝使用100%香菜汁製成的「香菜魔人」，杯子還張貼寫有「七喜春來」、「馬上變好」、「香菜型男」、「香菜美女」等吉祥話的貼紙。貼文發布後，迅速吸引許多香菜控關注、討論它的美味口感，蔡英文也在貼文下方留言笑說︰「這也給我來一杯，雙倍濃❤️」請繼續往下閱讀...其他網友見狀紛紛留言吐槽2人，「神奇的小英和地獄料理」、「我很愛妳，但香菜我不行」、「我什麼都支持你，唯獨這個」、「抱歉了小英，這題我們沒有共識」、「這我喝過，已經很濃，總統要確欸」、「行常人所不能行，果然是總統級點菜」、「難怪妳能跟蔡英文吃那麼多年的年夜飯」、「第一次聽到espresso用在香菜上，果然是香菜英文」、「我決定使用小英魔法應戰︰我不確定這是一個擁有社會共識的吃法」。也有網友好奇討論起「香菜魔人」的味道，「雖然我也愛吃香菜，但這杯喝起來到底什麼味道」、「我可以生啃香菜，但是這杯我不太確定我行不行」、「雖然我可以接受香菜，但整杯香菜汁，可以加一點點鮮奶嗎？」。也有喝過的過來人分享，「香菜魔人」喝起來香菜味真的非常濃郁，因此看到蔡英文留言想要喝「雙倍濃」，感到非常震驚。     在 Threads 查看     在 Threads 查看     在 Threads 查看    ,https://news.ltn.com.tw/news/politics/breakingnews/5345304
陳光復重摔昏迷 關鍵13分鐘搶救過程曝光 議長：去年就眼睛不適,政治,2026/02/17 21:24,三總澎湖分院副院長田炯璽，說明陳光復關鍵十三分鐘搶救。（記者劉禹慶攝）澎湖縣長陳光復今（17）日在澎湖縣文化局演藝廳，參加春節公演活動並發放紅包時，不慎於階梯失足跌倒，導致顱內出血，一度呼吸心跳停止，三總澎湖分院副院長田炯璽說明關鍵13分鐘搶救過程。議長陳毓仁表示，去年就曾傳出陳光復眼部不適。田炯璽表示，陳光復到院前就處於無心跳跡象的狀態，到院之後進行心肺復甦術急救，並未進行電擊。給予升壓藥、急救約13分鐘之後，陳光復才恢復心跳，逐漸使用相關藥物回復血壓。今日急診室是心臟內科值班醫師邢世珏、急診專科醫師石宏凱共同進行急救任務，並執行全身電腦斷層檢查。請繼續往下閱讀...田炯璽進一步說明，陳光復初步檢查後，排除心臟方面的問題，但無法完全排除是否有心率不整，因此造成臨時血壓、腦部血流不穩的狀況，換句話說，目前造成陳縣長跌倒、意識昏迷原因待查，三總澎湖醫院待陳光復血壓、心跳恢復正常後，旋即聯絡直升機進行後送。另外，前往醫院探視的澎湖縣議長陳毓仁提到，早在去年底提名期間，陳光復就出現眼睛不適狀況，不過是否為跌倒主因，仍須待專業醫療團隊釐清。但陳光復在後送過程，曾短暫張開眼睛，因身上有插管，無法得知是否意識清醒？隨後又注射鎮定劑等藥物，再度昏迷。陳光復跌倒重傷失去呼吸心跳，在三總澎湖分院急診室搶救。（記者劉禹慶攝）    ,https://news.ltn.com.tw/news/politics/breakingnews/5345340
陳光復意外跌倒致顱內出血 高榮：現處於3到7天危險觀察期,政治,2026/02/17 20:53,高榮院長陳金順說明陳光復病情。（記者洪定宏攝）澎湖縣長陳光復今在進入文化局演藝廳時不慎踩空階梯跌倒，頭部撞傷昏迷，緊急送三總澎湖分院救治，今晚約7點又後送抵達高雄榮總搶救，院方經過1個小時的檢查，院長陳金順說明最新病情，強調目前陳光復處於3天到7天的危險緊急觀察期，準備進行顱內減壓手術。陳金順表示，陳光復應該在今天下午大約3點跌倒撞到後腦勺，心臟停止，經過20分鐘的急救，有恢復生命跡象，晚間7點送到高榮時「沒有意識」，經過1個小時的系列檢查，目前初步的認定是意外撞擊造成腦部傷害，有顱內出血。請繼續往下閱讀...陳金順強調，目前主要是藥物治療，還有顱內的減壓手術及加護病房持續的加強治療。高榮已組成包括神經外科、心臟內科及重症的醫療團隊，持續對陳光復加強治療。    ,https://news.ltn.com.tw/news/politics/breakingnews/5345341
鄭麗文撞鐘「紅繩抖動」 林志潔諷：諂媚敵人會感應到神明警示,政治,2026/02/17 20:36,鄭麗文在祈福時，手中握著的紅色繩子兩度「抖動」，相關影片掀起網友熱議。（本報合成）國民黨主席鄭麗文除夕參加法鼓山撞鐘活動祈福儀式，不過在撞鐘108響時，手中紅繩兩度劇烈抖動，掀起網友熱議。對此，陽明交大法律學者林志潔諷刺，「諂媚敵人，背棄故鄉，自然會感應到神明的警示」。林志潔在臉書發文表示，她個人是非常相信「善惡輪迴終有報」的，認為有時只是時間的問題，或許可以在短時間內欺騙很多人，但無法永遠欺騙很多人。她分享，多年前曾有位前輩成日開酸，濫用權勢，失格失德，後來果然自招痛擊，受到唾棄，「真的不要自以為一時有滔天權勢，把持資源就可橫行霸道」。請繼續往下閱讀...林志潔指出，她看完影片後，認為紅繩確實是持續抖動，且不是鄭麗文自己動的，「既然不是拿繩的人動，那必然是有超自然的力量了」。她說法鼓山除夕撞鐘，是希望鐘聲斷除煩惱，實踐「我和人和」的慈悲共振，祈願國泰民安，世界和平。若有人心存歹念，諂媚敵人，背棄故鄉，自然會感應到神明的警示。貼文曝光後，網友紛紛表示，「這就是逆天而行的兇兆！」、「這就是磁場，頻率不一樣才會互相排斥，你看隔壁和尚繩子是緩緩地抖動，那才是正常感應」、「神明都已經開示了，他們理當回頭是岸」、「行善者禍已遠離，行惡者禍將到來」、「天給的警示」。    ,https://news.ltn.com.tw/news/politics/breakingnews/5345322
鄭麗文撞鐘紅繩狂抖！ 「科學派」網友這樣理性分析……,政治,2026/02/17 20:04,鄭麗文在祈福時，手中握著的紅色繩子兩度「抖動」，相關影片掀起網友熱議。（圖擷取自法鼓山YT）國民黨主席鄭麗文昨（16日）除夕出席法鼓山撞鐘活動祈福儀式，儀式過程中手中紅繩兩度劇烈抖動，讓她回應是「強烈感受到神明的感召」。對此，有網友發問，「排除對政黨的偏好，有人對這個靈動有合理的解釋嗎？」許多網友認為，「是鐘聲共振造成的」。一名網友在Threads發文表示，除夕法鼓山撞鐘祈福法會中，在第107響到108響的畫面，鄭麗文手中紅繩兩度劇烈抖動，「先排除對政黨的偏好，有人對這個靈動有合理的解釋嗎？」請繼續往下閱讀...貼文曝光後，網友認為，是鐘聲共振造成的，剛好鄭麗文又在接近正中間的位置，是共振最強的位置上。但要說成靈動也可以，要詮釋成神給予警告，還是神降神跡給她加持，正反面詮釋都是看人的解釋的。其他網友也紛紛表示，「說是因為敲鐘引發的振動，但當時根本沒敲呀」、「她站在鐘的正前方！聲波直線傳導太強，她的全身都被聲波影響很不舒服」、「不管發生的原因是科學還是玄學，是賊就會心虛」、「我的看法是繩子抖動起來，她被嚇到」、「妖孽碰到神器」、「科學的盡頭果然是玄學」、「鐘聲共振音波傳導效果，且又是站在中間，玄學方面或許幫她清靈淨化」。     在 Threads 查看    ,https://news.ltn.com.tw/news/politics/breakingnews/5345313
周春米走春拜廟發開運小紅包 民眾排人龍熱鬧滾滾,政治,2026/02/17 20:04,今天是農曆春節大年初一，屏東縣長周春米整天「馬不停蹄」跑滿屏東市多處指標廟宇走春拜年，並發送縣府精心製作的「瑞馬春騰」1元小紅包。（記者陳彥廷攝）今天是農曆春節大年初一，屏東縣長周春米整天「馬不停蹄」跑滿屏東市多處指標廟宇走春拜年，並發送縣府精心製作的「瑞馬春騰」1元小紅包，向鄉親傳遞新春祝福，所到之處人潮滿滿。為搶得新年第一聲祝福，民眾早早來排隊等候，各個廟宇現場可見不少家庭扶老攜幼一同參與，洋溢濃濃年節喜氣與歡樂氛圍，熱鬧滾滾，周春米一一與民眾握手致意、親切寒暄，並不時彎身與小朋友互動合影，氣氛溫馨，現場此起彼落的「新年快樂」與歡笑聲，廟埕年味十足。請繼續往下閱讀...周春米早上起就一連走訪市區的11間廟宇直到下午5時許，許多早早就來等待的長輩開心表示「每年都很期待領到縣長的小紅包」，也有年輕家長笑說，帶孩子來拜拜兼領祝福，「不只討吉利，也留下很棒的新年回憶。」廟宇內外人潮絡繹不絕，香火鼎盛、笑聲不斷，處處可見民眾合影留念、互道祝福的溫馨畫面，為屏東揭開充滿喜氣與希望的新春序幕。周春米說，春節是最重要的團圓時刻，特別準備小紅包向鄉親拜年，希望讓每一位收到的人，都能感受到來自屏東的新春祝福與心意；看到大家一早就帶著笑容前來領取，讓她非常感動，也感受到屏東濃厚的人情味，讓農曆新年的第一天，在熱鬧與感動中溫暖展開。為搶得新年第一聲祝福，民眾早早來排隊等候，各個廟宇現場可見不少家庭扶老攜幼一同參與，洋溢濃濃年節喜氣與歡樂氛圍，熱鬧滾滾。（記者陳彥廷攝）    ,https://news.ltn.com.tw/news/politics/breakingnews/5345299
自由觀點》月增百萬散戶 台股擦鞋童出籠？,政治,2026/02/17 20:00,    ,https://news.ltn.com.tw/news/politics/breakingnews/5342867
陳光復重摔昏迷 賴清德、蕭美琴集氣祈願度過難關,政治,2026/02/17 19:52,澎湖縣長陳光復今日上午先前往馬公城隍春節一條街發放民眾紅包，下午卻不慎從澎湖縣文化局演藝廳摔下階梯。（澎湖縣政府提供）澎湖縣長陳光復今日大年初一參與春節活動時從階梯直接摔落倒地，頭部受到重創昏迷，目前送醫救治中。總統賴清德、副總統蕭美琴相繼在臉書發文祈願陳縣長平安度過難關。賴清德指出，大年初一，他和蕭美琴副總統、卓榮泰院長分別走訪各地，向國人朋友拜年。但在行程中，傳來澎湖縣陳光復縣長受傷的消息。請繼續往下閱讀...「我已經在第一時間致電家屬關心，並請醫療團隊全力救治！」賴清德呼籲，春節期間，各地人潮眾多，提醒國人朋友，外出請留意交通與自身安全，家中用火用電也請多一份留心。賴清德表示，祈願光復縣長平安度過難關，也請大家務必保重身體，平安過好年。蕭美琴也發文說，剛剛在走春行程中，得知澎湖縣長陳光復因意外受傷，目前正由醫療團隊全力救治中。希望陳縣長平安順利度過難關，也請大家一起為縣長集氣祈福，早日恢復健康。    ,https://news.ltn.com.tw/news/politics/breakingnews/5345323
基隆副市長邱佩琳初一拜廟  傳遞好事發生正能量,政治,2026/02/17 19:30,副市長邱佩琳（右三）到基隆慈雲寺參拜，發送紅包。（記者盧賢秀攝）基隆市副市長邱佩琳大年初一馬不停蹄拜廟，並發送「Horse發生─好事發生」開運紅包，祈祝市民「好事發生」，城市建設與民生發展穩健向前。邱佩琳在初一凌晨接連前往代天宮、慶安宮、奠濟宮及天顯宮參與賀正祈福儀式，今天上午到慈雲寺參拜，現場一早即湧入大批信眾排隊等候，氣氛熱絡。請繼續往下閱讀...邱佩琳和慈雲寺主委李林寶玉及多位議員一同發送紅包，向市民拜年。邱佩琳表示，慈雲寺長年為地方重要信仰中心，凝聚社區情感，市府藉由發送開運紅包向市民賀歲，也希望把祝福與正向能量傳遞到城市每個角落。隨後邱佩琳又到極樂寺出席「禮千佛法會」，並走訪新城福德宮、三民福德宮、以及七堵區圳頭福德宮、百福宮與暖暖區承福宮，逐一參拜祈福並發送紅包。邱佩琳指出，相較孩提時期，現今年味比較平淡了些，但在各地宮廟仍能感受到濃厚的傳統氛圍與敬天精神，這種傳承格外珍貴。邱佩琳說，過年走訪各區廟宇，就是希望把市府的新春祝福，親手送到市民手中，新的一年，市府團隊將持續秉持為民服務的初心，與市民並肩同行，讓市民在丙午年「好事發生」，城市建設與民生發展穩健向前。    ,https://news.ltn.com.tw/news/politics/breakingnews/5345260
女兒陪同搭機 澎湖縣長陳光復抵達高雄榮總搶救,政治,2026/02/17 19:25,澎湖縣長陳光復抵達高雄榮總搶救。（記者洪定宏攝）澎湖縣長陳光復今天下午發紅包摔倒，頭部重創昏迷，大約晚間7點，由女兒陪同搭乘直升機，抵達高雄榮總搶救，院方隨即展開評估作業，後續若家屬同意，才會對外說明。陳光復由凌天航空直升機後送，大約晚間6點從澎湖機場起飛，約6點36分抵達高雄機場，隨即由救護車轉往高雄榮總，將近7點抵達醫院急診室，從急診室側門進入。請繼續往下閱讀...陳光復的女兒陪同搭機到高雄榮總，太太搭班機後到，人在高雄的澎湖副縣長林皆興於下午6點多先到醫院協調，多位親友也到醫院關心。    ,https://news.ltn.com.tw/news/politics/breakingnews/5345319
法鼓山撞鐘鄭麗文持「紅繩狂抖」 劉柏君認證：拍咪啊,政治,2026/02/17 19:19,鄭麗文在祈福時，手中握著的紅色繩子兩度「抖動」，「通靈少女」劉柏君留言認證「拍咪啊」。（擷取自法鼓山YT、臉書，本報合成）國民黨主席鄭麗文昨（16日）深夜出席法鼓山撞鐘活動祈福儀式，手中紅繩在儀式中兩度劇烈抖動，詭異景象在網路上掀起熱議。無任所大使、「通靈少女」劉柏君在影片下留言「拍咪啊」（歹物仔，指鬼怪或不祥的人物、東西），網友紛紛留言「留友看通靈少女認證」。劉柏君在社群平台「Threads」上，引述在網路掀起熱議的「紅繩狂抖」影片，並稱「台灣從來都不是鬼島」，只是偶爾會鬧鬼而已，世上的拍咪啊（歹物仔）不可能消滅消失，但我們可以挺身而出不讓他們作亂。請繼續往下閱讀...劉柏君留言「拍咪啊（歹物仔）」，引來網友朝聖，「別人說還不信，但從你口中說出那就真的不一樣了」、「本來還在找科學解釋，看到你就不需要了」、「看到通靈少女蓋章就放心了」、「專業認證！」、「留友看認證」、「妳來說特別有說服力（怕」、「最有說服力的回答」。     在 Threads 查看    ,https://news.ltn.com.tw/news/politics/breakingnews/5345308
陳光復意外重摔後送 澎湖縣府事務副縣長林皆興代行,政治,2026/02/17 19:18,澎湖縣長陳光復摔倒重傷，凌天航空緊急啟動後送。（凌天航空提供）​澎湖縣長陳光復於今（17）日下午3時許，前往澎湖縣文化局演藝廳參加春節公演活動並發放福袋時，不慎於階梯失足跌倒，導致受傷，隨行人員第一時間通報澎湖縣政府消防局，緊急送往三軍總醫院澎湖分院救治。經醫療團隊全力搶救，為求更進一步的檢查與醫療照顧，經家屬與醫療團隊共同討論後，決定轉診至雄榮民總醫院進行後續治療；下午6時起飛、6時34分落地、44分離開高雄機場，直接驅車前往醫院。說也奇怪，小港機場停機坪燈柱故障1年，縣長陳光復後送立即就修復，效率之高，引發各界讚嘆。請繼續往下閱讀...​澎湖縣政府行政處表示，陳光復縣長受傷期間，縣政事務將依規定由林皆興副縣長代行。行政處強調，縣府團隊將維持正常運作，各項春節期間的為民服務與公共安全維護工作均照常進行，請鄉親放心。林皆興也代表縣府團隊感謝各界的關心，並祈願陳縣長早日康復。另外，陳光復受傷消息傳出，不僅澎湖縣政府局處長齊聚三總澎湖分院，關心陳光復病情之外，國民黨籍澎湖縣議長陳毓仁、議員魏睿宏、前議員歐中慨等人，都到醫院關心。至於陳光復已提名連任，病情發展恐將影響佈局，成為各界關注的重點。澎湖縣長陳光復摔傷前，還在發紅包給民眾。（民眾提供）    ,https://news.ltn.com.tw/news/politics/breakingnews/5345315
澎湖縣長陳光復重摔昏迷 王浩宇發文集氣 上千網友湧入祈禱、加油,政治,2026/02/17 18:48,陳光復發放紅包，在文化局演藝廳跌倒昏迷。（澎湖縣政府提供）澎湖縣長陳光復大年初一發紅包，今（17日）在演藝廳下樓時不慎跌下階梯，導致顱內出血，一度失去呼吸心跳，目前正送往高雄榮總搶救。對此，電視名嘴、桃園市前市議員王浩宇也為陳光復集氣，短時間湧入上千網友祈禱、加油。陳光復在演藝廳發紅包時摔下樓梯，因頭部直接墜地，導致顱內出血，心跳一度停止，經過三總澎湖分院搶救後恢復心跳，但仍無意識，因此緊急由澎湖駐地直升機凌天航空送往高雄榮總搶救。王浩宇也在臉書發文為陳光復集氣，希望能有奇蹟發生。請繼續往下閱讀...貼文曝光後，網友紛紛湧入祈福、加油，「願平安歸來」、「天佑縣長」、「祈福平安無事」、「大家幫陳縣長加油，願平安」、「過年真的大家要行事小心，希望沒事」。    ,https://news.ltn.com.tw/news/politics/breakingnews/5345265
藍白綠板橋走春人氣較勁 小英現身如大型粉絲見面會,政治,2026/02/17 18:46,前總統蔡英文為民進黨新北市長參選人蘇巧慧站台，板橋接雲寺瞬間被擠得水洩不通，宛如小英大型粉絲見面會。（記者羅國嘉攝）大年初一新北市板橋慈惠宮、接雲寺成為藍、白、綠三大陣營「走春」的戰場。新北市長侯友宜上午率先到場參拜祈福，向市民拜年並發送福袋，人潮絡繹不絕，支持者排隊幾乎繞半間廟宇；下午民眾黨主席黃國昌現身接力參拜，與民眾黨新北市議員參選人林子宇一同發放福袋，現場僅少數支持者熱情合影；壓軸登場的前總統蔡英文，為民進黨新北市長參選人蘇巧慧站台，廟埕瞬間被擠得水洩不通，場面氣氛宛如小英大型粉絲見面會。每年農曆春節，許多政治人物皆會到板橋慈惠宮與接雲寺參拜、發福袋、向民眾拜年，被視為台灣政壇春節走春的重要指標。侯友宜今天上午依序參拜、向民眾發送福袋，現場人潮相當洶湧，民眾排隊領取福袋將近繞了半間廟宇。下午黃國昌到場時，支持者紛紛上前合影，林子宇貼心準備寶可夢卡與貼紙分送孩童，吸引不少家長與小朋友互動；但現場也有民眾嘲諷黃國昌「超速仔要選到底喔」，林子宇回應「新年快樂」化解尷尬氣氛。請繼續往下閱讀...黃國昌離場後，蘇巧慧團隊進場，廟埕內氣氛出現轉折，有民眾喊出「壞的走了，好的來了」，為場面增添情緒張力。下午蔡英文抵達時，人潮迅速集中，支持者高喊「小英總統」，手機高舉拍攝，爭相握手致意，有人握到手後興奮表示「過年都不洗手了」，希望將好運留住。蔡英文進出大殿期間，警方與隨扈多次提醒民眾往外站、留出通道，但人群仍頻頻向前推擠，只為近距離接觸，人潮相當誇張，現場畫面宛如大型粉絲見面會。新北市長侯友宜今天上午到板橋接雲寺參拜、向民眾發送福袋，現場人潮相當洶湧，民眾排隊領取福袋將近繞了半間廟宇。（記者羅國嘉攝）民眾黨主席黃國昌現身板橋接雲寺參拜。（記者羅國嘉攝）    ,https://news.ltn.com.tw/news/politics/breakingnews/5345288
經濟亮眼更要強化國防 蘇巧慧籲在野黨新會期速審預算,政治,2026/02/17 18:40,民進黨新北市黨部主委、新北市長參選人蘇巧慧表示，國防與經濟同樣重要，呼籲在野黨於新會期盡速審查總預算及國防預算。（記者羅國嘉攝）立法院正副院長韓國瑜、江啟臣昨（16）日發布聯合聲明，指出「立法院開議後，國防特別預算相關議案將會是最優先審議的議案」。對此，民進黨新北市黨部主委、新北市長參選人蘇巧慧表示，國防與經濟同樣重要，在台灣經濟表現亮眼、台美關稅談判取得好成績下，更需強化國家安全基礎，呼籲在野黨於新會期盡速審查總預算及國防預算，確保台灣安全穩定。蘇巧慧今天與同黨籍議員下午到板橋接雲寺參拜，接受媒體採訪指出，國防與經濟同樣重要，台灣今年經濟表現亮眼，甚至台美關稅談判也取得不錯成績；在這樣基礎上，國家更需要安全保障，才能守護每一位在這裡生活的人。她也呼籲在野黨於新會期儘速審查總預算及國防預算，讓台灣真正獲得安全保障。    ,https://news.ltn.com.tw/news/politics/breakingnews/5345244
大年初一站台蘇巧慧 蔡英文幽默喊話「新北就讓女性當家」,政治,2026/02/17 18:25,今17日是大年初一，總統賴清德上午陪同民進黨新北市長參選人蘇巧慧前往萬里忠福宮、昭靈宮參香祈福，下午則是前總統蔡英文接力陪蘇巧慧赴五股賀聖宮、板橋慈惠宮和接雲寺參拜。蔡英文表示，以前都說蘇巧慧是前行政院長蘇貞昌的女兒，現在要改說蘇貞昌是蘇巧慧的爸爸，並笑著拜託「新北就讓女性當家」；蘇巧慧則說，「一棒接一棒、棒棒都是強棒」，年輕世代應承擔責任，延續前輩打下的基礎。蔡英文今天下午陪同蘇巧慧赴五股賀聖宮、板橋慈惠宮和接雲寺參拜，蔡英文致詞指出，今天是大年初一，很高興看到大家虔誠參拜，台灣社會一直有一股祥和穩定的力量。過去幾年台灣面對許多挑戰，但都能一關一關走過來，除了宗教信仰給予信心，也因為台灣社會始終有一股共同克服困難的力量，這正是台灣最大的韌性。請繼續往下閱讀...蔡英文表示，面對國際局勢挑戰增加，希望大家持續支持政府，一起面對現在與未來的各項挑戰，無論中央或地方政府，都應同心協力把台灣建設得更好、把人民照顧得更好。她提到，新北未來發展將非常快速，有機會成為台北之外另一個重要現代都會，這需要有能力的地方政府團隊帶領，讓基礎建設、公共服務及產業發展持續提升。她說，若希望新北更進步、在未來產業競爭中更具競爭力，就需要優秀團隊服務市民，因此認為蘇巧慧是很好的人選，也盼現場議員候選人都能獲得支持、順利當選。以前大家說蘇巧慧是蘇貞昌的女兒，現在應該說蘇貞昌是蘇巧慧的爸爸，現在女性當家，所以新北就讓女性當家。蔡英文表示，台灣面對挑戰時始終沉著應對，在賴清德領導下，政府團隊非常努力，去年經濟表現亮眼，相信未來幾年仍是台灣經濟發展的重要時機。政府在經濟、產業發展及對美談判上都付出許多努力，希望大家持續給予政府支持與鼓勵。面對賴清德、蔡英文兩位大咖人物接力站台。蘇巧慧表示，大年初一很高興賴清德與蔡英文到新北向鄉親拜年，現場可見民眾熱情互動、氣氛熱絡，也感受到滿滿福氣。國家領導人應為全民謀福利，未來中央首長也將持續到新北與民眾祈福問好；同時感謝接雲寺團隊長期凝聚地方力量，從現場可見年輕族群與長輩一同參與，展現新北世代合作、共同為台灣努力的精神。    ,https://news.ltn.com.tw/news/politics/breakingnews/5345246
澎湖縣長陳光復跌倒昏迷 直升機後送高雄榮總,政治,2026/02/17 18:20,澎湖縣長陳光復今（17）日因在演藝廳下樓階梯跌倒，導致顱內出血，決定緊急後送高雄榮總搶救。（記者劉禹慶攝）首次上稿17:03更新時間18:19澎湖縣長陳光復今（17）日因在演藝廳下樓階梯跌倒，導致顱內出血，一度失去呼吸心跳，雖送往三總澎湖分院緊急搶救恢復心跳，但仍重度昏迷，由於顱內血塊必須開刀取出，決定緊急後送高雄榮總搶救，17時47分由澎湖駐地凌天航空後送到高雄榮總接續治療，直升機18時起飛，預計18時36分抵達。據了解，陳光復因頭部直接墜地，導致顱內出血，心跳一度停止，經過三總澎湖分院搶救恢復心跳，但仍無意識，因此決定啟動緊急醫療後送機制，送往高雄榮總搶救，澎湖縣政府局處長接獲消息，立即停止休假，趕往三總澎湖分院急診室關心縣長陳光復病情，議員魏睿宏、前國民黨議員歐中慨也到場關心。三總澎湖分院急診室湧入澎湖縣府一級主管，關心縣長陳光復病情。（記者劉禹慶攝）三總澎湖分院醫生向局處長說明後續申請後送情況。（記者劉禹慶攝）    ,https://news.ltn.com.tw/news/politics/breakingnews/5345242
中共「AI統戰」鎖定台灣原住民 伍麗華提三大數位防線,政治,2026/02/17 18:11,民進黨籍原住民立法委員伍麗華今受訪示警表示，中共正利用AI技術偽造原住民形象，並結合「炎黃子孫」的錯誤史觀，進行一場「數位特洛伊木馬」式的滲透。（資料照）無黨籍立委高金素梅涉利用人頭詐領助理費．網壇卻瘋傳假「AI原住民」發聲力挺高金，顯見中共對台認知戰加劇。民進黨籍原住民立法委員伍麗華今受訪表示，中共正利用AI技術偽造原住民形象，並結合「炎黃子孫」的錯誤史觀，試圖消滅台灣原住民族作為「南島語族起源」的主體性，這是一場「數位特洛伊木馬」式的滲透，呼籲政府、平台與全民應共同構築三位一體的數位防線。伍麗華Saidhai Tahovecahe接受本報訪問時指出，國際學界早已透過語言學、考古學及「構樹」基因研究，證實了「出台灣說」（Out of Taiwan）。台灣不僅擁有五千年的文明縱深，更是太平洋、大洋洲與東南亞南島語族的發源地與擴散起點。請繼續往下閱讀...「我們是連結海洋的文化母親，絕非中國政治架構下的『少數民族』。」伍麗華批駁，中共強行將台灣原住民歸類為「炎黃子孫」，不僅是文化上的無知，更是政治霸凌。她更遺憾指出，國內部分原住民政客與對岸「裡應外合」自我矮化，呼籲族人應自信地站在南島文化的制高點，拒絕淪為統戰樣板。面對科技演進，伍麗華調查發現，統戰手法已從實體的「落地接待」進化為「雲端滲透」，未來可能出現穿著族服、口音道地的「AI虛擬原住民網紅」或「深偽族群領袖」，在社群媒體上宣揚武統或投降論調。伍麗華強調，這是一種數位特洛伊木馬，旨在製造族群內部混亂，瓦解台灣的防衛意志。這種透過AI生成的虛假影像，因傳播速度快、辨識難度高，已提升至國安層級的認知作戰，意在潛移默化地進行思想洗腦 。針對新型態的AI威脅，伍麗華提出三大層面具體的「數位防線」建構方案，首先，政府層面：法制與溯源，加速「AI基本法」修法，針對涉及國安、煽動戰爭的惡意AI內容訂定刑責，研發「AI反制技術」提升即時辨識能力；平台層面：標示與自律，要求社群平台（FB、TikTok等）落實「數位浮水印」，強制標示AI生成內容；建立惡意機器人帳號的快速下架機制。伍麗華補充，就民眾層面：識讀與零信任，培養「眼見不一定為憑」的習慣，將AI識讀納入原鄉與公民教育；推廣「停、看、聽」查證原則，善用事實查核中心資源。伍麗華強調，守護台灣原住民族，即是捍衛台灣民主價值，原住民族不僅是山海的守護者，更是台灣民主價值的捍衛者。面對「紅色供應鏈」與「AI認知作戰」的雙重威脅，唯有強化文化認同、深化媒體識讀並完善科技治理，才能讓台灣在變動的國際局勢中站穩腳步，讓台灣以及南島民族的光芒持續照耀世界、凸顯台灣地位。    ,https://news.ltn.com.tw/news/politics/breakingnews/5345279
回防台南拉抬2026選情 賴清德：盼中央地方合作再升級,政治,2026/02/17 18:10,總統賴清德在台南麻豆代天府致詞說，美國關稅談判的艱辛及卓越成果，感謝市長黃偉哲帶領團隊與中央合作建設台南，未來台南要繼續進步下去。（記者王姝琇攝）總統賴清德今日前往台南麻豆代天府發放福袋，同時回防台南拉抬民進黨2026年選情。賴清德致詞提及，美國關稅談判的艱辛及卓越成果，感謝市長黃偉哲帶領團隊與中央合作建設台南，未來台南要繼續進步下去。賴清德指出，去年地震、風災接連造成嚴重災情，對台南來說是挑戰的一年，此次回來台南向眾神為台灣人民祈福，也祈禱台南市四時無災、八節有慶，也祝福民眾馬年行大運；他特別提到去年美國關稅談判的艱辛過程及所獲得的成果。請繼續往下閱讀...賴清德說，美國關稅談判確實是艱難的工作，台灣對美國出銷非常高，2年前約739億元美金，日、韓都沒有這麼多，但他們的美國關稅卻相對低，去年進行關稅談判時台灣出銷已超過1500億元美金，一方面談判、一方面持續出銷，讓談判過程顯得更加艱辛，但經由政府談判團隊與業者共同合作，成績已經出來，對應關稅降到15%且不疊加，國際社會都很羨慕。賴清德提到，半導體等科技業台灣拿到全球最優惠待遇，農產品項目關稅也守住，例如美國的稻米、雞肉進來台灣都沒有降低關稅，對種稻米的農家或對養雞業都有幫助，其他多項農產品也都有守住，此外蘭花、吳郭魚銷到美國則是0%關稅。賴清德說，除了關稅部分，地方政府與中央合作建設地方，尤其是在台南市的建設成績有目共睹，過去8年感謝黃偉哲帶領團隊與中央合作建設台南，未來台南要繼續進步下去。回防台南拉抬民進黨2026年選情，總統賴清德前往麻豆代天府發放福袋。（記者王姝琇攝）    ,https://news.ltn.com.tw/news/politics/breakingnews/5345284
陳光復重摔昏迷 賴總統指示部會、院方全力救治,政治,2026/02/17 18:01,三總澎湖分院急診室湧入澎湖縣府一級主管，關心縣長陳光復病情。（記者劉禹慶攝）澎湖縣長陳光復今日大年初一參與春節表演活動時從階梯直接摔落倒地，頭部受到重創昏迷，目前緊急送醫搶救中，並後送高雄榮總。總統府稍早表示，總統於台南走春拜廟行程期間得知消息，第一時間立即致電了解病況，關心家屬，已請內政部、衛福部及高雄榮總醫療團隊，做好後送相關醫療準備。總統府發言人郭雅慧表示，總統於台南走春拜廟行程期間得知消息，第一時間立即致電了解病況，關心家屬，並且請澎湖三總務必全力救治，也請內政部、衛福部及高雄榮總醫療團隊，做好後送相關醫療準備，深切期盼祝福陳縣長早日康復。    ,https://news.ltn.com.tw/news/politics/breakingnews/5345280
初一宮廟走春「王不見王」 侯友宜、黃國昌、蘇巧慧同場不同框,政治,2026/02/17 17:37,新北市長侯友宜、民眾黨新北市長參選人黃國昌與民進黨新北市長參選人蘇巧慧，初一拜廟行程從上午到下午幾乎都重複，但時間都巧妙錯開。圖為侯友宜上午到板橋接雲寺參拜、發福袋。（記者羅國嘉攝）今（17）日是大年初一，各黨勤走宮廟參拜爭取支持。新北市長侯友宜、民眾黨新北市長參選人黃國昌與民進黨新北市長參選人蘇巧慧趁過年走春，今天分別在新北市新莊武聖廟、板橋接雲寺和慈惠宮等處拜年發福袋，三人拜廟行程從上午到下午幾乎都重複，但時間都巧妙錯開，形成「同場不同框、王不見王」的場面。侯友宜今天上午先到板橋慈惠宮、板橋接雲寺參拜並發放福袋後，繼續前往新莊慈祐宮與新莊地藏庵；黃國昌則是先前往新莊武聖廟後，接續前往新莊地藏庵、新莊慈祐宮，板橋慈惠宮、板橋接雲寺與板橋深丘福德宮，兩人行程「擦肩而過」，離最近的是在新莊地藏庵，黃國昌10時30分才離開地藏庵，侯友宜10時45分抵達。請繼續往下閱讀...而蘇巧慧在上午跟著總統賴清德，前往萬里忠福宮、昭靈宮發福袋及林口竹林山觀音寺，並在下午與前總統蔡英文到五股賀聖宮、板橋慈惠宮、板橋接雲寺參拜、發福袋；黃國昌下午2時35分離開板橋接雲寺，蔡英文與蘇巧慧在2時55分抵達，行程同樣巧妙錯開。民眾黨新北市長參選人黃國昌下午到板橋接雲寺參拜、發福袋。（記者羅國嘉攝）民進黨新北市長參選人蘇巧慧（前左）在前總統蔡英文（前右）陪同下到板橋接雲寺參拜。（記者羅國嘉攝）    ,https://news.ltn.com.tw/news/politics/breakingnews/5345249
總統賴清德嘉義發福袋祈福 萬人空巷展現超高人氣,政治,2026/02/17 17:36,賴總統牽著城隍廟榮譽董事長也是國策顧問賴永川的手緩援走進會場。（記者蔡宗勳攝）賴清德總統今天下午馬不停蹄前往嘉義城隍廟與朴子配天宮參香、發放福袋，兩地都出現萬人空巷熱鬧場面。賴總統強調，去年面臨中國威脅和美國對等關稅，但在大家打拚之下，台灣經濟成長率去年達逾8%，政府今年除繼續提升國防力量，也將擴大推動經濟建設和照顧人民。賴清德下午兩點抵達城隍廟，受到市長黃敏惠、立委王美惠等人接待。值得一提的是，賴總統牽著城隍廟榮譽董事長也是國策顧問賴永川的手，配合賴永川的腳步緩緩走進會場。城隍廟周邊被人群擠得水洩不通，外溢到東市場，場面壯觀。朴子配天宮場景更是誇張，不僅廟前廣場與開元路人潮爆滿，排隊領福袋人龍更從廟前的光復路沿著中正路排到文明路，再從中正、文明路口折返，長達3公里。請繼續往下閱讀...賴總統指出，今天站在這心存感激，感謝百工百業，也感謝全國的人民。大家都很用心、很打拚。雖然我們面臨中國的威脅，也面臨美國的預定關稅。但是我們去年的打拚，交出一張不壞的成績單。比方我們總體經濟，經濟成長率，第四季我們成長12.68%，去年全年我們成長8.75%。大家可能會覺得說這數字有什麼意義，沒有比較不知道啦，日本1%多而已，韓國也是1%多，美國去年經濟成長2%多。我們隔壁，我不要說什麼人，大家應該知道，4%多而已啦。賴總統表示，經濟越來越好，政府稅收會增加，將用在三大面向。首先提高我們國防力量，讓我們的國家更安全。其次擴大推動經濟建設，讓經濟更加進步，未來的經濟可以好上加好。最後就是要來照顧人民，從育嬰津貼、幼兒補助、高中職免學費，連續10年調高基本工資、軍公教經四度調薪合計14%等。賴總統牽著城隍廟榮譽董事長也是國策顧問賴永川的手緩援走進會場。（記者蔡宗勳攝）賴總統嘉義市城隍廟參拜、發福袋的唯一合照。（記者蔡宗勳攝）賴總統嘉義市城隍廟參拜、發福袋（記者蔡宗勳攝）賴總統嘉義縣配天宮參拜、發福袋，廟前萬人空巷的壯觀畫面。（記者蔡宗勳攝）賴總統嘉義縣配天宮參拜、發福袋，排隊人潮折返分成兩列。（記者蔡宗勳攝）賴總統嘉義縣配天宮參拜、發福袋，親切摸小朋友的頭。（記者蔡宗勳攝）賴總統嘉義縣配天宮參拜、發福袋。（記者蔡宗勳攝）    ,https://news.ltn.com.tw/news/politics/breakingnews/5345252
自由說新聞》藍白擋軍購業力引爆！「人神共憤」國眾兩黨慘了,政治,2026/02/17 17:36,全新的視界！新聞話題不漏接，快訂閱YouTube 【自由追新聞】，記得開啟小鈴鐺哦！    ,https://news.ltn.com.tw/news/politics/breakingnews/5345250
法鼓山除夕撞鐘手持紅繩狂抖 鄭麗文「神明感召」後再發文,政治,2026/02/17 17:25,鄭麗文在祈福時，手中握著的紅色繩子兩度「抖動」，相關影片掀起網友熱議。（擷取自法鼓山YT）國民黨主席鄭麗文昨（16日）深夜出席法鼓山撞鐘活動祈福儀式，手中紅繩在儀式中兩度劇烈抖動，詭異景象在網路上掀起熱議。鄭麗文上午聲稱，她強烈感受到神明的感召，回應她虔心祝禱；她下午又於臉書發文暢談參與法鼓山的敲鐘大典心得。鄭麗文指出，昨夜是她第一次參與法鼓山的敲鐘大典，現場極其莊嚴殊勝，春雨綿綿滋潤大地和人心，法華鐘聲更是承載眾人共發之大願，願新的一年祥樂豐足，世界和平。她有幸參與敲響最後三響鐘聲，圓滿108法華鐘響。與此同時，感受到大願之前、大法之下，所產生的巨大正能量。請繼續往下閱讀...「我體會到個人何其渺小和卑微，個人榮辱和得失因此顯得無足輕重，也從此面對任何困難，內心都將無比強大。」鄭麗文表示，再次與大家分享，昨夜她致詞時曾提到「以己為薪，以己為洲」，「以己為薪，薪盡火傳」，原出自莊子，她一直勉勵國民黨的同志，為了大道理想的傳承，奉獻一己之心力。鄭麗文續指，「以法為洲，以己為洲」則是佛陀涅槃之前對弟子的最後叮嚀，修法不外求，她也以此與大家共勉，不論是個人想要安住本心，或是為國家民族的未來，都不能依靠外人，只能反求諸己，並以正法為依歸，渡己渡人。鄭麗文強調，昨夜引起各界的關注與好奇，要特別跟大家說明，今天是大年初一，再次向大家拜年，新春恭喜，吉祥如意。    ,https://news.ltn.com.tw/news/politics/breakingnews/5345251
陳光復發紅包重摔昏迷 2026澎湖縣長選舉添變數,政治,2026/02/17 17:18,澎湖縣長陳光復今日上午先前往馬公城隍春節一條街發放民眾紅包，下午卻不慎從澎湖縣文化局演藝廳摔下階梯。（澎湖縣政府提供）2026百里侯爭霸戰開打，民進黨中執會月初甫通過提名澎湖縣長陳光復競選連任，陳卻於今日大年初一參與春節表演活動時，從階梯直接摔落倒地，頭部重創昏迷，目前緊急送醫搶救。此突發狀況也讓2026澎湖地方選舉再添變數。陳光復兒時被公雞抓傷左眼，當時因延誤就醫而感染失明，今日大年初一上午先前往馬公城隍春節一條街發放民眾紅包，稍事休息後，下午2時20分參加春節演出─舞鈴劇場《奇幻旅程》，下午3時致詞完畢，不慎從澎湖縣文化局演藝廳的階梯下台摔倒，以致頭部重撞昏迷，曾一度失去呼吸心跳，緊急送往三軍總醫院澎湖分院救治，並後送高雄榮總。請繼續往下閱讀...然而，面對年底地方大選，民進黨中執會2月4日通過提名澎湖縣長陳光復競選連任，當時兼任民進黨主席的總統賴清德親自披掛戰袍，並盛讚陳光復如同許多前往外地發展的澎湖人，展現出不屈不撓的精神。即便2018年競選連任失利，他仍持續為澎湖貢獻心力，2022年他再度當選後，拚盡全力為地方發展帶來改變。對此，民進黨中央稍早表示，今（17）日澎湖縣陳光復縣長因拜年行程期間失足受傷，目前正由醫療團隊救治中，祈願陳縣長一切平安，儘早恢復健康。    ,https://news.ltn.com.tw/news/politics/breakingnews/5345248
彰化南瑤宮抽出「小凶」人民籤 蕭美琴樂觀回應,政治,2026/02/17 16:21,針對記者提問彰化南瑤宮抽到的「人民籤」是「小凶籤」，副總統蕭美琴回應「大家都幸福平安，大家都平安快樂」。（記者張瑞楨攝）主祭媽祖的彰化市信仰中心南瑤宮，今天大年初一（17日）子時抽出俗稱國運籤的年度四季籤，南瑤宮管理人暨彰化市長林世賢分別抽出4支籤詩，包括代表整體年度運勢的「年冬籤」，被視為寒冬過去、困境即將解除，時機開始轉好，屬於「大吉籤」，但卻有「人民籤」、「六畜籤」，被解讀為「小凶籤」。今天到南瑤宮發紅包福袋的副總統蕭美琴，針對記者提問「人民籤」是「小凶籤」看法，她回應「大家都幸福平安，大家都平安快樂」。南瑤宮籤詩中，「年冬籤」象徵整體年度運勢，籤文「東風得解凍，先占洛陽春，玉骨冰肌潤，清風隔隴聞」，意指寒冬過去、困境即將解除，時機開始轉好，有否極泰來，時機轉好之意。生意籤籤文「草木枯還發，全憑造化功，莫愁去路遠，籍得一帆風」，意為枯木逢春、否極泰來、順風順水，低潮可能僅是暫時，最終會有順風助力，林世賢解讀為吉籤、大吉。請繼續往下閱讀...不過，人民籤、六畜籤卻被視為小凶，人民籤籤文「明珠失手中，美玉被塵蒙，卞和應難得，行人信未通」，籤意為目前運勢低迷、處於停滯、失落，或時運未到、強求無益，此籤跟去年的「六畜籤」相同；台灣去年出現非洲豬瘟，但最後是「逢凶化吉」。至於六畜籤，籤文是「作事未和同，焦心枉費工，魚游深潭曲，下網也成空」，意為目前因人不和、時機不對、環境不佳，焦急努力亦無成果，宛如魚躲在深潭彎曲處，撒網卻抓不到。針對「人民籤」被解讀為「小凶籤」，有媒體記者今天向蕭美琴詢問看法，她思考片刻後回應，希望「大家都幸福平安，大家平安快樂」。    ,https://news.ltn.com.tw/news/politics/breakingnews/5345211
中共已成麻煩製造者 林佳龍：台海穩定攸關全球！,政治,2026/02/17 16:02,外交部長林佳龍受訪時表示，中國已成為一個蓄意破壞兩岸現狀、並對愛好和平國家進行威嚇的「麻煩製造者」，台灣不升高衝突，但也不屈服。（資料照，記者田裕華攝）外交部長林佳龍近日接受美國《福斯數位新聞》獨家專訪時表示，中國已成為一個蓄意破壞兩岸現狀、並對愛好和平國家進行威嚇的「麻煩製造者」，台灣不升高衝突，但也不屈服。林佳龍近日接受美國福斯新聞數位版（Fox News Digital）專訪。該報導以「台灣不升高衝突，但也不屈服於中國威嚇」為題刊出，聚焦中國軍事擴張對印太安全的影響、台海戰略地位，以及台美安全與經濟合作等議題。請繼續往下閱讀...林佳龍指出，中國威權擴張行徑不僅直接威脅台灣的民主與安全，也對印太區域及全球和平穩定構成重大挑戰。去（2025）年6月，中國「遼寧號」與「山東號」兩艘航空母艦首度同時穿越第二島鏈並進入西太平洋活動，顯示其軍事擴張並非僅針對台灣，而是對整體區域安全格局帶來日益嚴峻的影響。林續指，中國已成為一個蓄意破壞兩岸現狀、並對愛好和平國家進行威嚇的「麻煩製造者」，他並強調「台灣不升高衝突，但也不屈服」。台海和平穩定攸關全球繁榮，全球約九成的先進晶片在台灣製造，約五成的世界貨運需經由台灣海峽通行，國際社會對台海安全的關注具有實質戰略意義。談及台美關係，林佳龍表示，川普總統於2025年1月展開第二任期後，與其第一任期的政策存在明確的戰略延續性，台灣將透過「價值外交」、「同盟外交」與「經濟外交」尋求與美國協調合作。他也提到，川普政府與美國國會持續展現對維護印太地區和平與安全的堅定承諾，近期公布的《國家安全戰略》（NSS）也強調台灣在連結東北亞與東南亞兩大戰區間的關鍵地緣戰略地位。林佳龍提及，川普政府提出的「人工智慧行動計畫」（AI Action Plan）強調AI發展的「創新、基礎建設及國際合作」三大要素，台灣正深化與美國在人工智慧、科技與供應鏈等領域的對接合作。另一方面，台灣近年持續擴大對美投資，顯示在全球供應鏈重組與科技競爭格局下，台灣企業理解投資美國所蘊含的巨大潛力。在安全合作方面，台灣感謝美國日益增加的軍事支持。林佳龍強調，美國於去年12月宣布對台110億美元軍售，美國國會也通過「台灣保證落實法案」，並於「2026會計年度國防授權法案」（NDAA 2026）中納入多項支持台灣安全的條文，展現跨黨派對台灣的安全承諾。林佳龍說明，台灣也正加速自身國防投資，賴清德總統去年宣布台灣今（2026）年國防預算提升至GDP 3%以上，並於2030年達到5%。儘管目前部分國防預算仍在立法院面對程序挑戰，但主要政黨均已公開支持深化與美國的安全合作與強化嚇阻能力。    ,https://news.ltn.com.tw/news/politics/breakingnews/5345208
法鼓山ThreadsPO鄭麗文「持繩抖動」影片 網朝聖「科學的盡頭是玄學」,政治,2026/02/17 15:44,鄭麗文在祈福時，手中握著的紅色繩子兩度「抖動」，相關影片掀起網友熱議。（圖擷取自法鼓山YT）法鼓山16日晚間舉行撞鐘祈福儀式，國民黨主席鄭麗文也出席儀式，敲擊最後3響，不過鄭麗文在祈福時，手中握著的紅色繩子兩度「劇烈抖動」，相關影片掀起網友熱議。法鼓山今（17日）凌晨在社群媒體Threads貼出「撞鐘108響」精華影片，片中也將鄭麗文「紅繩抖動」剪入其中，許多網友紛紛留言「朝聖」。法鼓山在Threads貼出影片，並提到2026法鼓山除夕撞鐘108響迎馬年，共同圓滿108響法華鐘聲，法鼓山方丈和尚果暉法師帶領貴賓與民眾一起發願「知福惜福，生活自豐足；感恩報恩，祥樂滿人間」。而在影片的最後，鄭麗文手持紅繩、紅繩「劇烈抖動」的片段也被剪入其中。請繼續往下閱讀...許多網友紛紛朝聖留言：「超好笑後面發抖那段也剪進去～」、「第108響，鄭麗文抓不住繩，一直很不安！這就是所謂神佛顯靈吧！」、「科學的盡頭是玄學，感謝法鼓山直播示範驅魔。」、「法華鐘聲是一面鏡子啊～」、「整個法會感覺心神不寧，一直東張西望。」、「連法鼓山也覺得怪怪的～」、「科學的盡頭，是玄學」針對紅繩「劇烈抖動」，鄭麗文今回應，她強烈感受到神明的感召，回應她虔心祝禱，「我心頭震動、感受強烈，誓願會善盡最大在野黨主席的責任，為人民好好監督執政黨，也祈求神明的引導保佑祝福。」     在 Threads 查看    ,https://news.ltn.com.tw/news/politics/breakingnews/5345198
卓揆宜蘭走春力薦林國漳  盼攜手陳俊宇、陳金德組「新鐵三角」,政治,2026/02/17 15:36,行政院長卓榮泰到宜蘭走春拜年，向民眾發送新年紅包。（記者王峻祺攝）行政院長卓榮泰今天在政務委員陳金德、政務顧問林國漳及立委陳俊宇等人陪同下，向宜蘭民眾拜年，並力薦要角逐縣長的林國漳，稱他是「十項全能」的人才，未來會攜手陳俊宇、陳金德組成「宜蘭新鐵三角」，全力對接中央與地方，共推宜蘭建設。卓榮泰今天下午到宜蘭市碧霞宮、礁溪協天廟參拜祈福，向鄉親拜年時介紹新任政務顧問、律師林國漳，強調林國漳過去一直扮演「調解者」角色，調解各類紛爭，現在準備從調解者轉變為「決策者」，已經做好完整規劃。請繼續往下閱讀...卓榮泰說，林國漳在文化、教育、藝術與法政領域，都有深厚貢獻，是一位「十項全能」的人才，理念是「宜蘭品牌，國際精選」，希望將宜蘭推向國際，不僅發展有機農業，更要讓有機產品進到校園營養午餐，進入老人的長青食堂，讓長輩和孩子都能吃得健康，同時主張動物友善養殖，接軌國際。他說，林國漳也會與陳俊宇一同努力，再加上政務委員陳金德，他常跟總統賴清德開玩笑說，陳金德快變成行政院的「工具人」，救災、風災、工程、賑災都要他衝第一，經驗非常豐富。未來陳俊宇、林國漳與陳金德將組成宜蘭的「新鐵三角」，共同為大家謀福利，讓國家更好、宜蘭更好、地方建設更進步。行政院長卓榮泰（前排右3）力薦政院顧問林國漳（前排左3），未來將與立委陳俊宇（左2）、行政院政務委員陳金德（左4）組「新鐵三角」，為宜蘭打拚建設。（記者王峻祺攝）行政院長卓榮泰（中）到宜蘭市碧霞宮參拜祈福。（記者王峻祺攝）    ,https://news.ltn.com.tw/news/politics/breakingnews/5345199
彰化南瑤宮發福袋 蕭美琴祈願台灣團結、繼續一馬當先,政治,2026/02/17 15:34,副總統蕭美琴人氣旺，開心與領紅包的民眾合影。（記者張瑞楨攝）副總統蕭美琴今天（17日）上午與下午先後到彰化縣大村鄉五通宮、彰化市南瑤宮發紅包福袋，中午在飯店用餐時，驚喜吃到「香菜全餐」。她今天下午於彰化市南瑤宮發紅包時，現場民眾大排長龍，針對今年的新願望，蕭美琴說，希望國泰民安，台灣在世界上繼續一馬當先，「真的很期待我們台灣團結，一起來為這個國家來努力、來加油」。蕭美琴今天下午一身米色俐落套裝，在國民黨籍彰化縣長王惠美、民進黨籍彰化市長林世賢，以及民進黨彰化縣長參選人陳素月、彰化市長參選人黃柏瑜（現任彰化縣議員）、立委黃秀芳、陳秀寳等民進黨籍公職陪同下，至彰化市重要信仰中心南瑶宮參拜，並發福袋紅包給民眾。請繼續往下閱讀...現場民眾大排長龍，且不乏幼童來排隊，身材不高的蕭美琴看到兒童來領紅包，主動彎腰蹲下，與兒童視線高度相同的位置，將紅包福袋交到手上，並祝賀新年快樂，此一細微動作顯得相當近人與貼心。記者向蕭美琴提問，新年有何新願望？希望賴清德總統執政團隊今年達到的重大目標為何？蕭美琴開心說，「希望我們國泰民安，台灣加油，台灣在世界上繼續一馬當先，盼望總統賴清德繼續帶領大家」，「真的很期待我們台灣團結，一起來為這個國家來努力、來加油」。蕭美琴彎腰蹲下，將紅包福袋送到小朋友手中。（記者張瑞楨攝）    ,https://news.ltn.com.tw/news/politics/breakingnews/5345196
走春送大紅包！卓揆宣布：政院同意宜蘭鐵路高架案,政治,2026/02/17 14:59,行政院長卓榮泰（中）宜蘭走春兌現承諾送大紅包，宣布原則上同意宜蘭鐵路高架案。（記者王峻祺攝）宜蘭縣重大交通建設「宜蘭至羅東鐵路高架化計畫」，日前送交行政院等候核定，行政院長卓榮泰8日承諾將在農曆年前做出最終決定；今天年初一卓揆至宜蘭市碧霞宮走春發紅包，當場兌現承諾「送給宜蘭人超大紅包」，宣布「行政院原則上完全同意這個案子，已經接續要做了！」卓榮泰說，不久前他跟立委陳俊宇、行政院政務顧問林國漳在宜蘭，關心一件大家非常關心的大事，就是宜蘭到羅東的鐵路高架化工程，從宜蘭、二結、中洲到羅東，這４個車站的鐵路高架化，宜蘭鄉親已經期待很久。請繼續往下閱讀...他表示，實地考察後，深感這項工程必須加快進行，因為這能減少許多平交道、地下道與陸橋，讓地方交通更順暢，特別是前往醫院就醫時會更加便利，因此在放春節的前一天，行政院原則上完全同意這個案子，已經接續要做了。卓榮泰說，但他也要拜託立委陳俊宇，行政院雖然同意，但立法院的預算如果沒過也動不了，所以有了計畫，還要有預算，等立法院預算通過後，我們就能最後確認預算排程，讓地方建設能有充足經費並負擔得起，中央與地方共同合作，把這件好事做好。卓揆也強調，宜蘭跟台北、新北、基隆，我們現在叫做「首都圈黃金廊帶」，要發展高科技、觀光、智慧農業，都要全部發展起來。而且宜蘭、花蓮、台東，是我們東部的慢活城鄉，交通當然要做好，所以高架化做完後，以後地方的發展，要如何改善、增加，一步一步我們都能做。    ,https://news.ltn.com.tw/news/politics/breakingnews/5345182
撞鐘「紅繩狂抖」鄭麗文稱神明感召 學者：法鼓山不是神壇也沒有乩童,政治,2026/02/17 14:48,鄭麗文在祈福時，手中握著的紅色繩子兩度「抖動」，相關影片掀起網友熱議。（圖擷取自法鼓山YT）國民黨主席鄭麗文昨（16日）除夕出席法鼓山撞鐘活動祈福儀式，儀式過程中手中紅繩兩度劇烈抖動引起網路熱烈討論，她稍早回應，「我心頭震動、感受強烈，誓願會善盡最大在野黨主席的責任，為人民好好監督執政黨」。對此，學者李忠憲表示，法鼓山不是神壇，也沒有乩童，「當宗教語言被引入公共權力場域時，值得思考的不是個人是否虔誠，而是政治人物是否清楚自己所處的位置」。李忠憲在臉書發文表示，鄭麗文解釋抖動的原因是「強烈感受到神明的感召」，然而，法鼓山屬於禪宗傳統。禪宗強調自我觀照、不執著於外相、不神秘化現象。如果將身體抖動解釋為神明感召，這種語言更接近民間宗教的詮釋方式，而非禪宗哲學的核心精神。請繼續往下閱讀...李忠憲指出，在佛教宇宙觀中，佛陀不是神，而是覺悟者。修行的重點不在於聽從神的指示，而在於觀照自心、覺悟無明。因此，佛教並沒有「神授政治正當性」的傳統，也不以超自然感應作為公共角色承諾的根據。李忠憲認為，原本只是網路上對國民黨不滿評論的穿鑿附會與象徵聯想，卻最終演變為在野黨主席以「神明感召」作出政治性回應。這種從象徵推演到神聖化的過程，恰恰凸顯了當代政治語言中理性與信仰邊界的混淆。他說，在民主制度下，政治正當性來自人民與制度，而非天命。當宗教語言被引入公共權力場域時，值得思考的不是個人是否虔誠，而是政治人物是否清楚自己所處的位置，以及所承擔的責任來源究竟為何。    ,https://news.ltn.com.tw/news/politics/breakingnews/5345163
賴清德、蕭美琴走春戰袍超吸睛 冠軍紅尬戰貓綠藏台灣精神,政治,2026/02/17 14:23,"賴總統換上喜氣十足的棗紅色「Team Taiwan」帽TEE，化身最強應援隊長、再現世界冠軍榮耀。（總統府提供）今天是農曆大年初一，總統賴清德與副總統蕭美琴分頭展開全台走春行程，為國人祈福、發福袋，兩人的穿搭也意外成為焦點，賴總統換上喜氣十足的棗紅色「Team Taiwan」帽TEE，化身最強應援隊長、再現世界冠軍榮耀；蕭副總統的特勤則身著「韌性貓T」傳遞專業低調的精神，增添不少話題性與親民魅力。賴清德今天走訪雙北、基隆、嘉義等地廟宇，身著醒目的棗紅色帽Tee，再次引發關注，據了解，這是繼黑色TEAM TAIWAN球員版帽TEE後，由中華職棒聯盟與總統府聯名推出的「TEAM TAIWAN ╳ 總統府聯名帽TEE」。請繼續往下閱讀...去年農曆年間，賴清德曾身著同款棗紅色帽TEE向國人拜年，引發球迷高度詢問與收藏意願。為回應期待，中職取得府方授權正式量產，以喜氣的棗紅色搭配金色繡線呈現總統府LOGO，同時採用與去年世界12強冠軍球員版同等級的彈性材質，質感升級、紀念價值滿點。除此之外，蕭美琴副總統的特勤所穿著的「韌性貓T」同樣吸睛，正面寫著「Team Taiwan」、背面字樣「Anping（安平）」則是台灣歷史起點的標記，代表「歷史在背後，榮耀在胸膛」；「韌性戰貓」的圖案，更象徵突破限制、彈性應變與守護先鋒的特質；顏色則選用戰術色彩中的「遊騎兵綠（Ranger Green）」，體現特勤專業低調的精神。副總統蕭美琴（中）今走訪台中及南投發放福袋，其特勤人員所穿著的「韌性貓T」同樣吸睛，正面寫著「Team Taiwan」、背面字樣「Anping（安平）」心。（記者張軒哲攝）    ",https://news.ltn.com.tw/news/politics/breakingnews/5345158
大年初一拜廟發紅包 陳其邁新年新希望：儘速通過總預算、軍購案,政治,2026/02/17 14:12,陳其邁（右）拜廟發紅包。（高市府提供）今天是大年初一，高雄市長陳其邁展開拜廟發紅包行程，他暢談新年新希望強調「兩岸和平、朝野和諧、政局穩定、經濟繁榮」，期待立法院朝野各政黨儘速通過福國利民的法案，包括總預算、軍購案等等。陳其邁表示，台灣面對國際局勢的挑戰，包括整個供應鏈的重組及地緣政治，「希望可以關關難過關關過，就好像關聖帝君一樣可以過關斬將、發揮正義的精神」，保佑台灣平安，經濟更加發展，不要有颱風進來，但是雨能夠平均下更多一點點，讓農民都能夠收穫滿滿。請繼續往下閱讀...陳其邁昨天走訪阿蓮區薦善堂、田寮區大南天福德祠、內門區內門紫竹寺及南海紫竹寺、旗山天后宮、美濃天后宮、旗山區鯤洲宮，祈求國泰民安、風調雨順、經濟繁榮，高雄四時無災、五穀豐收，並發送開運紅包。陳其邁提到，高雄與台南發展是一體的，現在台南沙崙發展非常快速，市府也在阿蓮區投入中路橋等改建工程及基礎建設。台39線往北連結台南已完成，往南未來也會通到橋頭科學園區。    ,https://news.ltn.com.tw/news/politics/breakingnews/5345161
新竹縣府3長加前縣長邱鏡淳   一早峨眉隆聖宮發開運紅包,政治,2026/02/17 14:00,新竹縣長楊文科（面對鏡頭左起依序）跟夫人甘秀美、以及副縣長陳見賢共同發放開運紅包給民眾。（記者黃美珠攝）大年初一，新竹縣政府「3長」加上前縣長邱鏡淳6人，湊成66大順的吉祥數字，今天一早率領縣府多名一級主管，分別到峨眉鄉的隆聖宮、知名地標天恩彌勒佛院，祈求新的一年風調雨順、國泰民安，並發送開運紅包給在場來客，祝福大家「馬到成功、馬上幸福、新年快樂」。縣長楊文科今天攜手太太甘秀美，跟2名副縣長陳見賢、徐元棟、縣府秘書長李安妤，以及同樣是峨眉子弟的前縣長邱鏡淳，6人一起在峨眉鄉跟鄉親拜年。隆聖宮一早就聚集千人大排長龍，從幼兒到高齡長者都有，為了就是想領來自「縣太爺」的好運紅包。請繼續往下閱讀...楊文科告訴鄉親，今年是他執政的最後1年，他會繼續「煞猛打拼」，跟縣府團隊持續努力。副縣長陳見賢則說，縣府近年投入資源改善峨眉鄉的道路、和公所新建工程等，對各地基層建設投資不手軟，縣府團隊會持續努力完成各項縣政藍圖，他祝福鄉親新年快樂、萬事如意。接著縣府團隊一行轉往楊隆茶行品茗、嚐桶柑，楊文科邀請全國遊客趁著年假還有好幾天，踴躍到新竹縣走春，好山好水好風光外，東方美人茶、正當時的各種特色柑橘，以及各鄉鎮特色產物，都是新年開春最好的良伴。新竹縣長楊文科（面對鏡頭左起依序）跟夫人甘秀美一起在隆聖宮發放新年開運紅包。（記者黃美珠攝）    ,https://news.ltn.com.tw/news/politics/breakingnews/5345155
馬英九春聯被指「藏頭尾」罵「擊八騮蟒」 粉專笑：疑書法老師自己人,政治,2026/02/17 13:47,前總統馬英九今年1月在臉書公布「馬年開運限定春聯」，印有他與夫人周美青署名，並開放民眾免費領取。（圖擷自馬英九臉書）前總統馬英九今年1月在臉書公布「馬年開運限定春聯」，印有他與夫人周美青署名，並開放民眾免費領取。對此臉書粉專「姆士捲」指出，馬英九的春聯疑似有「藏頭尾」，讓人「強烈懷疑書法老師是自己人」。今年1月2日，馬英九在臉書貼文中表示，馬年特別推出這款「SSR級・全方位物理性防禦結界」馬年開運限定春聯，今年貼這張，「效果絕對驫驫的」，且能引發神奇功效，包括「轉移長輩注意力避免遭碎念」、「偏財運微量爆擊」、「居家裝修美觀」等。請繼續往下閱讀...然而馬英九春聯內容，「八方風雨辭青蟒，擊壤歌衢望驊騮」，近日意外掀起討論。姆士捲16日在臉書發文稱，「剛剛有人跟我說馬英九的春聯有藏頭尾」，引發關注。有網友直指，「不只藏頭還藏尾，頭尾組合起來就是『擊八騮蟒』」，讓姆士捲幽默表示，「強烈懷疑書法老師是自己人」。網友見狀紛紛在姆士捲貼文下方留言，「他身邊都沒有人發現嗎」、「一直不小心看成八方雲集」、「不愧是台灣迷因之父」。也有網友驚呼，「我以為是AI，去馬先生粉專看，真的是原圖啊」。    ,https://news.ltn.com.tw/news/politics/breakingnews/5345087
預告修正民眾黨軍購版本  柯文哲：與美方溝通後有些該改進,政治,2026/02/17 13:42,台灣民眾黨創黨主席柯文哲說，綠藍白3黨應儘快將各自的軍購案付委，進入國會公開討論。（記者黃美珠攝）總統賴清德今天再度呼籲在野黨要為國家、民眾設想，儘快通過中央政府總預算跟國防特別預算，對此，早上人在新竹市開臺金山寺上香的台灣民眾黨創黨主席柯文哲說，最好的解決之道就是：民眾黨、國民黨、民進黨3黨的軍購案都儘快付委，然後在國會公開討論，盡速把這個問題解決掉。柯文哲說，2024總統大選時，他的政見就主張台灣的國防預算，應占GDP的3%以上，因為國家安全是需要花錢的，但他也希望這個花錢要花得有意義。請繼續往下閱讀...所以在新的會期，他認為該黨在黨主席黃國昌領導之下，會希望說國民黨趕快把他們的軍購案提出來，這樣的話，不管是民眾黨、國民黨、民進黨，每個黨的軍購案都可以在立法院討論。他再次強調，國防是要花錢的，但民眾黨也希望說不要亂花。每個政黨都是要為下一次的選舉努力，因此民眾黨認為這種國防預算的討論，可以在國會公開討論，讓大家來看哪一個是最好的。為此他主張，3個黨的軍購案可以儘快付委，不過民眾黨也應會再提修正案，因為他們在跟美方溝通以後覺得有些東西該再改進的，他們會改進。台灣民眾黨創黨主席柯文哲（前右3），今天在新竹市長高虹安（前右2）等陪同下到開臺金山寺上香祈福。（記者黃美珠攝）    ,https://news.ltn.com.tw/news/politics/breakingnews/5345128
大年初一 柯文哲領軍民眾黨大新竹趴趴走參拜祈福,政治,2026/02/17 13:36,新竹市長高虹安（右起往左）解說竹市開運小紅包的設計時，引發柯P忍不住轉頭細看一下。（記者黃美珠攝）今天是大年初一，台灣民眾黨創黨主席柯文哲先後偕同新竹市長高虹安、該黨新竹黨部主委邱臣遠、新竹縣議員林碩彥等該黨新竹地區各級民代、黨工們，在大新竹地區「趴趴走」拜廟，向所有民眾拜年道賀，並發放開運紅包等，祝福所有路過、走過、沒有錯過的民眾。柯文哲今天早上9點，先由邱臣遠陪同到新竹市香山區的新福源花生醬，了解做為竹市指標性的傳產業者目前的努力方向等，隨後轉往同區宮口街的明烈宮參拜。請繼續往下閱讀...約莫於11點40分抵達新竹市東區的開臺金山寺，跟新竹市長高虹安會合一起上香祈福，下午2點則將轉往新竹縣新埔褒忠亭義民廟參拜，5點半過後才又回到新竹市的年貨大街，跟所有市民們拜年。柯文哲說，他想提醒大家，竹市不是只有半導體科技業，還有很多傳產。目前國家經濟發展當中要特別注意，儘管表面上看起來我國的GDP成長了8%，但民眾的薪水並普遍沒有增加，所以在關注半導體產業外，也要關心一下傳產。高虹安則帶著市府的一元開運小紅包到達開臺金山寺，跟柯文哲一起分送給排隊等候的民眾。她說，大年初一，市府團隊一整天會到11間不同的廟宇發放前述開運小紅包。而這個開運小紅包，設計一匹可愛小馬上面有個錢幣，象徵一元復始萬象更新，大家馬上有錢、馬上發財；話落，一度引發柯P的好奇心，掉頭默默用眼神探究了一下。新竹市長高虹安（右2起依序）、台灣民眾黨創黨主席柯文哲、新竹市副市長邱臣遠今天一起參拜開臺金山寺。（記者黃美珠攝）新竹市長高虹安（左2起依序）、台灣民眾黨創黨主席柯文哲今天早上一起在開臺金山寺前發放開運小紅包。（記者黃美珠攝）新竹市長高虹安（左2起依序）、台灣民眾黨創黨主席柯文哲今天早上一起在開臺金山寺前發放開運小紅包。（記者黃美珠攝）    ,https://news.ltn.com.tw/news/politics/breakingnews/5345144
8名台星《春晚》同台 中國歌手牽台灣原住民兒童稱「回家」,政治,2026/02/17 13:36,中國《央視》2026年春晚，請來胡德夫、伊能靜等台灣藝人演唱《寶島戀歌》，伊能靜聲稱「中國台灣的朋友聽到會被感動」。（圖擷自微博）中國《央視》2026年春晚，請來胡德夫、辛曉琪、伊能靜、周傳雄、蘇有朋、侯佩岑、歐陽娜娜、陳立農等8名台灣藝人，演唱由多首台灣歌曲組成的《寶島戀歌》，伊能靜對此聲稱「中國台灣的朋友聽到會被感動」。伊能靜在春晚演出前，接受《央視》旗下影音平台《央視頻》的採訪，她表示自己20幾年前（實際為33年）就和蘇有朋在《央視》合作過，很懷念合作的感覺。對於這次所要演唱的《寶島戀歌》，伊能靜表示歌曲裡充滿思鄉之情。請繼續往下閱讀...除了上述8名台星，台灣還有張鈞甯在《央視》春晚伴唱《立春》、言承旭參與《智造未來》等節目。另外，中國歌手周深在演唱歌曲《吉量》時，身旁有56名男童女童、少年少女穿著傳統服飾，代表著56個民族，周深過程中特別牽著的女童來自台灣高山族。《吉量》舞蹈編導曹磊對此表示，56個民族的孩子集結在一起，本身就是民族大團結的最好展示，也是節目背後深藏的寓意．「我們特意把高山族的小朋友牽到隊伍裡來，預示著偉大祖國的繁榮統一」，從中可以看到中國將台灣原住民當成了統戰象徵。中國歌手周深在《央視》春晚牽著台灣高山族女童。（圖擷自微博）    ,https://news.ltn.com.tw/news/politics/breakingnews/5345105
藍營姐弟大年初一同框參拜 盧秀燕表態：支持國防預算,政治,2026/02/17 13:27,台中市長盧秀燕（右二），過年參拜宮廟祈福，也表態支持國防預算，守護台灣。（記者張軒哲攝）今日大年初一，立法院副院長江啟臣與立委楊瓊瓔一早就陪同台中市長盧秀燕向市民拜年，盧秀燕說，他祈求國泰民安、支持國防預算，保護台灣安全。江啟臣與楊瓊瓔競逐藍營台中市長出線，兩人「姐弟之爭」互動受到關注，大年初一上午在大里七將軍廟與西屯永安宮，盧、江、楊一起參拜祈福，但江、楊彼此並無交談互動。請繼續往下閱讀...楊瓊瓔與盧秀燕都穿紅色西裝外套拜年，展現好默契，被比喻穿姐妹裝。江啟臣與盧秀燕則同時抵達永安宮，盧秀燕緊牽著江啟臣的手走入廟內，展現兩人好交情，楊瓊瓔隨後抵達向，盧、楊兩人隨後又在潭子區潭水亭一起發新春小福袋。    ,https://news.ltn.com.tw/news/politics/breakingnews/5345140
賴清德肯定童子瑋有才華有理想  積極爭取基隆警察繁重加給,政治,2026/02/17 13:17,總統賴清德到基隆慶安宮參拜。（記者盧賢秀攝）總統賴清德今天到慶安宮參香祈福，他說，總統府率領團隊馬不停蹄認真打拚，地方也需要好的縣市長支持，他稱基隆市議長也是市長參選人童子瑋表現好、相當有才華，是對基隆有抱負、有理想、有方法的年輕人，呼籲民眾支持。基隆慶安宮榮譽主委童永是賴清德的舅舅，因此賴清德年輕時就經常到慶安宮拜拜，近年大年初一都到慶安宮參拜、發福袋。議長童子瑋是賴的姪子，獲民進黨提名參選基隆市長。請繼續往下閱讀...賴清德指出，童子瑋得到林右昌市長的真傳，對市政相當嫻熟，經常向中央提供建議、反映地方需求，尤其近期童子瑋積極向中央爭取基隆警察繁重加給，替基層員警發聲，展現了對第一線同仁的關心與行動力。童子瑋表示，大年初一能陪同總統到慶安宮向神明報告、為國家與人民祈福，深感榮幸。總統帶領中央執政團隊，面對國際局勢變動與全球經濟挑戰，台灣仍穩健前行，股市站上3萬3000點創下新高，展現了經濟韌性；同時完成台美對等貿易協定，平均關稅降至12.33%，為台灣產業爭取國際競爭的有利條件。童子瑋指出，過去賴清德擔任行政院長期間，積極協助基隆城市從港區建設、產業轉型到整體擘劃逐步升級，基隆辦城市博覽會時，賴總統講過「基隆的未來發展算他的一份」，協助基隆發展，未來他將持續爭取中央資源，推動港務升級、交通完善、產業轉型與高齡照顧政策，讓長輩安心生活、青年安心打拚。總統賴清德稱許基隆市議長童子瑋（左二）是非常有才華、有抱負、有理想的人，呼籲民眾支持。（記者盧賢秀攝）    ,https://news.ltn.com.tw/news/politics/breakingnews/5345135
賴清德肯定蘇巧慧當選新北市長可大展身手 蔡英文下午接棒相挺,政治,2026/02/17 13:12,總統賴清德萬里忠福宮參拜，稱讚蘇巧慧（右三）表現好，若當選新北市長可大展身手。（記者盧賢秀翻攝）總統賴清德今天一早回到老家新北市萬里廟宇參拜、發福袋，稱許民進黨新北市長參選人蘇巧慧，在國會表現好，如果當選新北市長她就能好好大展身手，新北市就會越來越發展。賴清德今天回到萬里老家忠福宮和昭靈宮參拜、發福袋，蘇巧慧和新北市議員張錦豪也陪同。賴清德說，蘇巧慧時常跟他反映意見，包括農保、國民年金、弱勢的照顧等，給他很多意見，她在國會表現好，如果新北市長給她做，她就能好好大展身手，議員也整隊出發，新北市就會越來越發展。請繼續往下閱讀...蘇巧慧受訪時表示，台灣這幾年在蔡總統和現在賴總統的帶領之下，其實經濟表現非常好，不但世界看見台灣，而且我們也看到台美關稅貿易談判也都非常的順利，我們期待能夠大家繼續一起努力。此外，下午前總統蔡英文也要幫蘇巧慧站台，蘇巧慧說，她和前總統蔡英文有非常好的互動，蔡總統在執政的時候，民進黨黨團也都和行政團隊一起努力，她相信未來和新北有這麼深厚淵源的蔡總統，一定也會常常到新北。另外，有意角逐新北市長的台北市副市長李四川也展開地方行程，有關藍白合的問題，蘇巧慧表示，新年期間大家到廟宇拜拜祈福都是非常自然、非常正常的事情，她除了來拜拜之外，在社群網路上，利用新年的期間，公布8支短影音影片「會做事、事做對」，就是希望利用各種方法讓民眾看到，蘇巧慧能夠利用新的方法來解決民眾需求，讓大家看到創新、溫暖、會做事的能力。蘇巧慧受訪時表示，會持續用創新的方式解決問題，帶動新北的發展。（記者盧賢秀攝）    ,https://news.ltn.com.tw/news/politics/breakingnews/5345106
為新北選戰暖身？李四川年初一起跑 侯友宜：一棒接一棒各個都是強棒,政治,2026/02/17 13:08,新北市長侯友宜（中）與立委洪孟楷（左紅衣）、葉元之（左2）上午到板橋慈惠宮與接雲寺參拜。（記者羅國嘉攝）今天2月17日是大年初一，新北市長侯友宜上午到板橋慈惠宮與接雲寺參拜，面對將參選新北市長的台北市副市長李四川已展開新北行程，侯友宜表示，李具城市治理經驗，過年向市民拜年是好事，盼新北「一棒接一棒、各個都是強棒」。至於湧蓮寺國運籤示警朝野不宜對立，他強調凡事以人民為先、團結合作，全力以赴讓國運更好。侯友宜指出，李四川對城市治理已經有非常多的經驗，那現在是過年，能夠出來和市民一起恭賀新禧、拜年、祝福，都是為新北市的未來會更好。大家一起互相加油、努力、打氣，希望新北市一棒接一棒，各個都是強棒，讓新北市大家都能平安健康、大賺錢，大家新年快樂。請繼續往下閱讀...至於昨晚蘆洲湧蓮寺國運籤抽中下下籤，指朝野不宜對立，推動政策需謹慎。侯友宜表示，國運籤是提醒，從政者凡事一定要把人民擺在第一個位置，然後要全力以赴，人民就是最重要考量，萬事全力以赴就能夠改變整個國運。所以從政者要記住，遇到什麼事情一定要人民第一，事情就會順利，他也呼籲，團結合作面對國家的挑戰全力以赴，讓國運越來越好。新北市長侯友宜上午到板橋慈惠宮與接雲寺參拜。（記者羅國嘉攝）    ,https://news.ltn.com.tw/news/politics/breakingnews/5345099
拜廟同框温世政！蕭美琴南投發福袋「超暖」爆人潮,政治,2026/02/17 13:05,副總統蕭美琴（左三）與民進黨南投縣長參選人温世政（左四）、民進黨南投縣黨部主委陳玉鈴（左起）、立委羅美玲到草屯發福袋，並高喊「凍蒜」期勉年底選舉旗開得勝。（記者劉濱銓攝）春節大年初一，副總統蕭美琴與民進黨南投縣長參選人牙醫温世政，今一起到草屯永和宮拜廟、發福袋，現場擠滿排隊人潮、人氣超旺，蕭美琴見到老幼民眾，還會特別彎腰寒暄發放，超暖舉動令民眾備感窩心。蕭美琴今一到永和宮就受到大批民眾夾道歡迎，在參香祈福過後，則與温世政、立委羅美玲、民進黨南投縣黨部主委陳玉鈴等人，發放她與賴清德總統的「七喜春來」一元福袋，民眾收到福袋開心不已，尤其蕭美琴看見長輩或幼童排領福袋，還會貼心彎腰寒暄慰問，讓民眾相當暖心，之後蕭美琴還與民進黨南投縣黨公職合影，並大喊「凍蒜」，期勉年底選舉旗開得勝。請繼續往下閱讀...温世政表示，今天凌晨他就參加南投廟宇的開廟門活動，之後再到草屯拜廟，尤其永和宮是草屯重要宮廟，今很開心能與副總統蕭美琴一起到他的家鄉發福袋，覺得非常有意義，未來他會繼續勤跑基層，了解民眾需求，尤其年底是重要一役，南投面臨老人化、少子化與垃圾問題，需要新的想法、技術來替民眾解決問題，他將深耕地方，對選情也非常有信心。副總統蕭美琴（右）與民進黨南投縣長參選人温世政（左）到草屯發福袋，吸引民眾爭相領取。（記者劉濱銓攝）副總統蕭美琴到草屯發福袋，遇到老幼民眾蕭美琴還會貼心彎腰寒暄，讓民眾感到相當窩心。（記者劉濱銓攝）副總統蕭美琴到草屯發福袋，遇到老幼民眾蕭美琴還會貼心彎腰寒暄，讓民眾感到相當窩心。（記者劉濱銓攝）    ,https://news.ltn.com.tw/news/politics/breakingnews/5345097
經濟成長優於日韓  賴清德：經濟發展好要擴大照顧全民,政治,2026/02/17 13:05,總統賴清德發福袋，民眾高興與他擊掌。（記者盧賢秀攝）總統賴清德今天回到新北市萬里老家及基隆慶安宮參拜祈福、發福袋，他表示，過去一年經濟成長表現比日韓都好，未來要照顧中小微企業、全民加薪、減稅，同時要擴大低收、中低收入、老農及國民年金層人員補助，經濟發展好，政府拿錢照顧民眾才有意義。賴清德今天馬不停蹄回到萬里老家忠福宮、昭靈宮，及基隆慶安宮參拜祈福、發福袋，並向舅舅慶安宮榮譽主委童永拜年，議長童子瑋、前內政部長林右昌等人陪同。請繼續往下閱讀...賴清德說，過去一年台灣的經濟成長不錯，比日韓都高，對美關稅談判也很順利，關稅15%不疊加，扣除一些免關稅的項目，平均下來大約是12%，股市表現也很好接下來要照顧中小微企業，幫助他們轉型、升級，讓他們有競爭力，大家有工作。其次要加薪與減稅，蔡英文總統與他任職的10年間，軍公教人員加薪4次，軍人的「特勤加給」安頓軍人，讓他們能好好守護國家，還有調高了警察的「勤務繁重加給」與「刑事加給」，另外也調高了勞工的基本工資。減稅的部分，包括個人減稅、家庭減稅，台灣有40%至50% 的人免繳所得稅，讓大企業賺錢，並以此照顧基層民眾。除了0到6歲國家一起養、 高中職免學費（公私立皆同）、 私立大學補助等福利政策外，今年還會增加補助低收入戶、中低收入戶、老農年金及沒有保國民年金的人員，發展經濟好，政府拿錢照顧民眾才有意義。    ,https://news.ltn.com.tw/news/politics/breakingnews/5345077
曾遭國民黨抹黑「恐怖份子」！NASA科學家郭正光：小草別再笨到來戰學歷,政治,2026/02/17 13:00,NASA科學家郭正光17日表示，愛台又受過高等教育的人非常多，「小草別再笨到來戰學歷」。（圖擷自郭正光臉書）現任台灣人公共事務會（FAPA）會長、曾任職美國國家航空暨太空總署（NASA）的知名科學家郭正光17日表示，這兩天因為「跟小草戰學歷」而受到很多「青鳥」的支持、感謝和稱讚，卻也讓他想起一件鮮為人知的往事。社群媒體Threads近日爆發學歷論戰，一名「小草」14日發文開嗆「青鳥」陣營報上國立大學博士學歷，意圖羞辱對方，未料意外釣出現年76歲的郭正光霸氣回應「你爺爺我就是台大畢業、在NASA上班的青鳥」，驚人背景引來逾萬網友朝聖按讚。請繼續往下閱讀...郭正光17日接著在Threads發文稱，他於1991年千方百計改名、改姓、易容和喬裝，才打破黑名單、成功闖關回台，雖然最終返美時在桃園機場遭識破，被抓去審訊，但因為是合法入境，在AIT（美國在台協會）干涉下郭正光當天就被釋放。郭正光說，返美後，一天1名美國國務院的安全調查人員突然到NASA找他，原因是國務院收到台灣政府來函，說郭正光參加恐怖組織「台獨聯盟」，是一名恐佈份子。調查人員接著詢問郭正光「台獨聯盟」是什麼樣的組織、目地為何？郭正光當時回應稱，聯盟中近400位成員都是台灣菁英，赴美國各州名校取得碩博士學位後，均為工程師、科學家，以及醫生、律師、會計師等，「我們（台獨聯盟）的目的就是要向台灣人民宣揚我們在美國享受到和學習到的自由、民主、人權，希望台灣人民站起來推翻台灣的獨裁政權。」郭正光說，他當下更直接向調查人員表示，「妳會相信美國大學訓練出來的高級知識份子，還是一個獨裁政權告訴妳的話？」結果，該調查人員聽後很滿意地告訴郭正光，「我相信你和你的戰友。歡迎平安歸國」（I believe in you and your comrades. Welcome back safely），事件就此平息。事後郭正光的同事們好奇詢問發生什麼事，郭正光轉述了闖關的故事後，從此多了一個綽號「Terrorist」，即恐怖份子。郭正光最後強調，「這個故事是想告訴青鳥們，像我這樣愛台又有受高等教育的人多的是；也要告訴小草別再笨到再來戰學歷！」     在 Threads 查看    ,https://news.ltn.com.tw/news/politics/breakingnews/5345003
何欣純初一走春祈福13宮廟 蕭美琴力挺台中欣欣向榮,政治,2026/02/17 12:46,民進黨台中市長參選人、立委何欣純（左）與副總統蕭美琴（中）17日於霧峰南天宮發送小紅包。（記者張軒哲攝）民進黨台中市長參選人、立委何欣純，大年初一子時起展開新春參香祈福行程，清水媳婦的何欣純首站先與中華職棒會長蔡其昌聯手在清水開基福德祠發送一元福袋，今（17）日清晨在大里瑞和宮與民眾互道新年祝福，接續前往霧峰南天宮，陪同副總統蕭美琴向媽祖祈求國泰民安、風調雨順、台中未來欣欣向榮。何欣純大年初一展開新春走春拜廟行程，預計走訪13間宮廟、橫跨八個行政區，遍及大半個台中，下午在大雅永興宮二度與蕭美琴合體參香祈福。何欣純說，一元福袋寓意「一元復始、萬象更新」，期盼為市民帶來平安順遂與好兆頭，展現中央與地方攜手為台中打拚的創新決心與行動力，新的一年她將持續傾聽基層心聲，凝聚市民力量，讓台中在產業發展、交通建設、教育文化與社會照顧上全面提升。她也祝福所有市民朋友新春愉快、闔家平安、百業興旺，在新的一年「欣」想事成、福氣滿滿。請繼續往下閱讀...何欣純也預告，賴清德總統（19）日大年初三上午將至台中參香祈福，歡迎市民朋友持續走春，一同來領總統紅包。    ,https://news.ltn.com.tw/news/politics/breakingnews/5345096
田秋堇談林宅血案如「往事再回首」 祈求台灣關關難過關關過,政治,2026/02/17 12:28,田秋堇今表示，當時受訪完回到宿舍，好像往事完全重新回來了，「40多年來的千迴百轉，好像壓在深海的底砂全部都浮上來了，壓也壓不住」。（資料照）「林宅血案」近期因電影《世紀血案》相關爭議再次引發社會議論，林義雄時任助理、監察委員田秋堇接受媒體人陳信聰節目《我想問的是...》專訪，重新訴說當初林宅血案的發生過程，長達兩小時的專訪在上線6天後，觀看數已突破83萬。田秋堇今（17日）凌晨在臉書發文表示，當時受訪完回到宿舍，往事完全重新回來了，「40多年來的千迴百轉，好像壓在深海的底砂全部都浮上來了，壓也壓不住」。田秋堇回憶，在蛇年快發生了預料不到的事，她在家裡摔了一跤、傷了肋骨、照了電腦斷層掃描，醫生說她必須進一步做穿刺，於是就做了超過10個鐘頭的手術、住院15天，幸好醫生說沒有擴散，不用進一步做化療。後續出院後正在趕著住院期間耽誤的幾個調查報告，又因為「世紀血案」不斷接到記者電話。田秋堇說：「本來只想簡單回應，但想來想去，覺得許多人似乎不太記得、或根本不了解過去發生的事，怎麼辦？有些事情我是不是應該要講一下？」請繼續往下閱讀...田秋堇提到，正當她和朋友們商量怎麼做比較好時，陳信聰打電話來，說就讓她一個人講，「講多久就可以」。田秋堇回憶，當她講完之後，問工作人員講了多久，工作人員說2個鐘頭，田秋堇心想：「天哪，講這麼久一定沒有人看吧？（一個老太太講四十幾年前的事，還講這麼久，會有誰想看？）」不過當時陳信聰對她說：「不會，會有人看的。」田秋堇表示，當她受訪完回到宿舍，是完全睡不著，「往事整個都回來了，40多年來的千迴百轉，好像壓在深海的底砂全部都浮上來了，壓也壓不住…好不容易迷迷糊糊睡著，鬧鐘又把我叫醒，打開手機就看到讓我不可置信的事情」。面對外界廣大回響，田秋堇說：「我只能說，除了感謝還是感謝，謝謝大家願意耐心看完這麼長的訪問，感覺自己好像『大濛』裡的阿月，只是把發生在我身上的故事講給大家聽而已，我只是時代的一個切片，這個切片僥倖逃過一劫，歷經多年，終於有機會可以跟大家說當時發生了什麼事。」文末田秋堇也許下新年願望：「蛇年已經結束了，馬年已經到來，希望未來新的一年，所有的朋友都身體健康，閤家平安快樂！我們的國家關關難過、關關過！」    ,https://news.ltn.com.tw/news/politics/breakingnews/5345075
黃國昌大年初一拜廟遇嗆聲 男子兩度狂酸「黃狗昌」、「美國人的爸爸加油」,政治,2026/02/17 12:27,民眾黨主席黃國昌今早前往新莊武聖廟，突遇紅帽男子嗆聲。（記者羅國嘉翻攝）民眾黨主席黃國昌今早前往新莊武聖廟參拜並發送福袋，不過活動過程出現突發插曲。一名持香參拜男子情緒激動，先當面辱罵「黃狗昌」，遭員警架離後，男子完成參拜又返回活動現場，高聲嗆聲批評黃國昌「擋國防預算」，並喊出「美國人的爸爸加油」，一度使現場氣氛緊繃。民眾黨主席黃國昌今天與同黨籍議員陳世軒一早到新莊武聖廟參拜並發送福袋，現場排隊人潮綿延。不過活動過程中，一名戴紅帽男子突然從旁衝出，先當面辱罵「黃狗昌」，雙方未發生正面對質，隨即遭員警架離。男子完成參拜後又返回活動現場，高喊「擋國防預算」、「美國人的爸爸加油」等語言，並對媒體表示「他兒子在美國，現在在這邊假仙假怪，牆頭草滾來滾去」，言詞激烈，引來不少民眾側目。請繼續往下閱讀...警方與隨行維安人員隨即上前勸導，將情緒激動者帶離現場，過程未發生肢體衝突，也未影響廟方正常參拜秩序。黃國昌也未對嗆聲內容當場回應，仍依原定行程完成祈福及發放福袋活動。＃民眾黨主席黃國昌今早前往新莊武聖廟，突遇紅帽男子嗆聲。（記者羅國嘉翻攝）    ,https://news.ltn.com.tw/news/politics/breakingnews/5345088
獨家》30載不斷！潘孟安福安宮「奉茶」 祈福人潮爆滿直呼：吃不消也甘願,政治,2026/02/17 12:18,潘孟安大年初一總是到福安宮奉茶。（記者蔡宗憲攝）今天是大年初一，國境之南陽光燦爛，全台最大的土地公廟車城福安宮湧入創紀錄的祈福人潮。在煙香繚繞與熱鬧的人海中，出現了一個熟悉的身影，總統府秘書長潘孟安依循長達三十多年的傳統，回到家鄉低頭為信眾彎腰奉茶，展現始終如一的作風。今年春節受惠於好天氣，福安宮從清晨起便被擠得水洩不通，參拜人潮一路蔓延到廟外廣場。即便身居要職，潘孟安依然換上輕便服裝，穿梭在人群中，將一杯杯象徵平安與福氣的熱茶遞到信徒手中。這項「奉茶服務」自他擔任民代、縣長至今從未間斷。請繼續往下閱讀...「新年快樂！喝杯平安茶。」潘孟安親切地與鄉親打招呼，不少民眾驚見「秘書長親自倒茶」，紛紛驚喜地停下腳步。由於今年人潮攀上新高，奉茶區的茶杯幾乎沒停過，潘孟安一站就是連續兩小時，手沒停過、笑臉也沒收過。面對洶湧而來的群眾，他一度笑著向身旁友人打趣直呼：「今年人真的多到驚人，站到腳都有點痠，真的有點吃不消！」但話語間仍難掩服務家鄉的熱忱。地方人士表示，潘孟安這份「奉茶情」維繫了三十多年，即便公務繁忙，大年初一一定會看見他出現在福安宮。這不僅是個人的堅持，更是與地方父老的情感連結。潘孟安強調，回到家鄉服務土地公與鄉親，是他每年開春最重要的儀式感，看到大家平安喜樂，再累也覺得甘之如飴。福安宮人潮爆滿。（記者蔡宗憲攝）潘孟安跟哥哥潘芳泉每年都到老家旁福安宮奉茶。（記者蔡宗憲攝）    ,https://news.ltn.com.tw/news/politics/breakingnews/5345072
和民進黨縣市長候選人一起祝賀新年 鄭麗君引關注,政治,2026/02/17 12:06,總統賴清德等府院黨領導人帶領民進黨縣市長候選人向民眾拜年。（圖擷自民主進步黨臉書）民進黨今（17日）大年初一在臉書PO圖，由總統賴清德、行政院正副院長等府院黨領導人帶領黨內縣市長候選人向民眾拜年，由於近來不斷傳出綠營可能派出行政院副院長鄭麗君參選台北市長，因此她特別受到關注。根據「民主進步黨」臉書貼文，可以看到圖片中第一排是正副總統賴清德、蕭美琴，以及行政院正副院長卓榮泰、鄭麗君和民進黨秘書長徐國勇，祝賀民眾「福氣加馬」。請繼續往下閱讀...一起向大家拜年的還有民進黨屏東縣長周春米、澎湖縣長陳光復、新北市長候選人蘇巧慧、台中市長候選人何欣純、台南市長候選人陳亭妃、高雄市長候選人賴瑞隆、基隆市長候選人童子瑋、宜蘭縣長候選人林國漳、苗栗縣長候選人陳品安、彰化縣長候選人陳素月、南投縣長候選人温世政、雲林縣長候選人劉建國、嘉義縣長候選人蔡易餘、嘉義市長候選人王美惠、台東縣長候選人陳瑩。鄭麗君雖然是排在府院黨領導人裡，但在一眾縣市長參選人簇擁之下仍充滿想像空間，不少民眾則直呼這就是「守護台灣的大團隊」、「一起團結為台灣加油」、「新年快樂」、「馬到成功」。    ,https://news.ltn.com.tw/news/politics/breakingnews/5345027
潘孟安返鄉秒變「人體導航」 隔空叫戰蔡其昌：屏東肉圓才是王道！,政治,2026/02/17 12:00,總統府秘書長潘孟安返鄉首站直衝市場買肉圓，並拿出環保餐具大口品嚐，大讚「家鄉味最療癒」。（圖擷取自潘孟安提供影片）春節返鄉潮，總統府秘書長潘孟安一回到家鄉屏東，就迫不及待展先「在地老饕」本色，搭車抵達屏東後秒變「人體導航」，熟練地指引助理穿梭市場巷弄，熟門熟路地擠進人潮，準確尋獲他心心念念的肉圓攤，買好上車也立刻大啖肉圓，並對常常「吹牛」台中炒麵多好吃的立法院副院長蔡其昌隔空嗆聲：「屏東肉圓才是王道！」潘孟安今年春節的返鄉行程相當「接地氣」，一抵達屏東，他就化身導航員，熟練地指引助理穿梭在街道中精準定位，馬不停蹄直奔菜市場，只見他熟門熟路地擠進採買人潮，準確地鎖定他心心念念的肉圓攤，提著熱騰騰的戰力頻上車時，潘孟安臉上掛著藏不住的笑意，展現出與平常嚴肅辦公室形象截然不同的庶民魅力。請繼續往下閱讀...上車後，潘孟安迫不及待拿出隨身攜帶的環保餐具，大口品嚐熱氣騰騰的屏東肉圓，他也對著鏡頭熱情推廣他的「南國美食清單」，屏東肉圓、萬丹飯湯、碗粿等在地庶民小吃，每一樣都是他返鄉必吃的「極品」。潘孟安也不忘點名好友蔡其昌常常吹牛台中炒麵多好吃、早餐必吃，並隔空反擊說，屏東肉圓有軟Q外皮與紮實內餡，美味無可取代，兩人跨縣市的「美食爭霸戰」也為春節增添了不少趣味話題。潘孟安不僅以行動支持在地小農與市場經濟，其「吃貨」實力更讓隨行幕僚十分驚訝，短短幾分鐘內，一份肉圓便已見底，他意猶未盡地直呼「這份量真的吃不夠」，隨即嚷嚷加碼，要立刻前往下一站搶購萬丹飯湯。「回到屏東，最療癒的就是這些家鄉味。」潘孟安感性地說，這不僅是味蕾的記憶，更是與這片土地連結的最佳方式，他也呼籲所有返鄉過年的鄉親，一定要趁這幾天出門走走，親眼看看家鄉這些年來的變化與進步，並好好享受與家人難得相處的時光，在家鄉的美食地圖中，找回最純粹的年味與親情。潘孟安沒幾分鐘就將肉圓一掃而空。（圖擷取自潘孟安提供影片）    ,https://news.ltn.com.tw/news/politics/breakingnews/5342968
除夕撞鐘「紅繩劇烈抖動」鄭麗文稱心頭震動、強烈感受神明感召,政治,2026/02/17 11:59,鄭麗文在祈福時，手中握著的紅色繩子兩度「抖動」，相關影片掀起網友熱議。（圖擷取自法鼓山YT）國民黨主席鄭麗文昨（16日）深夜出席法鼓山撞鐘活動祈福儀式，手中紅繩在儀式中兩度劇烈抖動，詭異景象在網路上掀起熱議。鄭麗文今日回應，她強烈感受到神明的感召，回應她虔心祝禱，「我心頭震動、感受強烈，誓願會善盡最大在野黨主席的責任，為人民好好監督執政黨，也祈求神明的引導保佑祝福。」國民黨表示，關於除夕夜在法鼓山撞鐘祈福儀式中鄭麗文主席手握紅繩劇烈抖動一事，原為鄭麗文主席與神明之間的互動，不足為外人道，但因眾多媒體殷殷垂問，特簡要回應。請繼續往下閱讀...鄭麗文說明，一向虔誠向佛，昨除夕夜在法鼓山撞鐘時，她誠心為台灣這片土地和人民祈願國泰民安、兩岸和平、遠離戰火，她強烈感受到神明的感召，回應自己虔心祝禱。鄭麗文稱，她心頭震動、感受強烈，誓願會善盡最大在野黨主席的責任，為人民好好監督執政黨，也祈求神明的引導保佑祝福。    ,https://news.ltn.com.tw/news/politics/breakingnews/5345082
立院新會期優先審議國防特別預算 黃國昌：盼理性立場審查,政治,2026/02/17 11:32,民眾黨主席黃國昌表示，強化台灣的國防實力、守護好台灣這個家園，一直是民眾黨非常重要的立場，並重申國防支出應達GDP3％立場，未來也將針對美方對台軍售與自主防衛需求，會站在非常理性的立場，針對台灣國防需要的部分，納入一併來加以審查。（記者羅國嘉攝）立法院正副院長韓國瑜、江啟臣昨（16）日發布聯合聲明，指出「立法院開議後，國防特別預算相關議案將會是最優先審議的議案」，對此，民眾黨主席黃國昌表示，強化台灣的國防實力、守護好台灣這個家園，一直是民眾黨非常重要的立場，並重申國防支出應達GDP3％立場，未來也將針對美方對台軍售與自主防衛需求，會站在非常理性的立場，針對台灣國防需要的部分，納入一併來加以審查。黃國昌今天與同黨籍議員陳世軒一早到新莊武聖廟參拜，接受媒體受訪指出，其實對民眾黨而言，他們對於強化台灣的國防實力、守護好台灣這個家園，一直是民眾黨非常重要的立場，這也是為什麼創黨主席柯文哲在2024年總統大選的時候，是率先提出國防的經費，必須要達到GDP3％的一位總統候選人。請繼續往下閱讀...黃國昌表示，其實今年台灣2026年一般的年度預算，我們的國防經費也高達了9458億，已經超過GDP的3%，不過對於美方他們對於台灣軍購、要銷售台灣武器的部分，針對美國國務院目前經過國會通過同意，所列出來的武器清單，也都納入了民眾黨所提出來的國防特別條例當中。當然未來如果美方有進一步的宣布，說台灣在自主防衛上面還有什麼新的東西，是已經經過國會同意要出售給台灣的話，那民眾黨也會站在非常理性的立場，針對台灣國防需要的部分，納入一併來加以審查。    ,https://news.ltn.com.tw/news/politics/breakingnews/5345061
鄭麗文法鼓山撞鐘「超自然抖動」 吳靜怡：國民黨母雞抖成這樣？,政治,2026/02/17 11:29,鄭麗文昨出席法鼓山撞鐘活動祈福儀式，手中紅繩在儀式中兩度劇烈抖動，詭異景象在網路上掀起熱議。吳靜怡質疑：「國民黨的母雞抖成這樣，這是神明給予的指示嗎？」（資料照）國民黨主席鄭麗文昨（16日）深夜出席法鼓山撞鐘活動祈福儀式，手中紅繩在儀式中兩度劇烈抖動，詭異景象在網路上掀起熱議。政治評論員吳靜怡（Grace Woo）在臉書發文質疑：「國民黨的母雞抖成這樣，這是神明給予的指示嗎？」吳靜怡提到，鄭麗文出現「非自然抖動狀態」，連一旁鄧家基也警覺有狀況，這樣的抖動引起網友議論紛紛，有人說是因為法器的關係，引鐘線先「超自然抖動」才會影響到持法器的人；也有人說，法華鐘聲是充滿佛法震攝的力量，不少人也關心鄭麗文的身心狀態，有可能心靈穿梭兩岸之間太過疲勞。請繼續往下閱讀...吳靜怡表示，鐘聲響起後詠唱的第一句就是「干戈永息 爭戰不起」，即是希望天下太平，戰事終止，人間長久和平，但一直不斷有人用武器威嚇台灣，代表戰爭有可能發生，只能加強備戰，才能避免戰爭！吳靜怡質疑，國民黨的母雞抖成這樣，這是神明給予的指示嗎？反關稅、反軍購、反總預算，新的年，國民黨真不要再繼續阻擋國家發展了，不然，戰爭真的來，國民黨扛得住嗎？不，只會抖，沒有武器也只能抖。吳靜怡最後也說：「中國是沒有宗教自由的，佛，或許也是慈悲的在提醒信徒們，請守住民主防線。」    ,https://news.ltn.com.tw/news/politics/breakingnews/5344973
自由說新聞》春晚又意淫台灣！台藝人排隊唱統戰組曲 這尷尬橋段中網罵翻,政治,2026/02/17 11:25,全新的視界！新聞話題不漏接，快訂閱YouTube 【自由追新聞】，記得開啟小鈴鐺哦！    ,https://news.ltn.com.tw/news/politics/breakingnews/5345059
藍營姐弟同框盧秀燕拜廟 江啟臣、楊瓊瓔透露新年願望,政治,2026/02/17 11:24,大年初一，立法院副院長江啟臣（左）與立委楊瓊瓔（右）一早就陪同台中市長盧秀燕於大里七將軍廟參拜。（記者張軒哲攝）大年初一，立法院副院長江啟臣與立委楊瓊瓔一早就陪同台中市長盧秀燕於大里七將軍廟向市民拜年，江啟臣今日指出，昨天他與立法院長韓國瑜有發表共同聲明，過年台中打造成旗艦城市，台海穩定；楊瓊瓔強調，未來若有機會承擔更大責任，將持續傾聽民意，整合各界資源，推動市政發展，打造更宜居的台中，讓市民生活更安心、便利。江啟臣與楊瓊瓔競逐藍營台中市長出線，兩人「姐弟之爭」互動受到關注，楊瓊瓔原本今日並未安排大里七將軍廟，但將首個拜年行程大雅永興宮提早於7點，8點於大里七將軍廟與盧、江一起參拜祈福。請繼續往下閱讀...江啟臣新春年節期間走春拜廟、發放「馬兄五吉」小福袋，他今日上午於豐原樂天宮表示，自己新年願望希望台中要更好，希望能將台中打造成旗艦城市，風調雨順靠老天，國泰國安要靠自己，他希望新年國家團結，社會和諧，台海關係自然就穩定。楊瓊瓔表示，今日走訪台中9區祈求12座宮廟神明庇佑新的一年國家風調雨順、國泰民安，台中市四時無災，市民朋友安居樂業。她也特地準備春節小紅包，分送給信眾互道新年恭喜，祝福鄉親新年平安順遂、身體健康、好運「馬」上來。立法院副院長江啟臣受訪，期盼新年將台中打造成旗艦城市。（記者張軒哲攝）立委楊瓊瓔（左）陪同盧秀燕於潭水亭發送新春小福袋。（記者張軒哲攝）    ,https://news.ltn.com.tw/news/politics/breakingnews/5345058
連任選舉暖身! 蔣萬安大年初一起三天北市宮廟走透透,政治,2026/02/17 11:23,台北市長蔣萬安今天起連三天，參拜各廟宇並發放紅包給民眾。（記者王藝菘攝）今（17）天是農曆大年初一，台北市長蔣萬安一早在臉書發布與副市長李四川的KTV開唱影片，並展開連3天的宮廟走春行程。他表示，已經提前陪太太回宜蘭娘家團聚，家人都體諒他今年行程比較緊湊，滿檔，年初二無法回去。他也預告，過年期間在他的社群會有一些小驚喜。蔣萬安在年假期間安排了三天行程，幾乎把北市的知名廟宇都走透；初一從台北市文昌宮出發，一路參拜廣照宮、艋舺龍山寺、臺灣省城隍廟、台北天后宮、台北霞海城隍廟、台北保安宮、覺修宮、景美集應廟、木柵忠順廟、指南宮。請繼續往下閱讀...初二將參拜士林慈諴宮、士林神農宮、芝山巖惠濟宮、石牌福星宮、北投慈生宮、北投慈后宮、台北市關渡宮、關渡玉女宮、台北葫蘆寺；初三到松山霞海城隍廟、台北府城隍廟、松山慈祐宮、松山慈惠堂。蔣萬安提到，連續三天走透透參拜北市各宮廟，祈求台北市四時無災、合境平安，沒有辦法陪太太回宜蘭娘家；但前幾天有先陪太太回宜蘭跟娘家團聚，他們也可以體諒今年行程比較緊湊，比較滿檔。最後他說，大家期待可以期待他的社群，會有一些小驚喜。台北市長蔣萬安今天起連三天，參拜各廟宇並發放紅包給民眾。（記者王藝菘攝）    ,https://news.ltn.com.tw/news/politics/breakingnews/5345010
鄭麗文除夕撞鐘「紅繩劇烈抖動」 馬英九當年曾直接拉斷,政治,2026/02/17 11:21,施景中今提到，鄭麗文這段經歷讓他想起前總統馬英九到法鼓山撞擊法華鐘時，結果紅繩斷裂。（中央社）國民黨主席鄭麗文昨（16日）深夜出席法鼓山撞鐘活動祈福儀式，手中紅繩在儀式中兩度劇烈抖動，詭異景象在網路上掀起熱議。台大婦產科名醫施景中今（17日）早在臉書發文提到，鄭麗文這段經歷讓他想起前總統馬英九之前到法鼓山撞擊法華鐘時發生紅繩斷裂情形。施景中在臉書分享網友「Kenny Chen」的臉書貼文，並提到鄭麗文手握紅繩時，紅繩真的自己在抖動，彷彿想要掙脫，她似乎也開始驚怕，心神不寧。施景中想起：「好多年前馬英九前總統除夕來此撞擊法華鐘，結果紅繩斷裂。這個法華鐘是佛門至寶，看起來非常有靈性。」請繼續往下閱讀...施景中許下新年願望：「願國民黨氣數快到盡頭，灰飛煙滅，才能安慰那些犧牲的台灣英靈，也才是台灣的福氣。新年新希望。阿彌陀佛。」文章下方也吸引許多網友留言：「紅繩想掙脫她的手，超明顯。」、「真的是很….不得不信啊！」、「真的動來動去的欸……」、「真的是嚇到了，不像裝的，馬英九當時也是花容失色。」、「好驚人！紅繩真的在抖動，桌上的部分也有抖。」當時身分為國民黨總統候選人的馬英九2008年7日在法鼓山撞鐘祈福時，則是不小心把繩子拉斷，有人解讀為「不祥之兆」，後續繼續走廟參拜的馬英九對此「意外」解釋說：「我是把台灣厄運拉掉，將來開運的時候已經到了。」馬英九在「2008除夕撞鐘祈福典禮」，敲響法華鍾，不過馬英九用力過猛將繩子扯斷，場面尷尬。（資料照）    ,https://news.ltn.com.tw/news/politics/breakingnews/5345012
李四川參選新北市長  蔣萬安聯動傳情「歌單」有彩蛋,政治,2026/02/17 11:16,蔣萬安與李四川在KTV挑戰中，展現默契。（截圖自蔣萬安臉書影片）台北市副市長李四川將於2月底請辭，3月投入新北市長選舉。過去被問到相關問題總以唱歌「甲你攬牢牢」回應的台北市長蔣萬安，今（17）在臉書等相關社群公布一段他與李四川「KTV」開唱專屬歌單的影片，蔣萬安唱出一路回應有關李四川參選問題的歌曲，最後還有彩蛋解密李四的拿手歌。蔣萬安在李四川宣布辭職的臉書貼文下留言「開放大家點歌」，他會在過年時間好好練歌，不少網友為他選歌。蔣萬安歌單今天在個人社群揭曉，包括「甲你攬牢牢」、「我願意」、「愛拚才會贏」、「告白氣球」等，李四川也唱了台語的「海波浪」， 兩人的互動相當有趣，蔣萬安難得公開展現活潑、動感的一面。請繼續往下閱讀...蔣萬安在影片中被問到是不是很喜歡唱歌時說「還好」，隨即被李四川吐槽「什麼還好！他時常唱歌啊～什麼還好」；對於常常以唱歌回應記者的追問，他說「音樂才能表達我真正內心的想法，只能意會，無法言傳」用歌聲代表他的心，李四川則在一旁說「有聽懂」。李四川也在臉書分享對兩人KTV對唱的心情說，蔣萬安每次對他的事，都用歌聲來回答，但他沒有市長的歌喉，無法用歌聲回應，但有聽懂意思，就像「連杯酒」的歌詞：「不管為什麼，不管什麼事，咱們在一起就是福氣呀！」。蔣萬安與李四川在KTV挑戰中，展現默契。（截圖自蔣萬安臉書影片）台北市副市長李四川初一凌晨到板橋後埔土地公廟拜拜，發了1000多個紅包。李四川提供）    ,https://news.ltn.com.tw/news/politics/breakingnews/5345052
李四川初一搶頭香赴板橋拜廟 黃國昌連跑6宮廟：雙方保持良好聯繫,政治,2026/02/17 11:07,民眾黨主席、新北市長參選人黃國昌大年初一一早展開新北宮廟參拜行程，17日將接連走訪新莊、板橋共6間廟宇祈福。（記者羅國嘉攝）民眾黨主席、新北市長參選人黃國昌大年初一大早展開新北宮廟參拜行程，今（17日）將接連走訪新莊、板橋共6間廟宇祈福；而對手、台北市副市長李四川今天一早也到板橋後埔土地公廟祈福，引發外界關注李在為新北選戰提前暖身。對此，黃國昌表示，雙方保持良好聯繫，認為民主政治應是理性、良性的君子競爭，盼透過競爭為新北市民組成最好的治理團隊。黃國昌今天與同黨籍議員陳世軒一早先到新莊武聖廟參拜，隨後再到地藏庵、慈祐宮，下午則會與新北市板橋區市議員參選人林子宇到板橋慈惠宮、接雲寺、深丘福德宮等廟宇祈福。會前被媒體問及李四川早上就清晨2點就現身在板橋的宮廟，也相當於李四川在新北第一個跑宮廟的行程，怎麼看李四川動起來了？請繼續往下閱讀...黃國昌指出，其實跟李四川彼此之間，都有很好的聯繫，昨天他也有跟李四川通電話，他們對於新北未來的整個願景、想法，也都敞開心胸，彼此願意交換意見。他覺得民主政治就是一場君子之爭，在好的、理性、良性的競爭下，幫新北市民組成一個最好的團隊，他相信這才是新北市民的福氣。他也祝福李四川離開台北市以後，接下來在新北市的行程都能夠順利。談到此次行程，黃國昌表示，今天大年初一，非常高興跟新北市在地的議員陳世軒一起來武聖廟參拜，那希望新的一年大家馬到成功，一馬當先，事事順利。那展望台灣未來新的一年，希望社會可以更祥和，那台灣大家共同努力，守護好這個美麗家園。民眾黨主席、新北市長參選人黃國昌表示，雙方保持良好聯繫，認為民主政治應是理性、良性的君子競爭，盼透過競爭為新北市民組成最好的治理團隊。（記者羅國嘉攝）    ,https://news.ltn.com.tw/news/politics/breakingnews/5345044
日本大胃女王偕賴清德開箱總統府 嗑100顆水餃樂喊「想住台灣」,政治,2026/02/17 11:00,總統賴清德邀請日本大胃王女星Angela佐藤與YouTuber Iku老師開箱總統府，並準備水餃款待。（總統府提供）台灣目前正值農曆春節，總統賴清德日前特別邀請日本大胃王女星Angela佐藤與日本YouTuber Iku老師，共同開箱總統府，一行人在總統府紀念品中心挑選創意小物，並互贈家鄉伴手禮，Angela也輕鬆完食賴總統準備的100顆水餃，並相約要再到夜市品嚐美食，展現台日緊密的友好關係。賴清德與兩位訪賓首先前往紀念品中心，賴總統以日文歡迎兩人到訪台灣，並自曝過去常在電視上看過Angela的節目，非常欽佩，能見到本人更是十分開心；Angela也說，能見到總統是她「活了50年來最開心的時刻，比大胃王獲勝還要更開心」。請繼續往下閱讀...為了推廣台灣特色，賴清德親自擔任導覽員，並挑選多項具台灣意象的伴手禮致贈，包括「未來做總統」筆袋、紅色漁夫帽、台灣造型菜瓜布、帆布袋、總統府茄芷袋及台灣帽T等；得知Iku老師育有1名5歲女兒，賴清德也特別挑選「未來做總統」包屁衣致贈，讓Iku老師直呼，「台灣的伴手禮，由台灣的總統來選，太厲害了。」隨後，三人轉往交誼廳一同享用象徵招財進寶的「元寶」，考量Angela的食量，賴清德特別準備100顆水餃款待，席間賴總統聊起過去曾造訪Angela的故鄉北海道，對當地海鮮與「白色戀人」餅乾印象深刻；Angela也準備一大袋北海道伴手禮，包括日本漫畫《黃金神威》聯名的紅豆麵包、白色戀人等，以及Iku老師在日本出版的「台灣華語教科書」；賴則以皮蛋口味的餅乾、總統府限定乖乖、鳳梨酥及烏魚子等台灣特色零食回禮。Iku老師提到，每當日本遭遇問題，台灣總是一直支持日本；賴總統回應，台灣也是一樣，無論是地震、颱風，日本始終支持著台灣，過去台灣鳳梨面臨外銷困境時，時任日本首相安倍晉三也全力推銷，這種深厚感情「就像家人一樣」。Angela表示，她想為台灣出一份力，吃遍台灣美食，並向日本的大家好好宣傳，賴總統也大方邀約，要在Angela訪台期間，招待她遍嚐9攤夜市美食，讓她興奮直呼「想要在台灣住下來」，談話的同時Angela也輕鬆完食100顆水餃，讓賴總統親眼見識她的驚人食量，最後，3人一同向觀眾拜年，祝賀新年快樂，氣氛溫馨和樂。Angela佐藤輕鬆完食100顆水餃。（總統府提供）賴清德親自擔任導覽員，並挑選多項具台灣意象的伴手禮致贈Angela佐藤與Iku老師。（總統府提供）    ,https://news.ltn.com.tw/news/politics/breakingnews/5342785
北市參拜祈福  卓榮泰：台灣形勢正好、百工百業順勢再衝一波,政治,2026/02/17 10:28,行政院長卓榮泰今天早上到木柵忠順廟參拜，表示台灣是正好的時候，今年順風、順勢，百工百業再衝一波。（台北市議員王閔生提供）今天是農曆年初一，卓榮泰今（17）早到台北市木柵忠順廟參拜祈福，對於規模1.25兆元的國防特別預算案仍卡在立院，還有台美貿易協定將在立院新會期排審，卓榮泰表示，希望國人能持續支持；去年一整年大家的努力，台灣無論內外，現在是正好的時候，今年順這個風，順這個勢，百工百業要再衝一波。卓榮泰今天一早到木柵參拜忠順廟，隨後還會參拜覺修宮、保安宮等廟宇，對於國防特別預算案仍卡在立院，還有「台美對等貿易協定（ART）」協議文本將在新會期送立法院審議，卓榮泰受訪表示，希望國人能持續支持，他在新春期間會到各大寺廟祈求上天的庇佑，讓台灣能風調雨順。請繼續往下閱讀...卓榮泰也提到，去年一整年大家都很努力，讓台灣現在是正好的時候，無論對外或內部的經濟發展，今年順著這個風，順著這個勢，百工百業要再衝一波，大家幸福美滿。    ,https://news.ltn.com.tw/news/politics/breakingnews/5344996
蕭美琴初一發馬年紅包 霧峰千人大排長龍,政治,2026/02/17 10:04,副總統蕭美琴（左二）與立委何欣純（左一）發送馬年小紅包給幼童。（記者張軒哲攝）今日大年初一副總統蕭美琴上午到台中市，於霧峰南天宮發送幸福小紅包，台中市長參選人立委何欣純陪同參拜阿罩霧媽祖，兩人展現高人氣，吸引約千人大排長龍，廟內外滿是人潮，展現馬年熱鬧氛圍。蕭美琴繼去年初一早上到梧棲浩天宮，今年新年首日再度到訪台中，今天上午約9點抵達南天宮，先由何欣純陪同入廟參拜。何欣純與蕭美琴祝福民眾馬年新年快樂，隨後在廟埕發紅包。何欣純表示，感謝南天宮管委會，更感謝蕭美琴副總統再度於新年首日來到台中發紅包，跟鄉親拜年。請繼續往下閱讀...大年初一台中上午冬陽煦暖，霧峰與大里地區許多民眾全家來排隊領總統府紅包，增添喜氣。蕭美琴微笑向民眾拜年，隊伍有老人跟幼童排隊，蕭美琴頻頻彎腰發送，關心祝福多名銀髮族健康，讓霧峰民眾直呼副總統親切貼心。副總統蕭美琴（左二）與立委何欣純（左一）發送馬年小紅包給霧峰民眾。（記者張軒哲攝）    ,https://news.ltn.com.tw/news/politics/breakingnews/5344986
出席法鼓山除夕撞鐘  鄭麗文「持紅繩劇烈抖動」畫面網熱議,政治,2026/02/17 09:25,鄭麗文在祈福時，手中握著的紅色繩子兩度「抖動」，相關影片掀起網友熱議。（圖擷取自法鼓山YT）除夕撞鐘「紅繩劇烈抖動」鄭麗文稱心頭震動、強烈感受神明感召鄭麗文除夕撞鐘「紅繩劇烈抖動」 馬英九當年曾直接拉斷請繼續往下閱讀...法鼓山16日晚間舉行撞鐘活動祈福儀式，晚間9點30分舉行除夕撞鐘祈福，由總統賴清德與方丈和尚果暉法師、副住持果醒法師、果品法師共同敲擊前3響。後續國民黨主席鄭麗文於深夜也出席儀式，敲擊最後3響，不過鄭麗文在祈福時，手中握著的紅色繩子兩度「抖動」，相關影片掀起網友熱議。鄭麗文與方丈和尚果暉法師、環境部長彭啓明、考試委員鄧家基等人共同敲擊最後3響。然而鄭麗文在等待敲鐘時，手中紅繩突然震動，鄭麗文則是緊抓著紅繩、不讓紅繩脫手，隨後撥頭髮、不斷換手交握紅繩。在鐘聲敲下第108響之後，鐘聲餘音環繞，突然間鄭麗文手中紅繩又再度震動，讓旁邊的鄧家基嚇了一跳。鄭麗文的「紅繩抖動」也在社群媒體上掀起一波討論，許多網友在Threads相關貼文底下討論：「她前面就有一點點抖，108下敲完抖到嚇到隔壁的鄧家基，然後後面也還在微微抖，所以她才一直撥頭髮要來掩飾。」、「各位仔細看鄭麗文手上的紅繩，不是她抖，是那條紅繩先抖耶。」、「繩子抖超怪......」、「是繩子動了，所以鄭才嚇一跳。」、「真的應驗了『人在做，天在看』這句話。」、「我盯著畫面重複看了很久。那條繩子是桌子那邊抖動。不是手抖動導致繩子抖動。」    ,https://news.ltn.com.tw/news/politics/breakingnews/5344952
刑警張伊君勇敢跨界 轉任資策會AI總監,政治,2026/02/17 09:18,前警政署保三總隊刑事警察大隊隊長張伊君曾獲「單車美型女」冠軍，憑藉台大博士高學歷和科偵能力，跨界轉職資策會成為人工智能研究院總監兼智慧城市與安全中心主任。（張伊君提供）前保三總隊刑事警察大隊長張伊君靠著台大博士學歷及科偵能力，今年跨界成為資策會人工智慧研究院總監；曾獲「單車美型女」冠軍的她一鳴驚人，首戰就拿下智慧交通標案大單。從警19年的張伊君長期從事刑事工作，熱愛運動的她曾代表所屬自行車隊參加雜誌社舉辦的「單車美型女」選拔活動，憑藉健康亮麗外型奪冠；好學的她不斷在職進修，順利取得台灣大學資管系博士學位。請繼續往下閱讀...張伊君擅長科技辦案，近年陸續偵破北投溫泉偷拍案和演唱會黃牛集團等案，去年中升任保安警察第三總隊刑事警察大隊大隊長，年底即申請提早退休，今年元月轉任資策會人工智慧（AI）研究院總監，引發各界關注。張伊君告訴中央社記者，這次跨界轉職契機，是透過友人引薦認識資策會人工智慧研究院長戴偉峻，在得知她學歷背景和職業後，認為有助單位在AI領域的拓展，雙方經會談3次後敲定合作。過去也曾面臨科技業和學界挖角，但張伊君表示，因熱愛警察工作而持續待在警界服務，進入保三後也已擬定工作計劃，希望提升隊上科偵能力，沒想到計劃趕不上變化，還沒看到執行成果就離開，「畢業」當天還不捨在隊上落淚。談到這次動念轉職原因，張伊君認為，警察工作不脫偵查案件和給予相關機關治安建議；但資策會向來為政府顧問角色，協助機關推動數位政策發展和產業轉型，加上適逢AI新浪潮，工作面向更高、更廣也更深，可以走在科技的前端，人生下半場希望可以做不一樣的事情。她提到，面對新職挑戰也有焦慮，因為是全新單位，工作內容和接觸面向都和以往不同，除要研究AI發展、協助單位導入使用，從無到有建置和應用，還要負責提案、投標評選，自然也有業績壓力，和警察偵查工作完全不一樣。張伊君笑說，到新單位第2週就率隊提案簡報，並一舉順利取得逾新台幣3000萬元的標案，主要內容是推動智慧城市的智慧交通，透過團隊先前努力耕耘，自己上任後也戮力完成，這個成果帶來滿滿成就感。她認為，警界工作訓練可建立強烈責任心和執行力，且不分日夜、使命必達，各種場面和危機應對處理都可游刃有餘；只要自己想清楚，機會來了就勇敢轉身，但也要有心理準備面對辛苦的挑戰，家人和另一半都支持她開拓不同視野。張伊君為台大資管系博士、中央警察大學交通管理所碩士、台北大學經濟系畢業；曾任國道公路警察局巡官，警政署刑事局資訊科偵查員、公關室股長、預防科股長、偵查第九大隊隊長、警政署保三總隊刑事警察大隊大隊長。張伊君另曾任海巡署特考班授課講師、移民署犯罪偵查授課講師、國家安全特考班授課講師，以及警政署警正班、警佐班、特考班講師，中央警察大學刑事警察系兼任助理教授。    ,https://news.ltn.com.tw/news/politics/breakingnews/5344936
「AI原住民」力挺高金素梅 伍麗華：中共網路戰常見手法,政治,2026/02/17 09:11,高金素梅涉嫌利用人頭詐領助理費遭偵辦．網路上旋即出現「AI原住民」發聲力挺高金。（圖擷自伍麗華臉書）無黨籍立委高金素梅涉嫌利用人頭詐領助理費遭偵辦．網路上出現不少大量自稱為某某族的「AI原住民」發聲力挺高金並嗆聲「下架民進黨」。對此，民進黨山地原住民立委伍麗華直指這是「中共網路戰常見手法」。伍麗華今（17日）在臉書表示，AI就像是孩子，需要學習、不斷給它餵資料．如果大數據資料本身就充滿了過去歷史對原住民族的歧視，那麼AI生成的內容就會是「自動化的歧視」；如果資料是錯誤的，那麼AI就會複製錯誤的答案。請繼續往下閱讀...伍麗華說，這次有大量網軍利用AI生成「我是XX族，我挺OOO」．但這些「AI原住民」穿著的根本不是各族傳統服飾，造成張冠李戴、扭曲文化的現象，更嚴重的是在大量網軍餵進去錯誤資訊後，會讓AI學習起來並繼續複製錯誤。伍麗華指出，這種利用網軍一次性大量生成「模板文章」，然後同時發布、製造輿論、帶風向誤導視聽，是近年來中共網路戰常見的手法，而這次針對台灣原住民的行動影響更是非同小可，因為世界上關於台灣原住民的網路資料本來就很少，如今更要面臨中共網軍所帶動的「虛假原住民言論」。伍麗華表示，為了應為這種危機，在去年底完成三讀的《人工智慧基本法》裡，她的版本特別要求「網路資料要能查核事實」、「AI生成的資料要標示出來」，並呼籲真正的原住民上去網路發聲，讓「真實」被看見。    ,https://news.ltn.com.tw/news/politics/breakingnews/5344953
初一龍山寺參香 賴清德籲朝野開議後速審國防預算、總預算,政治,2026/02/17 08:45,總統賴清德今日率領民進黨秘書長徐國勇、黨籍立委吳沛憶、議員洪琬臻等人前往艋舺龍山寺參香、發放福袋。（記者王藝菘攝）總統賴清德今日率領民進黨秘書長徐國勇、黨籍立委吳沛憶、議員洪琬臻等人前往艋舺龍山寺參香、發放福袋。賴總統除了向民眾拜年外，也特別向朝野喊話，在立法院開議後，趕緊通過國防預算、國家總預算。賴清德發表談話時首先向民眾拜年，他全程以台語發言，表示自己很開心再次來到龍山寺參拜，為台灣祈福，同時向國人拜年，他祈求觀音佛祖大展神通、聞聲救苦，保庇台灣國泰民安、風調雨順；祈求觀音佛祖保庇台北市、全台灣四時無災、八節有慶，善男信女闔家平安；三求所有善男信女新的一年，馬年走大運馬上發財。請繼續往下閱讀...「今年工作最主要就是運用過去一年各行各業的認真打拼、全國人民努力的經濟成果，繼續拚經濟！」賴清德說，台灣去年經濟成長率非常好，股票表現也非常好，我們一定要把握這基礎繼續發揮下去。賴清德強調，經濟好，就要通過國家總預算，讓經濟更有力量進步、讓政府更有力量把人民照顧好；國防預算也一定要通過，因為國家賺再多錢，若沒有國防保護國家安全，這樣的話賺這個錢就算不夠安全，所以希望朝野為國家、人民設想，立法院開議後，趕緊通過國防預算、國家總預算。總統賴清德今日率領民進黨秘書長徐國勇、黨籍立委吳沛憶、議員洪琬臻等人前往艋舺龍山寺參香、發放福袋。（記者王藝菘攝）    ,https://news.ltn.com.tw/news/politics/breakingnews/5344938
誠實面對人民需求！賴瑞隆籲在野百里侯選將  支持總預算付委,政治,2026/02/17 08:20,藍白拒審今年度中央政府總預算案，民進黨立委、高雄市長參選人賴瑞隆喊話，有志參選地方首長的委員，應該把地方建設與民生需求放在黨團算計之前，讓總預算付委審查。（資料照）今年度總預算遭藍白惡意杯葛已逾五個月，創下預算會期不審預算的憲政惡例；面對九合一大選壓力，國民黨卻選擇提出七一八億元的新興計畫動支案，為自己拒審總預算開脫。民進黨立委、高雄市長參選人賴瑞隆喊話，有志參選地方首長的委員，更應該把地方建設與民生需求，放在黨團算計之前，讓總預算付委審查。賴瑞隆指出，國民黨此舉，恰好凸顯他們顯然已意識到中央政府總預算，對於民生政策推動與地方建設的重要性。在野黨一邊杯葛總預算依法付委審查，一邊又高舉「關心民生」的旗幟，但其實真正負責任的做法，是讓總預算案付委審查，有任何建議皆可共商，而不是破壞制度、沒收討論機會。請繼續往下閱讀...賴瑞隆續指，從頭到尾，正是藍白拒絕依法審查總預算，才會把TPASS等推到斷炊邊緣，北北基桃的首長卻又企圖把責任推回中央，無異於作賊喊捉賊。他及多位高雄民代先前示警，總預算被卡恐影響「大林蒲遷村」等重要建設，國民黨置之不理，突顯出藍營對南北建設的重視落差。國家預算是一個環環相扣的整體。賴瑞隆強調，國防預算關乎國家安全，亦與穩定的經濟發展民生息息相關；而若基礎建設預算無法通過，各縣市建設就會受影響，最終是人民的生活品質受影響，藍營把預算切割處理，不只是技術問題，而是對國家治理的嚴重衝擊。賴瑞隆呼籲，所有關注國家發展、南部權益的在野黨立委，誠實面對人民需求，只要願意讓總預算回到正常、合法的審查程序，不分黨派，他們都樂觀其成。    ,https://news.ltn.com.tw/news/politics/breakingnews/5341623
新會期擬續卡總預算！藍白同聲要政院先編足軍警預算,政治,2026/02/17 08:15,立法院國民黨團書記長林沛祥受訪認為，民進黨政府用違法的預算，強迫立法院背書，這才是當前總預算最大爭議之所在。（資料照）行政院去年八月底將今年度中央政府總預算案送進立法院，遭藍白立委持續杯葛遲未能付委審查，面對年底地方大選壓力，國民黨選擇提出攸關TPASS等規模七一八億元的新興計畫動支案，做為拒審總預算的解套方案，並揚言會將該案列為開議後優先議案。今年度中央政府總預算案送到立法院已逾五個月，原本的預算會期不但未完成審議，更連付委審查都沒辦法完成，創下憲政史首例。藍白「卡」總預算，卻又提出新興計畫動支案，建請立法院同意先行動支其中卅八項新興計劃、七一八億元預算，於上會期交付協商。請繼續往下閱讀...國民黨表示，總預算案之所以卡關，始作俑者就是傲慢、違法的賴清德政府。立法院早已三讀通過軍人加薪、提高警消退休金等修法，但行政院竟公然無視法律，拒絕編列相關法定預算。國民黨呼籲解鈴還須繫鈴人，行政院盡速依法編列預算，將該給人民的錢補足。黨團書記長林沛祥表示，立法院依法三讀通過多項攸關軍公教、警消、基層公務人員權益法案，這些法律明文規定政府應負擔的給付與制度責任，行政院卻在編列年度總預算時選擇性忽視、刻意不編，形同架空國會、踐踏法治。行政院一邊不依法編足經費，另一邊卻把責任推給立法院，指控在野黨「刪預算、擋預算」，實際上卻是民進黨政府用違法的預算，強迫立法院背書，這才是當前總預算最大爭議之所在。林沛祥說，三讀通過的法律具有最高拘束力，行政院沒有選擇性執行的空間。不編列法定支出預算，就是違法編預算，立法院不可能也不應該為此背書。賴清德總統若真心尊重憲政體制，就應要求行政院依法重編預算，而不是把政治壓力丟給立法院、丟給立法院長韓國瑜。行政院請先把預算編合法、編完整，立法院自然可以理性、快速審查。民眾黨團總召陳清龍也附和說，行政院必須將立院三讀通過的軍警消待遇依法編列預算，只要政府承諾落實軍警消權益、將預算編足，即可付委審查。至於國民黨七一八億元的新興計畫已在上個會期逕付二讀，民眾黨團沒有阻擋，反而是民進黨有意見，是否審議要看民進黨團於新會期中如何決定。    ,https://news.ltn.com.tw/news/politics/breakingnews/5340341
籲選民向藍白委喊話！吳思瑤：台灣要好過年、總預算一定要過,政治,2026/02/17 08:10,今年度中央政府總預算案卡關近半年，民進黨立委吳思瑤呼籲民眾能在春節期間向藍白立委傳遞「台灣要好過年、總預算一定要過」的聲音。（資料照）今年度中央政府總預算案遭藍白惡意杯葛已逾五個月，創下「進入新年度仍未付委」的憲政惡例；然而，面對九合一大選壓力，國民黨選擇提出七一八億元的新興計畫動支案，為自己拒審總預算開脫。民進黨立委吳思瑤說，民進黨會在新會期強化遊說，也呼籲民眾能在春節期間向藍白立委傳遞「台灣要好過年、總預算一定要過」的聲音，當人民的聲音夠大，民進黨在後續的溝通會更有加成的作用。吳思瑤指出，現在離選舉越來越近，欲參與年底地方縣市首長選舉的立委或是區域立委都會回到選區，一定都會感受到民意的壓力。民意希望總預算要過、民意希望軍購條例要過，更希望台美貿易協定國會要過，過年回到選區拜年、走訪基層時一定會強烈的感受到選民的心聲。請繼續往下閱讀...「民意代表會感受到壓力，更何況是要選舉的人，民眾黨新北市長參選人黃國昌近期拜票時不就被嗆了嗎？」吳思瑤直言，這些藍白參選人一定會被該縣市的市民來挑戰，質問他們為何要擋總預算，要參選的人，所承受的壓力巨大。吳思瑤表示，民意是最強大的力量，這段時間是選民們最有機會看到立委、市議員們，她號召大家一同向選區的立委、議員詢問「為何要擋軍購、為何總預算不審查？」這些民意對於擋預算的藍白立委都會形成巨大的壓力。她認為，藍白有選舉需求的人都會慢慢的鬆動，這不是現在才發生的事，對於國民黨團總召傅崐萁的路線，許多有志於問鼎地方縣市首長的國民黨立委早已不以為然。民進黨當然也希望能強化這些遊說及溝通，正所謂「民氣可用」，新會期他們一定不會放棄這個機會，也希望人民幫國家的忙，選舉的人需要選票，當人民的聲音夠大，民進黨在後續的溝通會更有加成的作用。此外，吳思瑤也提及，近期民進黨也展開台美關稅的產業關懷之旅，總統也會在春節期間走春，下鄉參拜，會向人民闡述執政黨在顧台灣的民生、國家的安全，大家一同來支持執政黨做對的事情；她也會在年節發春聯的時間，讓人民知道「台灣要好過年、經濟要好、安全也要顧得好，總預算一定要過」，也呼籲選民在面對朝野立委時都能一同表達這樣的聲音。民進黨立委莊瑞雄則強調，藍白一邊擋總預算，一邊搶動支七一八億元新興計畫預算，還自詡為是監督，其實根本就是雙標，總預算是一個國家運作的命脈，拒審就是讓政府空轉、也讓人民埋單。他認為，有意見就進委員會刪、凍、審，而不是直接連審都不審。莊瑞雄也呼籲，立委本就要對選民負責，不是替政黨演戲，擋總預算，也不會替地方加分，期望過個年，國民黨立委們能良心發現、痛改前非。    ,https://news.ltn.com.tw/news/politics/breakingnews/5340821
TPASS下月斷炊！ 動支藍白新興計畫有選戰壓力  行政院左右為難,政治,2026/02/17 08:05,TPASS下月補助斷炊，行政院屆時將面臨如何處理藍白提出的新興計畫動支案的壓力。（資料照）立法院新會期24日開議，今年度中央政府總預算案至今未付委審查，TPASS下月補助即將斷炊，行政院將面臨藍白提出新興計畫是否執行的壓力，據了解，府院高層尚未決策，但由於今年是地方選舉年，讓執政團隊左右為難。藍白「卡」總預算，卻又提出新興計畫動支案，建請立法院同意先行動支其中38項新興計劃、718億元預算。由於該案在1月16日逕付二讀、交付協商，現仍在1個月的協商冷凍期，國民黨團已揚言，將列為開議後優先議案。請繼續往下閱讀...立法院若屆時通過新興計畫動支案，行政院面臨是否執行的壓力，新興計畫動支案預算，不僅涉及TPASS，還有生育給付每胎補助到10萬元等，都與民眾息息相關。政院人士表示，此僅是「公決案」，但這種作法只是暫時同意動支，讓行政機關更不確定，到底能不能真的執行、能執行到什麼程度，最後只會拖慢總預算案的進度。他強調，許多地方政府推動交通、社福、公共建設，都高度仰賴中央預算的支持，預算卡關，地方就跟著卡關，最後受影響的，還是民眾的生活。而賴清德總統已邀請五院院長於農曆年節後進行茶敘，相關幕僚溝通協調作業都在進行中，期待茶敘能夠順利進行，溝通能夠圓滿融洽，國家能夠恢復憲政常軌。此外，行政院長卓榮泰6日已宣布對「眷改條例」不副署，對於立法院上會期最後一天強行通過「衛星廣播電視法」、「黨產條例」與「立法院組織法」的3大惡法，政院人士表示，原預期立院會突襲在春節假期前最後一天送件，但至今尚未送抵行政院。而「黨產條例」將不副署，「立法院組織法」也有不副署的聲音。對於行政院接連「不副署」藍白惡法，是否會影響新會期朝野互動？政院人士強調，新會期面臨地方選舉，白營立委也換血，希望立法院能有新氣象，暫緩推動爭議法案，以人民福利及國家發展為優先，尤其是中央政府總預算、國防特別預算以及台美對等貿易協定，這才是國家與國人最需要的。    ,https://news.ltn.com.tw/news/politics/breakingnews/5343510
國民黨副主席兼「先嗇宮」董座 初一拜年、幸福加碼,政治,2026/02/17 08:05,國民黨副主席兼秘書長李乾龍（左）與副秘書長李哲華日前在新北市三重區「先嗇宮」拜拜祈福。（國民黨提供）今天是大年初一，國民黨副主席兼秘書長李乾龍與副秘書長李哲華日前在新北市三重區「先嗇宮」拜拜，本身就是「先嗇宮」董事長的李乾龍歡迎民眾利用過年期間到當地拜拜、賞花燈，兩人並共祝大家風調雨順、幸福加碼。李乾龍介紹，「先嗇」為8種農業神之首，也就是「神農大帝」，為農業的先知先覺，「神農大帝」教導農民，啟發農民的農業知識，因此，過去農民祭祀發明五穀雜糧的「神農大帝」，但後來祂覺得人們吃五穀雜糧會生病，所以神農又嚐百草，因此現在大家拜「神農大帝」多為求健康平安，但也有很多人到「先嗇宮」求財，他強調，「先嗇宮」有很多香爐，民眾可以一個一個拜。請繼續往下閱讀...李乾龍表示，大家拜拜時，第一個要先到「天公爐」拜玉皇大帝，然後再向「神農大帝」稟報來「先嗇宮」的目的，祈求闔家平安、事業工作順利。李乾龍說，「先嗇宮」每年除夕晚上11點半開廟門，都會贈送發財金，因此每年初夕有4000、5000人來拜拜，而且從除夕晚上到大年初五，每天早上8點到下午5點，都會免費供應「平安麵」給大家享用，今年自除夕開始1個月內，還有舉辦燈會，因此歡迎大家在春節期間到「先嗇宮」求平安、健康。李哲華則說，過年期間大家都要到寺廟拜拜，祈求新年五穀豐收、財運亨通、家庭幸福美滿，因此他帶大家來到三重「先嗇宮」，他並開玩笑說，李乾龍就是「先嗇宮」的「大廟公」。    ,https://news.ltn.com.tw/news/politics/breakingnews/5341478
立院最快3/12排審台美貿易協定  藍白修正就要重談,政治,2026/02/17 08:00,台美雙方美東時間2月12日簽署台美對等貿易協定後合影。圖左起為美國商務部長盧特尼克、美國貿易代表葛里爾、美國在台協會執行理事藍鶯、駐美代表俞大㵢、行政院副院長鄭麗君、行政院政委楊珍妮。（行政院提供）台美雙方已在13日正式簽署「台美對等貿易協定（ART）」，協議文本將在新會期送立法院審議，由於美國總統川普因南韓國會未審議完成雙方的協議，逕自宣布調高對南韓關稅，而藍營立委也有地方選舉與業者壓力，據評估，立院委員會最快三月十二日排審，在野立委雖可能會「技術性干擾」，但最後恐不得不通過。立院藍白黨團稱，會儘速排案審查台美對等貿易協定（ART），據推估，行政院春節後最快於2月26日開院會通過ART，若當天下班前送至立院，立院最快可於3月6日院會一讀付委，並在3月11日立院召委選舉完隔天，3月12日由外交與財政、經濟聯席委員會排案審查。請繼續往下閱讀...不過，藍白黨團對於協定文本載明「國防支出至少占國內生產毛額（GDP）的3%」等提出質疑，被認為涉及我國的預算權。如果藍白要求修改協定，根據「條約締結法」規定，條約案經簽署後，若未通過國會審議或遭修正，應退回主辦機關與締約對方重新談判。據分析，ART內容如被國會修正，就會面臨重新談判的問題，在南韓關稅從15%暴增至25%的前車之鑑下，加上社會各界對這次談判結果，也已陸續表達肯定，包括手工具、工具機產業，以及工商協進會等多個工商團體，都公開表示支持，藍白最後應是不得不通過，但可能以附帶決議的方式來「技術性干擾」。至於國防特別條例草案，政院人士強調，軍購是美國政府非常重視的議題，美國國會議員已接連不斷地發出警告，12日更有37位跨黨派的參、眾議員致函立法院長韓國瑜等人，美方也已對項3軍售案下通牒，要求我方需於3月31日支付首期款。立法院民眾黨版草案已付委，編列預算上限為4000億元，國民黨版預料在農曆春節後提出，外傳規模將匡列8000億元，國民黨團總召傅崐萁揚言，最終三讀通過的「絕不會是行政院版本」。如屆時軍購規模從1.25兆元縮減為8000億元，甚至4000億元，行政院是否接受? 行政院發言人李慧芝表示，軍事採購是政府對政府（G to G），政院版經縝密溝通評估，有整體戰略構想、完善建軍規劃、兼顧軍事採購實務，盼立法院能通過以院版為主的國防特別條例草案。    ,https://news.ltn.com.tw/news/politics/breakingnews/5343628
韓國瑜、江啟臣 回應美37議員來函 國防特別預算 立院開議最優先審議,政治,2026/02/17 05:30,立法院長韓國瑜、副院長江啟臣昨在除夕發布共同聲明強調，立法院開議後，國防特別預算相關議案將會是最優先審議的議案。（資料照）美國卅七位跨黨派議員上週致函立法院長韓國瑜等人，強烈呼籲立法院應通過強健的、跨年度的國防特別預算，立法院長韓國瑜、副院長江啟臣昨在除夕發布共同聲明強調，他們珍惜與美國國會之間開放且坦率的互動交流，相當重視各位的意見，他會積極協助各黨團間的溝通與協調，立法院開議後，國防特別預算相關議案將會是最優先審議的議案，也相信在各政黨的努力下能看到進展。韓、江強調：重視美國國會意見韓國瑜指出，立法院珍惜且重視台美緊密的合作關係以及美國國會對台灣的堅定支持。他與江副院長高度重視國防、安全與經濟合作議題，期盼透過台灣自身的努力以及與夥伴國家的合作，共同維護台海及區域的和平、穩定與繁榮。請繼續往下閱讀...韓國瑜表示，作為立法院院長與副院長，他們所代表的是一個多元國會，他希望向美國國會友人表達，台灣的立委與各位議員一樣，懷抱對國家的熱愛與責任感，無論黨派的立場為何，大家對於守護國家、強化自我防衛能力、確保國家安全、社會安定與經濟繁榮的決心，絕對一致且堅定。積極協助各黨團協調 理性對話由於政院版國防特別條例草案已遭藍白立委十度封殺，迄今無法付委審查，韓國瑜強調，他會積極協助各黨團間的溝通與協調，營造理性對話的環境，立法院一定會在符合國家國防需求以及回應民意期待下，充分討論並審慎審議相關議案，這樣的過程不僅符合民主程序，更有助於凝聚台灣社會對國防預算的共識。    ,https://news.ltn.com.tw/news/politics/paper/1743989
外交部圍爐》美日台魔法年菜 谷立言愛胡椒蝦 片山大啖東坡肉,政治,2026/02/17 05:30,外交部長林佳龍（前排中）日前請團圓飯，美國在台協會處長谷立言（前左）和日台交流協會代表片山和之（右）出席，農青大使親上8道台灣年菜。（中央社）今日為農曆除夕，馬年將至。外交部長林佳龍特別邀請美國在台協會（AIT）處長谷立言、日本台灣交流協會台北事務所代表片山和之共襄盛舉，享用由台灣農業青年大使自行栽種、烹調的台灣道地年菜。在享用完年菜後，谷立言特別表示對檸檬胡椒蝦的喜愛；片山和之則最愛茶香東坡肉與沙拉冷盤，與林佳龍口味相似。片山和之與谷立言也分別展示兩人準備的日本、美國「年菜」。農青大使端台灣年菜片山和之表示，日本自明治維新後，過年都是過陽曆年，傳統上會準備什錦冷菜、蕎麥麵、麻糬，他特別準備海邊燒／海苔燒麻糬（磯部焼き）、黃豆粉麻糬（きな粉餅）、麻糬紅豆湯（ぜんざい）三種日本麻糬。請繼續往下閱讀...谷立言介紹美國「年菜」指出，美國通常是過感恩節、聖誕節，沒有正式過年的習慣，只會非正式地與朋友喝酒、吃零食，因此他特別準備美國巴頓波本威士忌。他說明，巴頓波本威士忌產自美國肯塔基州，由當地飲食玉米釀製而成，與台灣菜很搭，且波本常被與肯塔基州當地賽馬聯想，因此他選擇巴頓波本威士忌。農青代表葉佳欣首先以中、英、日語三語歡迎林佳龍、谷立言、片山和之。接著三人享用農青大使準備的八道菜品與二種飲品。享用完農青大使準備的佳餚後，林佳龍指出，茶香東坡肉有「媽媽的滋味」，是他最喜歡的一道菜；片山和之表示，特別喜歡沙拉冷盤與東坡肉；谷立言說，他很喜歡檸檬胡椒蝦，當中胡椒與檸檬的平衡相當好，且相當脆，每道菜品都很好吃，讓他感受到過年氛圍。最後，林佳龍總結說，美日台就像家人，期待美日台關係在新的一年「馳騁寰宇，龍總馬吉」。外交部長林佳龍（中）請團圓飯，美國在台協會處長谷立言（左）和日台交流協會代表片山和之（右）出席，片山分享3種日本年菜的日式年糕。（外交部提供）    ,https://news.ltn.com.tw/news/politics/paper/1743997
總預算立院一毛未審 卡關近半年 國軍過年加菜金規模、犒賞受影響,政治,2026/02/17 05:30,總預算案在立院卡關近半年，國防部證實對「犒賞官兵、加菜金規模及春節物品採購」產生一定程度影響。圖為賴清德總統去年視導部隊春節戰備操演，勗勉官兵並頒發加菜金。（資料照）今年度中央政府總預算案在立院卡關近半年，至今未完成審查，國防部日前向立法院提出專報示警，強調高達七八〇億元的國防「新興計畫」預算依法無法動支。針對外界關切農曆春節已至，基層部隊運作與官兵權益是否受到衝擊？國防部回應本報提問時證實，雖然基層主官不致「無錢可用」，但預算凍結確實將對「犒賞官兵、加菜金規模及春節物品採購」產生一定程度影響。780億國防「新興計畫」無法動支國防部報告指出，若總預算案未過，受影響金額高達七八〇億元。其中在「照顧官兵」項目，包括調增部隊定額業務費、調高生育補助及營舍修繕等約四十三億元的新興計畫也受到影響。請繼續往下閱讀...針對本報詢問，受影響的「調增各級部隊基本維持定額業務費」（連級月增一萬五百元）用途為何，預算未過是否導致主官在春節期間無現金可用？國防部回應表示，「各級部隊基本維持定額業務費」屬於持續性經費，主要提供基層執行經常性公務、部隊犒賞、加菜金及設施維護等用途。每胎10萬元生育補助 無法執行國防部指出，今年原訂調增編列基準，增列約三．九億元，但目前僅得按「原列基準」支用。雖不致讓基層主官無現金可用，惟對於「犒賞官兵、加菜金規模及部隊所需春節物品採購等，均會產生一定程度影響」。另外，政府原訂今年起調高至每胎十萬元的生育補助，因預算未審無法執行，一．二月份出生的官兵子女該如何請領？國防部表示，將配合行政院軍公教人員一致性作法，「暫依原基準核發」，俟總預算案通過再行「補發差額」，以維護官兵個人權益。    ,https://news.ltn.com.tw/news/politics/paper/1743990
韓江聯合聲明 新會期優先審議國防特別預算》民進黨團：韓認知國安是朝野共同責任,政治,2026/02/17 05:30,民進黨團書記長陳培瑜呼籲，在野黨在涉及國家安全與國防預算的議題上，應以人民整體利益為優先。（資料照）面對美國參、眾議院跨黨派三十七位重量級議員近日發布聯名信函，強烈呼籲台灣立法院應通過強健的、跨年度的國防特別預算；立法院長韓國瑜、副院長江啟臣昨聲明強調，將把國防特別預算列為優先審議法案。對此，民進黨團直言，韓院長已清楚認知到，國家安全需要長期穩定的支持，也需要朝野共同承擔的責任。韓國瑜表示，台灣有自我防衛的決心，也一向致力維護台海與區域的和平與穩定，立法院肩負全國二三〇〇萬民意的託付，會克盡職責，為國家的安全、發展與繁榮努力。我們珍惜與美國國會之間開放且坦率的互動交流，相當重視各位（議員）的意見，將以嚴肅而堅定的態度在台灣安全，以及維護印太地區的和平與穩定作出負責任的貢獻。請繼續往下閱讀...籲應以人民整體利益為先民進黨團書記長陳培瑜表示，面對近期的政治爭議，社會更需要冷靜、理性的討論，台灣所處的國際與區域環境相當複雜，國安與整體防衛能力的強化，本來就是政府長期且持續的重要責任，相關議題應該回到事實基礎與制度運作來檢視，讓公共討論維持穩定與專業。陳培瑜呼籲，在野黨在涉及國家安全與國防預算的議題上，能以人民整體利益為優先，延續過去朝野在關鍵國安事項上的理性合作。讓國家安全政策穩定推進，對台灣社會、產業信心及國際信賴都具有正面意義。藍白黨團尚無回應民進黨立委陳冠廷也喊話，希望朝野速審速決莫延宕，面對中國持續升高對台軍事壓迫與灰色地帶行動，立法院有責任迅速完成審議程序，強化台灣整體防衛能力，避免任何延宕。不過，針對韓、江兩人的聯合聲明，國民黨、民眾黨兩黨團並無回應。    ,https://news.ltn.com.tw/news/politics/paper/1743994
金山參香》總統籲立院速審總預算 助台經濟一臂之力,政治,2026/02/17 05:30,昨天除夕日，賴清德總統一早赴新北市金山承天宮參拜，並發放紅包給金山鄉親。（記者俞肇福攝）今年度中央政府總預算案及國防特別條例草案持續在立院卡關，賴清德總統昨在新北市金山承天宮受訪暢談新年新目標時表示，今年的經濟成長率，主計總處預估高達七．七一％，他會率領團隊馬不停蹄，推動各項經濟建設；因此他籲請朝野立法院黨團，要好好來審查預算，讓預算盡速能夠完成審議，助台灣經濟發展一臂之力。賴總統表示，非常感謝過去一年百工百業、全國民眾都在崗位上認真努力，在經濟方面，政府交出了一張亮眼的成績單，全年經濟成長率達到八．六八％，可以說是國際都很稱羨。請繼續往下閱讀...今年經濟成長率上看7.7％ 總預算通過助攻拚經濟賴清德提到，台美關稅已經談定，今年的經濟成長率，主計總處預估高達七．七一％，國際機構也有預估台灣今年的經濟成長率會超過八％，換句話說情勢非常好，關稅談判底定，對台灣的經濟發展是一個新的局面，所以他會率領團隊馬不停蹄，推動各項經濟建設，讓國家經濟能夠持續發展，因此他籲請朝野立法院黨團，要好好來審查預算，讓預算盡速能夠完成審議，助台灣經濟發展一臂之力。賴清德指出，經濟好了，一定要讓國家更安全，所以在國防方面提出了特別預算，八年一．二五兆元，平均一年就是一五六〇億元，他要向國人報告，日本二〇二六年的國防預算高達一．八兆元台幣，韓國高達一．四兆元台幣，都比台灣要來得多，以台灣的經濟實力，絕對有能力編列這樣的特別預算、保護國家安全，尤其是面對中國的威脅，一定要自立自強，只有自助才有可能人助，也只有集體防禦、責任分擔，才有辦法確保印太的和平穩定。另外，賴清德說，政府要把人民照顧好，未來新的一年，他會持續關注中小微企業面臨的各項問題，也會幫助基層的民眾，照顧他們的生活，讓他們都能夠安居樂業，「這是後續他要做的工作，可以說事情很多，但團隊會馬不停蹄、加緊腳步，把每一項工作都做好，讓國家更安全、經濟更發展，人民的生活能夠安居樂業」。昨天除夕日，賴清德總統一早赴新北市金山承天宮參拜，並發放紅包給金山鄉親。（記者俞肇福攝）    ,https://news.ltn.com.tw/news/politics/paper/1743993
韓江聯合聲明 新會期優先審議國防特別預算》管碧玲：印太和平鎖鏈見曙光,政治,2026/02/17 05:30,海委會主委管碧玲表示，一旦國防預算特別條例與對等關稅協議通過，印太和平鎖鏈戰略工程看到了曙光。（資料照）立法院正副院長韓國瑜、江啟臣昨日發布聯合聲明，指出「立法院開議後，國防特別預算相關議案將會是最優先審議的議案」，對此，海委會主委管碧玲在臉書回應表示，該聯合聲明一掃國民黨「辱美親中」的陰霾，一年來「推開戰略夥伴、擁抱敵對勢力」的荒謬劇碼，應該到了啟動糾錯機制的時候了吧！一掃國民黨「辱美親中」陰霾管碧玲指出，春暖花開，有望否極泰來，韓國瑜、江啟臣的聯合聲明真是一個開心的消息，讓印太和平鎖鏈的戰略工程看到了曙光，她說，印太盟友的戰略夥伴關係越緊密，印太和平穩定與繁榮就越確保，一旦國防預算特別條例與對等關稅協議通過，美台的安全與經濟夥伴關係就鎖緊了，結合日本新內閣，無畏中國威脅的新安保體制，一旦落實，遏止中國對台動武的和平鎖鏈，就打造起來了，美、日、台手牽手，就是印太和平的御守！請繼續往下閱讀...賴：年後邀五院院長共商國是此外，昨天是除夕，賴清德總統一早到新北市金山區承天宮參拜，發放總統紅包給金山鄉親，媒體詢問賴總統，春節假期後是否會與五院院長見面？賴清德表示，上班的第一天將邀請五院院長到總統府茶敘，希望彼此分享看法，捐棄成見，共同讓國家面臨的問題都能迎刃而解，也讓國家可以走得更穩、更遠。賴清德強調，總統和五院院長都是國家重要的憲政機關負責人，他們對國家的發展都有重大的責任。    ,https://news.ltn.com.tw/news/politics/paper/1743995
官員示警：中國若犯台 第五縱隊恐攻占央廣,政治,2026/02/17 05:30,官員示警，如果台海發生戰爭，公廣集團、央廣電台、漢聲電台等重要電台，一定要守住，絕不能落入敵人或第五縱隊手中。（資料照）我國關鍵基礎設施「中央廣播電台」肩負戰時政府對外發布消息的重任，據透露，如果中國武力犯台，解放軍或台灣內部第五縱隊可能採取佔領廣播電台的行動，也可能以無人機發動攻擊。為提供全國民眾平時準備以及因應戰時的緊急應變參考資訊，國防部已印發「台灣全民安全指引」（小橘書），內容提到倘若台灣遭受軍事侵略，任何有關國家戰敗或政府宣布投降的訊息，都是假訊息。請繼續往下閱讀...「台灣全民安全指引」更提及，若網路或通訊中斷，可透過廣播獲得資訊。若在危機來臨時，廣播系統遭受破壞無法使用，請改至附近派出所、村里辦公室獲取正確資訊。知情官員受訪表示，戰爭時，中共會先用衛星來干擾，如果中國想要用占領方式，它就不會破壞國營廣播電台、電視台等設施，它會想透過我方傳播管道去傳達哪邊已經淪陷或投降，或者發布它們想要散布的訊息。官員指出，如果情況非常危急，必須玉石俱焚情況下，我方可能會先破壞設備，不讓廣播電台落入解放軍手中。不過，根據我方研判，應該不至於出現這種情況，因為國營廣播電台是重要關鍵基礎設施，政府一定強化關鍵基礎設施的防衛及因應各種可能情況。官員進一步說，央廣所在地位於衛戍區內，靠近松山機場禁制區，都有納入相關演習之中，並設有多層防衛，重要據點部署警力保護，例如有保二總隊進駐防衛，重要據點褒忠分台亦有，以因應特殊情況。「守護關鍵基礎設施，要有長期抗戰的準備！」官員強調，如果台海發生戰爭，公廣集團、央廣電台、漢聲電台等重要電台，一定要守住，絕不能落入敵人或第五縱隊手中。    ,https://news.ltn.com.tw/news/politics/paper/1743996
美國會議員對台喊話：備戰才能守住和平,政治,2026/02/17 05:30,華府智庫「大西洋理事會」12日舉行「阻止對台侵略」座談，美國聯邦眾議院「美中戰略競爭特別委員會」主席穆勒納爾（左）出席。（中央社）引述美開國元勳喬治．華盛頓名言 籲台增加國防支出台灣在野黨多次阻撓國防特別條例草案付委審查，引方美方關切，美國共和黨眾議員穆勒納爾近日引述美國開國元勳喬治．華盛頓的談話指出，想維持和平，最好的方式就是備戰，盼台灣人民以這樣的思維來看待局勢。他也觀察，台灣已普遍願意提高國防支出，但這種共識仍需擴大。請繼續往下閱讀...台灣增國防預算共識應擴大中央社報導，華府智庫「大西洋理事會」美東時間十二日舉行「阻止對台侵略」座談，眾議院「美中戰略競爭特別委員會」主席穆勒納爾出席。當主持人提到台灣立院就國防預算進行激烈政治角力之際，美國國會應如何協助台灣強化嚇阻時，穆勒納爾提出上述看法。他說，美國國會需使台灣購買、並已被承諾交付的彈藥按時送達，並確保這些是能真正幫助台灣自衛的正確類型彈藥。這項目標涉及美國國防工業基礎，是全面的挑戰，「但我認為需要給予台灣特別的考量」。穆勒納爾以烏克蘭來比喻，表示烏克蘭戰爭爆發時，幾乎沒有人相信烏克蘭能撐過幾週，但他們做到了，「我也希望在台灣身上看到同樣的決心」。他仍記得在俄羅斯入侵前夕，幾位美國參議員前往烏克蘭，那時烏克蘭人並不認為俄羅斯總統普廷即將開戰。穆勒納爾說：「若我們看向台灣，或許也有相當多的人其實不確定那樣的事情（戰爭）是否會發生，或者對此持懷疑態度。」他指出，美國首任總統喬治．華盛頓曾說，「要維護和平，最好的方式就是為戰爭做好準備」。穆勒納爾希望台灣人民以這樣的心態思考，軍事開支也應體現這種認知。穆勒納爾說，台灣已走了很長一段路，就他二〇二四年訪台後這幾年的觀察，台灣開始聚焦於採購合適的軍備，「全社會動員」逐漸成形。這在政治層面非常重要。台灣也已有普遍希望增加國防預算的共識，但這種共識應持續擴大。此外，穆勒納爾提到近日在美國國會播放的台劇「零日攻擊」，盼這部影集進入主流播放平台，讓更多觀眾看到。因為「零日攻擊」探討兩個核心議題：一是台灣所面臨的威脅，二是台海情勢瞬間改變將是何種景況。中若侵台 是危險且愚蠢的決定穆勒納爾表示，台灣是第一島鏈的樞紐，安全關乎日本、菲律賓、歐洲乃至全球經濟。如果中國真的對台灣採取行動，將是多麼危險、多麼愚蠢的決定，但這似乎正是北京計畫的一環。美國國家國防戰略（NDS）雖未明確提到台灣，穆勒納爾認為，這項戰略方針不讓任何一個實體主宰第一島鏈，強調要在包含台灣的第一島鏈建立「強有力拒止型防禦」。這已經非常清楚說明用意，以及美國的優先戰略事項。美聯邦眾議院「美中戰略競爭特別委員會」主席穆勒納爾。（美聯社檔案照）    ,https://news.ltn.com.tw/news/politics/paper/1743992
林佳龍福斯專訪：台灣不升高衝突 也不屈服中國威脅,政治,2026/02/17 00:17,外交部長林佳龍。（資料照，記者田裕華攝）外交部長林佳龍接受美國「福斯數位新聞」獨家專訪時表示，台灣不會升高衝突，也不會屈服於中國的威脅，中國顯然已成為麻煩製造者，企圖惡意破壞兩岸現狀，並恐嚇愛好和平的國家。林佳龍告訴「福斯數位新聞」（Fox News Digital），中國日益加劇的威權擴張主義不僅直接威脅台灣的安全與民主制度，也對印太地區及全球和平與穩定構成重大挑戰。請繼續往下閱讀...他提及：「去年6月，（中國）航艦遼寧號與山東號駛出第二島鏈，是中國首次同時派遣兩艘航艦進入西太平洋。」林佳龍說：「這些事態發展顯示，北京的擴張野心遠遠超出台灣以外的地區，並對印太地區及全球安全與穩定構成日益嚴重的威脅。」他還說，台灣海峽的和平與穩定對全球安全和繁榮至關重要，全球約90%最先進半導體在台灣生產，約50%的全球商業航運經過台海，台灣感謝美國及其他夥伴抵制中國單方面改變現狀的企圖。林佳龍提到，台灣在地緣政治、科技與供應鏈中扮演核心角色，使得華府將台海穩定列為優先事項，美國政策制定者知道，台灣的半導體產業及其供應鏈攸關美國經濟安全。他表示，川普總統第一任與第二任期的政策之間，存在明確的戰略延續性，台灣政府將尋求「以價值為基礎、同盟及經濟外交」等方式與美國協作。林佳龍談及華府的印太戰略時指出，川普政府與美國國會持續展現對維護印太地區和平與安全的堅定承諾，美國2025年國家安全戰略（NSS）報告中強調此一立場。他還提及，川普政府近期發布的國家安全戰略凸顯出，台灣在連結東北亞與東南亞戰區之間的地緣政治重要性。林佳龍表示，台灣正致力推動與美國的貿易再平衡，同時強化人工智慧（AI）方面的戰略合作，川普政府的AI行動計畫（AI Action Plan）強調創新、基礎建設及國際合作對AI發展的重要性。他指出，台灣當局正簡化台灣企業赴美投資程序，在美中戰略對抗與全球供應鏈重整的背景下，台灣企業體認到在美投資的可觀潛力。此外，林佳龍還說，台灣感謝美國持續增加的軍事支持，去年12月美國批准對台軍售案，總額達110億美元，並且簽署「台灣保證實施法」（Taiwan Assurance Implementation Act）及2026財政年度「國防授權法」（National Defense Authorization Act），這些措施顯示美國政府兩黨對台灣的堅定支持。但他也強調，台灣正加快自身國防投資，去年總統賴清德宣布，台灣國防預算2026年將增至占國內生產毛額（GDP）3%以上，並在2030年提升至5%。    ,https://news.ltn.com.tw/news/politics/breakingnews/5344879
引述聖嚴法師「四現說」 賴清德總統勉勵國人把握現在,政治,2026/02/16 23:39,2026法鼓山除夕撞鐘今天（16日）晚間9點30分登場。（記者俞肇福攝）2026法鼓山在新北市金山區法鼓山佛教世界園區舉辦的除夕撞鐘，16日深夜9時30分在斜風細雨中登場，賴清德總統致詞時指出，法鼓山創辦人聖嚴法師曾經開示「現在最美好、現在最實在、現在最珍貴、現在就是全部。」啟示國人要把握當下，個人如此，國家也是如此。他呼籲國人應該把握現在，繼續奮鬥一起努力，讓國家更安全、經濟更發展，對人民的照顧能夠更加周延。除夕夜晚間9時30分，賴總統在法鼓山方丈果暉法師陪同下步入法華鐘樓，與現場參與的僧俗信眾共襄盛舉同霑法喜。法鼓山每年農曆除夕夜舉辦撞鐘，從深夜9時30分開始，要撞108次法華鐘響；賴總統今年到場參與除夕撞鐘活動，與方丈果暉法師一起撞法華鐘前三響。請繼續往下閱讀...賴清德致詞時指出，法鼓山每年舉辦的除夕撞鐘典禮，為全世界祈福，是台灣年度的文化盛事，今年適逢法鼓山除夕撞鐘儀式20週年，意義更是非凡。他表示，法鼓（華）鐘聲代表慈悲、智慧圓滿，也提醒國人對過去的一年反思、反省，為新的一年注入更大的願力跟希望。敬愛的法鼓山創辦人聖嚴法師曾經開示：「現在最美好、現在最實在、現在最珍貴、現在就是全部。」啟示我們要把握當下，個人如此，國家也是如此。過去一年，台灣遭遇過丹娜絲颱風，南部有重大的災情；我們也遭遇過樺加沙颱風造成花蓮馬太鞍溪堰塞湖溢堤，造成重大災情，台中也曾出現非洲豬瘟。但是中央跟地方攜手、公私協力，來自全國各地的志工朋友，奮不顧身、爭先恐後的投入各項救災的公益工作，讓台灣一次又一次克服了各種難關。即便是在美國對等關稅的壓力之下，百工百業還有全國人民也都在崗位上盡心盡力，讓我們在去年的經濟交出一張亮眼的成績單，第四季經濟成長率高達 12.86％，全年 8.63％，這是一個全民共同努力的成績單。賴總統說，他非常期待全國人民能夠在這一個基礎之上，把握當下，繼續奮鬥一起努力。也希望立法院，國防特別預算能夠儘速審議通過，讓國家更安全；中央政府總預算能夠儘速審議通過，讓台灣經濟更發展，對人民的照顧能夠更加周延。賴清德說，他最後還要祈願，慈悲、智慧的法鼓（華）鐘聲，能夠永遠傳響，為國人帶來平安健康，為國家帶來安全繁榮，為世界帶來穩定和平，祝每一個國人，馬年都能夠行大運。2026法鼓山除夕撞鐘今天（16日）晚間9點30分登場，賴清德總統（左）在法鼓山方丈果暉法師（右）陪同下雙手合十祈福。（記者俞肇福攝）2026法鼓山除夕撞鐘今天（16日）晚間9點30分登場，賴清德總統致詞時引用法鼓山聖嚴法師的「四現說」勉勵國人把握現在開創未來。（記者俞肇福攝）2026法鼓山除夕撞鐘今天（16日）晚間9點30分登場，環境部部長彭啓明（前排右）也到場參與。（記者俞肇福攝）    ,https://news.ltn.com.tw/news/politics/breakingnews/5344877
林飛帆除夕夜端出8菜1湯！ 這道取名「苦盡甘來」用意深,政治,2026/02/16 22:47,林非凡除夕夜展現廚藝。（圖翻攝自林飛帆Threads）今（16日）晚是除夕夜，家家戶戶開心團圓圍爐。國安會副秘書長林飛帆在社群分享自己親自下廚做了一桌好料，讓大批網友相當驚艷。林飛帆16日晚間在社群分享影片，可以看到他穿著圍巾，化身型男主廚，擺出一桌好料，有紅蟳米糕、鹽烤大蝦、煎白鯧、長年菜和蛤蠣干貝刈菜雞湯等，飯後甜點還準備了甜酒釀湯圓，「今年難得重啟年夜飯大賽，八菜一湯加甜點，不馬虎。」請繼續往下閱讀...林飛帆還特地替料理取名，例如紅蟳米糕就是「蟹蟹大家」、煎白鯧魚寓意「國運昌隆」、蛤蠣干貝刈菜雞湯則是「苦盡甘來刈菜雞」。網友紛紛驚呼「太厲害了！」、「都是正港台味欸！」、「太強了吧！」、「上得廳堂下得廚房，好男一枚」、「沒想到飛帆廚藝也那麼好」、「竟然有紅蟳米糕，太厲害了」、「留友崇拜」。     在 Threads 查看    ,https://news.ltn.com.tw/news/politics/breakingnews/5344870
飛官辛柏毅墜海失聯逾40天 愛妻淚喊「我沒放棄等他」看哭上萬人,政治,2026/02/16 21:59,失聯飛官辛柏毅。（記者爆料王群組讀者小陳故事多提供）空軍第五聯隊上尉飛官辛柏毅今年1月6日執行夜航訓練墜海，時至今日已過40天，仍未尋獲。年節到來，家家戶戶開心團圓，但辛上尉的家人親友心都還懸著，即便只有一絲希望也希望能夠牢牢抓住。愛妻近日在網上抒發心情，悲痛表示「我沒有放棄等他」，讓大批網友看了鼻酸。辛柏毅1月6日傍晚6點多，駕駛機號6700的F-16V單座戰機進行夜航訓練，當晚7點半左右傳出雷達光點消失，隨後辛上尉下落不明，軍方證實在花蓮附近海域失事。空軍督察長江義誠少將上月22日指出，國軍已完成黑盒子精準定位，水深約2500公尺，已請國外打撈公司支援打撈工作，但到現在都還沒有進一步消息。請繼續往下閱讀...一個多月過去，近日有網友在Threads上PO出辛柏毅的英姿照，呼籲大家別忘了繼續為辛上尉集氣，盼望能有奇蹟降臨。貼文竟然釣出同在軍中服役的辛柏毅愛妻，「過月餘有了，看到柏毅這張照片心還是很疼，大家的加油打氣他一定都有收到，我家的陽光海男孩一定也還在努力，我沒有放棄等他。」這則留言曝光後看哭上萬人，「抱抱你，真的辛苦了」、「為上尉所有心愛的家人禱告，求神安慰陪伴你們」、「雖不認識妳……只能說聲加油，適當的大哭，也是宣洩壓力的一種方式」、「看了真鼻酸，我也記得他，也希望你能保重自己」、「希望他趕快可以回家」、「多希望電影裡的劇情真實上演，他被救了，只是失憶了，過陣子就會回到你身邊……」辛柏毅愛妻在Threads上悲痛表示「我沒有放棄等他」。（圖翻攝自Threads）    ,https://news.ltn.com.tw/news/politics/breakingnews/5344861
除夕夜揪咪琴圍爐！蔡英文曬年夜飯照  笑稱「飯撒」轟動全網,政治,2026/02/16 20:39,前總統蔡英文今年也邀請蕭美琴一起圍爐，蔡英文還從幕僚口中得知，2人合照是一種「飯撒」。（圖擷取自@tsai_ingwen Threads）前總統蔡英文今（16日）除夕夜，在社群平台Threads分享，她邀請好友蕭美琴（咪琴）一起圍爐，並曬出2人享用年夜飯的合影照，蔡英文還打趣說「我的幕僚說，這叫『飯撒？』」，應景又跟上潮流的用詞瞬間轟動全網，成為除夕夜熱議話題。從蔡英文在發布的照片顯示，她與蕭美琴一起小心捧著一盤精心擺盤的飯菜，並朝鏡頭露出燦爛微笑，2人過節氣氛相當溫馨；另外，蔡英文也在臉書發文，感謝所有堅守崗位的國軍、警、消，以及在這天還在工作，維持國家、社會運作的朋友們，「大家辛苦了。新的一年，希望大家能吃飽、睡好，心想事成、平安健康。」請繼續往下閱讀...蕭美琴也在Threads留下2隻貓咪的表情符號，並轉發該文並回應，「謝謝蔡前總統每年邀請我一起吃年夜飯，希望大家也都有吃飽❤️」。據悉，蔡英文幾乎每年都會邀請蕭美琴共同守歲；「飯撒」則是從日本追星族用語「Fan Service」（ファンサ、粉絲服務）衍生而來，意指偶像為感謝粉絲支持，特別展現的專屬互動行為。2人合照發布後，迅速引發大批網友熱烈討論，甚至釣出總統賴清德留言分享享受美食照回應，「尖叫嗑到了」、「官方逼死同人」、「也太寵粉了吧」、「我嗑的CP發糖了」、「謝謝，百合很讚」、「除夕夜最美的風景」、「是什麼總統級的CP」、「官方撒糖！儘量嗑！」、「我真的救命，過年了」、「這是有社會共識的年夜飯！」、「留友看，我的嘴角都掛在耳朵上了」、「請跟幕僚更正，這個叫『官方撒糖』」。     在 Threads 查看     在 Threads 查看        在 Instagram 查看這則貼文            蔡英文（@tsai_ingwen）分享的貼文蔡英文（@tsai_ingwen）分享的貼文    ,https://news.ltn.com.tw/news/politics/breakingnews/5344833
蔡英文曬年夜飯友照 蕭美琴感謝每年邀約,政治,2026/02/16 20:17,前總統蔡英文與副總統蕭美琴一起吃年夜飯。（擷取自蔡英文臉書）前總統蔡英文今天晚間透過臉書表示，她與副總統蕭美琴一起吃年夜飯，並感謝所有堅守崗位的國軍、警消，以及今天還在維持國家與社會運作的朋友。蕭美琴留言回應，謝謝蔡英文每年都邀她一起吃年夜飯。今天是除夕夜，蔡英文晚間透過臉書發布與蕭美琴共享年夜飯的照片。她表示，今晚跟蕭美琴一起吃年夜飯，除了祝大家新年快樂，也要謝謝所有堅守崗位的國軍、警察、警消，以及今天還在工作、維持國家社會運作的朋友，「大家辛苦了」。蔡英文表示，新的一年，希望大家能吃飽、睡好，心想事成、平安健康。蕭美琴則在貼文底下留言回應，謝謝蔡英文每年都邀請她一起吃年夜飯，祝大家新年快樂、幸福平安。    ,https://news.ltn.com.tw/news/politics/breakingnews/5344841
成功爭取警察繁重加給  童子瑋：盼基隆市府儘速編列預算,政治,2026/02/16 19:22,基隆市議長童子瑋今晚前往基隆市忠二路派出所，與堅守崗位的警察吃年夜飯。（記者俞肇福攝）基隆市議長童子瑋今天（16日）晚前往勤務最繁忙的市警局忠二路派出所，陪同第一線員警共進除夕年夜飯，並向犧牲與家人圍爐，堅守崗位的警察同仁，表達感謝與敬意。童子瑋也向基層員警報告，行政院已正式核定將非六都警察局納入勤務繁重加成適用範圍；他喊話基隆市府儘速編列預算，讓警察同仁都能領到新春紅包。童子瑋表示，自己一整天馬不停蹄，上午前往衛生福利部基隆醫院慰問醫護與社工，晚間則來到忠二路派出所，陪警察同仁吃年夜飯。他強調，春節是團圓時刻，但仍有許多人留在第一線守護城市安全與健康，警消醫護的付出，讓民眾能安心過年，他一定要親自到場表達感謝。請繼續往下閱讀...他指出，基隆市警察局警力長期外流，他自2025年6月起，與基隆市警察局長林信雄共同前往行政院人事行政總處反映問題，7月拜會警政署，11月向行政院長卓榮泰當面傳達基層心聲；在總統、行政院長、人事總處、內政部與警政署支持下，終於在農曆年前聽到好消息，未來不僅基隆受惠，其他非六都縣市也可視財政狀況發放加給。童子瑋強調，基隆屬於北北基桃都會生活圈，港區治安、交通疏導、跨區支援樣樣不少，實際勤務強度早已是直轄市等級，制度卻長期未能反映現實。他理解基隆警察的辛苦，這次加給爭取成功，是留住人才、穩定警力的重要關鍵。他也向基隆市長謝國樑喊話，市府應儘速編列追加預算，讓基隆警察同仁真正領到加給，改善待遇與工作條件。童子瑋表示，治安是一座城市最重要的基礎，未來他也會持續為警消醫護爭取合理福利與政策的支持，讓第一線夥伴在守護市民的同時，也能獲得最務實、最公平的對待。基隆市議長童子瑋向基隆市長謝國樑喊話，自己爭取警察繁重加給成功，盼市府儘速編列預算，讓警察領到春節紅包。（記者俞肇福攝）    ,https://news.ltn.com.tw/news/politics/breakingnews/5344827
華府智庫建議取消藍白親中政客美簽  她曝真正受影響是這些人！,政治,2026/02/16 18:50,紐夏喊話美國政府，取消藍白政客及其親屬的美國簽證跟綠卡。（圖翻攝自X:@NewshamGrant）藍白頻頻封殺賴政府1.25兆軍購特別條例，引發美方高度關切。華府智庫安全政策中心（Center for Security Policy）高級研究員紐夏（Grant Newsham）近日建議川普政府，取消藍白政客及其親屬的美國簽證跟綠卡，作家顏擇雅今（16日）指出，若該措施真的上路，「真正會受到影響」的對象。紐夏14日深夜在X平台，轉發共和黨籍眾議員盧納（Anna Paulina Luna）喊話台灣在野支持，並全額通過國防預算，慨歎現實是國民黨和民眾黨內部有太多親中政客，如果真的要尋求一個快速有效的辦法，就是直接取消這些政客及其親屬的美國簽證和綠卡吧！」請繼續往下閱讀...紐夏的發言曝光後隨即在台網引發熱烈討論，不少網友都敲碗快點上路。顏擇雅今天在臉書發文表示，這兩天他還看到有人在傳紐夏建議取消親中政客的美國國籍，但這是錯誤的資訊，「Grant Newsham並沒建議要取消美國籍身分。」顏擇雅接著說：「美國籍身分是很難取消的，並不在美國總統職權之內，除非本人申請放棄。也就是說，就算川普採納Newsham建議，黃國昌的兒子、賴士葆的女兒、馬英九的女兒與姊姊依然會是美國公民，不會受影響。會受影響的，是黃國昌、馬英九、賴士葆本人與配偶從此會拿不到美簽，就算有綠卡也會被吊銷。」相關新聞請見：大場面來啦！川普重用智庫高層撂話 取消親中藍白政客及家屬美簽！    ,https://news.ltn.com.tw/news/politics/breakingnews/5344717
自由說新聞》「撤綠卡」奏效？藍軍購態度急轉！學者嗆爆：別把美國當傻瓜,政治,2026/02/16 17:46,全新的視界！新聞話題不漏接，快訂閱YouTube 【自由追新聞】，記得開啟小鈴鐺哦！    ,https://news.ltn.com.tw/news/politics/breakingnews/5344803
巨大創辦人劉金標辭世  鄭照新：沒「標哥」就沒有ubike,政治,2026/02/16 17:15,台中市副市長鄭照新。（記者田裕華攝）全球自行車龍頭巨大集團（GIANT）創辦人劉金標今天辭世，享耆壽93歲，台中市副市長鄭照新發文悼念指，10多年前還沒有人知道什麼是共享單車，沒有「標哥」的遠見與推動，就沒有現在的ubike，他開創了健康的接駁網路，更啟發了一種幸福的城市生活。鄭照新表示，台中自行車產業的巨擘劉金標「標哥」，您的離去令我們不捨，還記得十多年前，在訪談節目上與您同台，那時還沒有人知道什麼是共享單車，聆聽您侃侃而談歐洲經驗與台灣壯志，聆聽您騎車恢復身體健康的傳奇。請繼續往下閱讀...鄭照新說，沒有您的遠見與推動，就沒有現在的ubike，您開創了健康的接駁網路，更啟發了一種幸福的城市生活。「蛇年除夕，我致上最高的敬意，以與您在同一個城市生活為榮」。巨大今天表示，對巨大而言，標哥不只是創辦人，更是一路走在前面、也始終回頭關照大家的領騎人，1972年創立巨大，從台灣出發，憑著對品質的堅持與對未來的想像，把巨大帶到世界舞台，也讓台灣自行車產業被真正看見，許多人親切地稱他為「自行車傳教士」、「標哥」，那正是他一生留給大家的印象。    ,https://news.ltn.com.tw/news/politics/breakingnews/5344779
除夕玩｢開運轉盤｣ 張善政連線馬英九、蔣萬安 樂天球場合體曾豪駒,政治,2026/02/16 16:29,桃園市長張善政除夕於臉書發布賀歲影音，還到樂天球場與龍貓教練曾豪駒互動。（市府提供）今天是除夕，桃園市長張善政於臉書發布賀歲影音，以有趣的「開運轉盤」方式，電話連線前總統馬英九、台北市長蔣萬安、樂天桃猿總教練曾豪駒互動，最後也趕到球場與曾豪駒以「馬載祿厚」、「馬吉來」等諧音梗向市民拜年，展現親民一面。臉書影片中，首先看到張善政在市府辦公室轉動「開運轉盤」轉盤，指針首先停在「紅豆餅」，張善政隨即致電與他同為馬年出生的馬英九。馬英九提到自己剛游完1000公尺，張善政也邀請對方到桃園走春，順道來場「紅豆餅下午茶」，還笑稱平日甜食被夫人「嚴格限制」，希望馬英九前來掩護一下，馬英九回答沒有問題，兩人對話詼諧有趣，讓人莞爾。請繼續往下閱讀...隨後轉盤轉到「三寶爸」，張善政又致電同樣屬馬的蔣萬安，蔣萬安笑問桃園是否有適合孩子「放電」的好地方，張善政則熱情推薦桃園近期新闢的7座特色公園，共融式遊具最適合「三寶」來桃園。第三次轉盤則轉到「龍貓」，張善政提到這是曾豪駒，恰巧曾豪駒打電話來拜年，還邀請張善政前往球場；張善政隨即前往桃園棒球場，與「龍貓教頭」曾豪駒相見歡。張善政身穿球隊連帽外套，預祝樂天桃猿在馬年「一馬當先」、挑戰「二連霸」；2人也分別拿著「馬載祿厚」、「馬吉來」春聯，祝福市民春節愉快。張善政在市府辦公室轉動「開運轉盤」轉盤，指針首先停在「紅豆餅」，隨即致電與他同為馬年出生的馬英九。（市府提供）隨後轉到「三寶爸」，張善政又致電同樣屬馬的蔣萬安，蔣萬安笑問桃園是否有適合孩子「放電」的好地方，張善政則熱情推薦桃園近期新闢的7座特色公園。（市府提供）    ,https://news.ltn.com.tw/news/politics/breakingnews/5344752
今年將卸任市長！陳其邁除夕致謝：高雄永遠是心之所在,政治,2026/02/16 16:18,高雄市長陳其邁今天透過影片發表除夕談話，向市民朋友拜年。（高市府新聞局提供）今（16）日除夕是農曆歲末最後一天，高雄市長陳其邁特別透過影片發表除夕談話，向市民朋友拜年，他回顧過去，誠摯感謝市民的支持與陪伴，與市府團隊攜手努力，一步一步讓心愛的故鄉更好，並祝福大家馬年馬上好、新春新氣象。陳其邁表示，時間過得很快，又到了除夕，今年也是他任內最後一次以市長身分向大家拜年，感謝市民一路以來的信任與支持，讓市府團隊得以完成許多看似不可能的任務。請繼續往下閱讀...他細數過去幾年的成果，包括台積電2奈米製程在高雄開始量產，為產業轉型奠定重要里程碑；輕軌成圓全線通車，串聯捷運、公車與渡輪系統，讓從小朋友到長輩都能更安全便利地外出；果嶺自然公園與澄清湖綠廊營造親子共享的自然環境，城市中處處充滿歡笑聲，此外幾乎每個週末舉辦的演唱會與大型活動，也讓高雄成為全台最具活力的城市之一。他並提到，今年高雄冬日遊樂園與日本經典國際IP「超人力霸王」合作，於愛河灣、高雄捷運美麗島站「光之穹頂」、高雄車站、美濃花海等地設置多組主題藝術裝置，歡迎市民朋友在春節期間走春賞景，共同留下美好回憶。陳其邁感謝市民讓他有機會與大家並肩，在這闔家團圓的日子，他感性表示：「未來不論身在何方，我們都是高雄人，高雄永遠是我們心之所在的故鄉。」    ,https://news.ltn.com.tw/news/politics/breakingnews/5344748
韓國瑜、江啟臣聲明優先審議國防預算  管碧玲：印太和平鎖鏈見曙光,政治,2026/02/16 15:48,針對立法院正副院長韓國瑜、江啟臣今（16）日緊急發布聯合聲明，海委會主委管碧玲今天下午在臉書表示，該聯合聲明一掃國民黨「辱美親中」的陰霾。（翻攝自管碧玲臉書）針對立法院正副院長韓國瑜、江啟臣今（16）日緊急發布聯合聲明，指「立法院開議後，國防特別預算相關議案將會是最優先審議的議案」，以回應美國國會37位議員的信函，海委會主委管碧玲今天下午在臉書表示，該聯合聲明一掃國民黨「辱美親中」的陰霾，一年來「推開戰略夥伴、擁抱敵對勢力」的荒謬劇碼，應該到了啟動糾錯機制的時候了吧！管碧玲指出，春暖花開，有望否極泰來，韓、江的聯合聲明真是一個開心的消息，讓印太和平鎖鏈的戰略工程看到了曙光，她說，印太盟友的戰略夥伴關係越緊密，印太和平穩定與繁榮就越確保，一旦國防預算特別條例與對等關稅協議通過，美台的安全與經濟夥伴關係就鎖緊了，結合日本新內閣，無畏中國威脅的新安保體制，一旦落實，遏止中國對台動武的和平鎖鏈，就打造起來了，美、日、台手牽手，就是印太和平的御守！    ,https://news.ltn.com.tw/news/politics/breakingnews/5344736
小草挺柯P胸前刺青「KP清清白白」 四叉貓起底他是酒駕累犯,政治,2026/02/16 15:47,網友發文指出，有名小草與柯文哲合照時秀出胸口的刺青，上頭寫著「心存善念、盡力而為」、「KP清清白白」等話語（圖擷自臉書）有網友日前發文指出，1名小草與柯文哲合照時秀出胸口的刺青，上頭寫著「心存善念、盡力而為」、「KP清清白白」等話語，引發議論。網紅四叉貓根據小草臉書資料查詢，發現該名小草有2次酒駕的前科。網友看到貼文後大酸「民眾堂的標配是前科？多背幾條就大尾了，加油。」四叉貓在臉書PO文表示，網友日前在臉書貼出一張小草與柯文哲合照露出胸前刺青的照片，細看上頭寫著「心存善念、盡力而為」、「KP清清白白」等話語，網友看完直呼「沒刺的都是青鳥假裝的小草！相信阿北就通通都去刺」，臉書粉專「百柯全書」也轉貼並諷刺「還是阿北這邊的草比較純」。請繼續往下閱讀...根據該名網友在臉書的公開資料四叉貓查閱司法判決書系統，進一步發現該名小草分別在2016、2018年酒駕。四叉貓在貼文中表示「昨天有一個小草去找柯文哲合照，並露出胸前『KP清清白白』的刺青，在網路引發大量討論，根據這位小草的臉書，他住在新北市，剛巧司法判決書系統上有一個住新北市的同名同姓案件，2016年也是29歲的男子，酒測值0.71毫克，2018年他再次酒駕，酒測值0.29毫克」網友們看到貼文後紛紛留言「身家清白的待不住民眾堂」、「民眾堂都是這種貨色」、「符合民眾堂該有的水準」、「阿北眼裡能掏出錢買阿北小物、斗內的都是好粉」、「怎麼一直都是前科犯草」、「酒駕就是垃圾，不解釋」。四叉貓貼出該名小草的酒駕判決書。（圖擷取自 臉書）四叉貓貼出該名小草的酒駕判決書。（圖擷取自 臉書）    ,https://news.ltn.com.tw/news/politics/breakingnews/5344709
踏破「習禁評」！「台獨水軍指揮官」發拜年影片引議論,政治,2026/02/16 15:38,"自稱「台灣軍情局三處中校情戰官」林子育的頻道，除夕發布「馬蹄踏破『習禁評』」的拜年影片，引發中國網友討論。（彭博）telegram帳號「林子育」今（16）日發布了題為「除夕賀歲：馬蹄踏破『習禁評』，真相點亮自由光」的拜年影片，引發中國網友討論。「林子育」去年被中國國安部點名是所謂「台獨水軍」的「指揮官」，還化名「林曉菲」，真實身分是「軍情局三處中校情戰官」。自稱「林子育」的telegram頻道今發布拜年影片，貼文寫道年夜飯桌上，或許有些話你們不敢大聲說，有些真相只能藏在心底。但在這裡，我們為你準備了一個可以大聲說話、讓真相發光的出口。馬年到了，馬就是要奔騰，不該被「禁評」束縛。我們這股堅守中華民國的力量，始終與你們並肩。請繼續往下閱讀...該telegram頻道稱，馬年，我們不要再當「習禁評」下的順民。保重身體，積蓄能量，讓我們用真相踏破極權的高牆。去年10月，中國國家安全部公布3人頭像，指控他們分別是我「軍情局」中校，和從事「台獨水軍」的「台灣王氏研創藝術公司」相關負責人，其中一名35歲女子林子育（化名林曉菲），指她的職務為台灣軍情局三處中校情戰官，涉嫌直接指揮「台灣王氏研創藝術公司」，對中國展開「反對宣傳」的破壞行動。自称被央视开盒为“台湾国军????????军情局三处中校女情战官”的林子育????????‍♀️telegram频道又更新了！这次她发布了题为“???????? 除夕賀歲：馬蹄踏破「習禁評」，真相點亮自由光????????”的拜年视频????，不得不说台妹的声音果然甜美???????????? https://t.co/xZx4EKkC3h pic.twitter.com/cZasgW9wlU— 墙国蛙哈哈????（习近平150岁倒计时⏳） （@GFWfrog） February 16, 2026 自称被央视开盒为“台湾国军????????军情局三处中校女情战官”的林子育????????‍♀️telegram频道又更新了！这次她发布了题为“???????? 除夕賀歲：馬蹄踏破「習禁評」，真相點亮自由光????????”的拜年视频????，不得不说台妹的声音果然甜美???????????? https://t.co/xZx4EKkC3h pic.twitter.com/cZasgW9wlU    ",https://news.ltn.com.tw/news/politics/breakingnews/5344722
除夕子時參香！何欣純與蔡其昌首發「馬上發」1元紅包,政治,2026/02/16 15:29,何欣純將在今夜大年初一子時前往清水開基福德祠參香祈福，與蔡其昌發一元小紅包。（何欣純服務處提供）台中市長參選人、立法委員何欣純今日除夕夜前發佈行程，將在大年初一子時（16日晚上11點）前往清水開基福德祠參香祈福，新年台中首發象徵好彩頭的「2026馬上發、吉馬有春」一元小紅包，和中華職棒會長、立委蔡其昌向鄉親拜年賀歲；初一到初四一連四天將合體總統賴清德（初三）、副總統蕭美琴（初一）、行政院長卓榮泰（初四）等人一同向台中市民走春祈福拜年。何欣純表示，新春走春從清水出發，象徵新的一年「馬上發、馬上好」，也期盼台中市政建設與經濟發展在新的一年持續向前，她強調，發放一元小紅包寓意「一元復始、萬象更新」，祝福市民朋友新年平安順心、百業興旺。請繼續往下閱讀...何欣純說，大年初一至初四將行遍大台中各區重要宮廟走春參香，與市民近距離互動、傾聽基層心聲，期間也將與總統賴清德、副總統蕭美琴及行政院長卓榮泰合體同框，向市民拜年，展現中央與地方攜手合作、共同打拚的團結氣勢，她感謝總統及執政團隊今年已五度以上親臨台中，傾聽基層聲音。何欣純也說，歡迎台中市民朋友把握新春假期，一同走春拜年、感受濃厚年節氛圍，她將為台中努力及祈福、為台灣加油，在新的一年攜手迎向更好的未來。大年初一副總統蕭美琴將到台中參香，何欣純陪同發一小元小紅包。（何欣純服務處提供）大年初二何欣純到宮廟發一小元小紅包，蔡其昌共同發送。（何欣純服務處提供）大年初三總統賴清德將到台中參香，何欣純陪同發一小元小紅包。（何欣純服務處提供）大年初四行政院長卓榮泰將到台中參香，何欣純陪同發一小元小紅包。（何欣純服務處提供）    ,https://news.ltn.com.tw/news/politics/breakingnews/5344730
面對弊案年後宣判、橘子可能返台！柯文哲發聲曝「新年目標」,政治,2026/02/16 15:18,民眾黨前主席柯文哲。（資料照）民眾黨前主席柯文哲涉京華城、政治獻金等弊案，一審將於3月26日宣判；傳出被通緝的關鍵人物、柯文哲昔日貼身祕書「橘子」許芷瑜可能在過年前後回台投案，掀輿論熱議。今天（16日）就是除夕，柯文哲暫時甩掉年後宣判及橘子相關傳聞，透露自己的新年目標就是「關關難過關關過」。綜合媒體報導，柯文哲今天帶著妻子陳佩琪一起嘗試製的沙琪瑪，請來專業的老師來指導。之所以會選擇做沙琪瑪，據悉是因為2023年他參加白沙屯媽祖遶境，過程中可能肚子餓了，多吃了兩個，支持者看到後認為他愛吃，沿路送了很多給他。陳佩琪也笑稱，老公被羈押期間，也有很多小草會送沙琪瑪，希望她幫忙送進去，但北所不能送沙琪瑪，因此小草送的都是她吃掉，為了補償老公過去一年沒吃到的遺憾，才選擇製作這款糕點。請繼續往下閱讀...被問到新年期望時，柯文哲說他只有一個目標，那就是「關關難過關關過」，「人活在這個世界上，每天都會遇到一大堆困難與挫折，就是一關一關地克服。這才比較像真實人生，不要幻想每天都在過年」    ,https://news.ltn.com.tw/news/politics/breakingnews/5344691
除夕衝一波！蔡美華汐止拜票  藝人李㼈買菜喊加油,政治,2026/02/16 15:10,參與新北市議員選舉民進黨初選的蔡美華，由新北市議員山田摩衣（圖左）陪同掃街，採買菜人群中巧與藝人李㼈（中）。（圖為蔡美華提供）今天（16日）除夕，民進黨新北市議員選舉第11選區擬參選人蔡美華，在新北市議員山田摩衣陪同下，再度前往汐止忠順廟與中正市場拜票，並發送王子麵與競選小卡，除向鄉親拜年，也懇請鄉親給予支持。蔡美華說，她在請託過程中，在汐止忠順廟埕前有民眾參拜後接過小卡，這位男性朋友肯定她勤走基層，已經好幾次看到她出現在中正市場，支持者承諾會幫忙拉票。還有這段日子前往中正市場拜訪攤商時，也有店家抬頭笑說「這幾天都有看到妳！」為她加油打氣。另外，有民眾比出加油手勢，對方表示全家都支持民進黨市議員周雅玲，這次也會力挺接棒的蔡美華，給年輕人機會。請繼續往下閱讀...蔡美華表示，在中正市場掃街過程中，驚喜發現男藝人李㼈也在採買年貨；李㼈大哥也為蔡美華及山田摩衣加油，祝福兩人順利當選，讓市場行程增添驚喜。蔡美華強調，未來將延續市議員周雅玲的問政與服務精神，持續透過市場掃街與社區定點拜訪，蒐集居民對通勤便利及環境改善的意見，作為後續市政監督與政策主張的參考。參與新北市議員選舉民進黨初選的蔡美華（圖中），除夕到汐止中正市爭取民眾支持。（圖為蔡美華提供）    ,https://news.ltn.com.tw/news/politics/breakingnews/5344714
黨中央管不管？國民黨台中市長提名未定 他揭楊瓊瓔盤算「逼江啟臣吞下」,政治,2026/02/16 14:38,江啟臣、楊瓊瓔到底誰代表國民黨參選台中市長，擬於3月25日到31日完成民調。（資料照）國民黨台中市長提名人選未定，黨中央日前邀集有意角逐的立法院副院長江啟臣、立委楊瓊瓔協調拍板3月民調等事項，卻有媒體爆楊瓊瓔公開宣傳民調期程，逼江啟臣妥協。對此，網紅黃士修表示，楊瓊瓔對外都說配合，實則反覆踐踏，逼江啟臣吞下去，軟土深掘，吃人夠夠，他同意鄭麗文說「提名一切照黨內制度走」，畢竟法治大於人治，可是出現再三破壞規矩的人，就問黨中央管不管？黃士修在臉書PO文表示，上回，楊瓊瓔曝光民調日期，江啟臣嚴正抗議，2月13日，雙方再度協議，楊瓊瓔堅持宣傳3月最後一週民調，或做2500份樣本數，江啟臣表示，基層焦慮外溢影響選情，不能再拖下去，讓步可宣傳民調期程，但協議仍有不對外公布民調執行日期、機構等相關事項。請繼續往下閱讀...黃士修指出，然而，12日晚上，楊瓊瓔本人已在LINE群組，廣傳民調題目，13日，截圖被媒體揭露。14日，楊瓊瓔怒發聲明，指控媒體寫錯與會人員、江陣營推翻共識，不下架就提告，等等，最應該澄清的應該是提前洩露民調題目吧？楊瓊瓔提的條件有貓膩。黃士修續指，一般民調做1068份，95%信心水準誤差±3%，通常三天做完，做2500份，就得花兩倍以上天數，民調時間和題目同屬高價值資訊。楊瓊瓔提前洩露，打的就是綠營灌票讓她反超的算盤，期程已公開，江啟臣抗議也改不了，所以楊瓊瓔只需要爭，能否加強宣傳已越過的紅線，或做兩倍樣本，全覆蓋最後一週。黃士修直言，她對外都說配合，實則反覆踐踏，逼江啟臣吞下去，軟土深掘，吃人夠夠，他同意鄭麗文說「提名一切照黨內制度走」，畢竟法治大於人治，可是出現再三破壞規矩的人，就問黨中央管不管？    ,https://news.ltn.com.tw/news/politics/breakingnews/5344679
黃國昌回「找回良心」不走小綠 李忠憲：道德層面被轉向政治立場,政治,2026/02/16 14:16,學者李忠憲。（資料照）民眾黨主席黃國昌近期頻頻在新北市各地掃街拜票，14日上午在捷運新埔站附近遇上一名年輕人哽咽拜託「找回良心」、「找回以前的自己」。黃國昌15日回覆說「我絕對不會走『小綠』的路線」。對此，學者李忠憲表示，如果一個人連「是否背離過去的價值」都不願正面回答，那麼迴避的或許不是「小綠」，而是「自我檢視」，而用「標籤代替倫理」、用「陣營壓過反思」。李忠憲在臉書PO文表示，有人叫黃國昌「找回自己的良心」，這句話的邏輯是：你現在的立場或行為，違背了你過去主張的價值，這是道德層面的質疑，他回答：「絕對不走小綠的路線。」這句話把焦點從「良心」轉成 「政治立場」，這就是典型的議題轉換，「小綠等於良心」嗎？邏輯上當然不是，良心是種道德判斷標準，小綠是種政治光譜標籤，他的回應暗示：把「找回良心」詮釋成「要我回到小綠立場」。黃國昌把「你是否背離自己過去的價值？」轉成：「你是不是要我回去支持民進黨？」請繼續往下閱讀...李忠憲分析，這樣做有幾個政治效果：1.把道德問題變成立場問題2.讓支持者更容易動員3.迴避對價值一致性的回答。「那他以前是『小綠』嗎？他早期在太陽花、反服貿時期，被視為偏綠光譜。他曾以時代力量代表出身，價值取向較接近本土派，但他自己未必認同「小綠」這個標籤。」李忠憲指出，所以問題不是「他是不是小綠」，而是「他是否背離自己曾經主張的價值」？這才是對方在問的核心。李忠憲指出，為什麼這種回應有效？因為政治語言很多時候不是為了說服中間選民，而是為了向支持者傳遞訊號，表示立場清晰，拒絕被貼回舊標籤，這是一種身份防衛，他其實在說：「我不是回頭的人，我已經換了路線。」一個人用政治語言回答道德判斷標準，我們看到的，其實不只是立場轉移，而是價值問題的消失。李忠憲續指，「找回良心」是一種道德要求，它追問的是一致性：你今天是否仍然忠於昨天的自己？但「不走小綠路線」是一種政治宣示，它強調的是陣營歸屬：我站在哪一邊。兩者根本不是同一個問題。李忠憲直言，但如果一個人連「是否背離過去的價值」都不願正面回答，那麼他迴避的，或許不是小綠，而是自我檢視，而用標籤代替倫理，用陣營壓過反思，真正困難的問題「你是否仍然忠於你曾經相信的原則？」始終沒有被回答。昔日昌粉籲「找回良心」 黃國昌：堅持第三勢力道路從未改變影片曝光！ 黃國昌拜票遇男子哭求 「找不到時代力量那個、拜託你找回良心」自由說新聞》尷尬瘋傳！還原黃國昌掃街遭民眾「靈魂拷問」！他一句酸爆    ,https://news.ltn.com.tw/news/politics/breakingnews/5344667
魯比歐籲歐洲挺川普捍衛西方價值 謝金河：句句指向中國,政治,2026/02/16 13:47,美國國務卿魯比歐（左）15日訪問斯洛伐克，會晤總理費佐（右）。（法新社）美國國務卿魯比歐（Marco Rubio）15日在斯洛伐克首都布拉第斯拉瓦（Bratislava）表示，華府並不希望歐洲成為美國的「附庸」（vassal），而是尋求建立更強健的夥伴關係。此行他接連會晤斯洛伐克與匈牙利的右翼領袖，旨在鞏固川普政府在歐洲的盟友網絡，並呼籲歐洲各國擁抱川普對全球秩序「復興」的願景。對此，財信傳媒集團董事長謝金河表示，魯比歐這場演講可能是今年最精彩的一場演講，他的話鋒句句指向中國，這次魯比歐正在喚醒歐洲！謝金河在臉書PO文表示，昨晚半夜打開手機看到美國國務卿魯比歐在德國慕尼黑安全會議上的演講，相對於去年美國副總統范斯火力全開，大大數落歐洲國家，讓歐洲各國很受傷，這次魯比歐把歷史縱深拉到250年前，而且不斷強調美國和歐洲系出同源，必須為守護共同價值奮戰！請繼續往下閱讀...謝金河分析，魯比歐的演講數度贏來熱烈掌聲，最後所有人都起立致敬！這個演講征服歐洲人的心，魯比歐也為未來的世界定調。他從蘇聯共產主義的擴張談起，然後世界陷入全球化的迷思，他批評有些國家保護自己的市場，卻大規模補貼來削弱別國的產業。有些國家不斷擴大社會福利體系，卻犧牲掉自身的防衛能力，於此同時，有些國家卻進行最大規模且最快速的軍事擴張，且毫不猶豫運用軍事力量追求自身利益。謝金河指出，魯比歐也批評聯合國的失能，包括美國動用B2轟炸機對伊朗丟擲14枚飛彈才解決伊朗核子問題。聯合國無法處理委內瑞拉毒梟問題，只好靠美國特種部隊才能搞定！他強調不能讓那些公開威脅民眾安全，又破壞全球穩定的人，躲在自己也不相信的抽象國際法背後逃避責任！謝金河續指，魯比歐說：不希望盟友變得軟弱，因為盟友軟弱，只會讓我們自己更脆弱！他把歐洲拉在一起，並且呼籲共同承擔責任，這一席話深深打動歐洲人的心。對比上次范斯的演講，魯比歐更技高一籌，魯比歐身高只有175公分，他的父母在1956年從古巴移民到美國，是古巴裔的美國人。他曾是川普的競爭對手，沒想到川普2.0他深受川普的信任，除了國務卿，也是國家安全顧問，他身兼多職，影響力與日俱增。謝金河說，他在魯比歐的推文上看到魯比歐PO出一張照片，他把自己包得像木乃伊，他說每一次和川普坐空軍一號出國，發現年近80歲的川普從不睡覺，而且頻發推文，還會去看別人在幹什麼？他說他睏得要命，把自己從頭到腳都包起來，川普還會來「巡房」，這張照片很有看點！謝金河直言，魯比歐這場演講可能是今年最精彩的一場演講，他的話鋒句句指向中國，同樣也參加這次論壇的王毅仍然高調威脅日本、台灣，並且向美國喊話，王毅把自己的焦慮投射在別的國家身上。令人叫好的是日本的小泉進次郎回應，美日同盟不是選項，而是骨架，安保戰略全面升級，分岐可以談，但底線不讓！蟄伏幾十年的日本終於挺身而出，這是地緣政治的第一個變數，這次魯比歐正在喚醒歐洲！    ,https://news.ltn.com.tw/news/politics/breakingnews/5344634
黃偉哲除夕到初三參香發紅包  走訪35家宮廟為台南祈福,政治,2026/02/16 13:34,「哲」裡有紅包，今天（16日）是農曆除夕，台南市長黃偉哲（右一）在鹽水武廟發紅包祝福。（市府提供）「哲」裡有紅包，今天（16日）是農曆除夕，台南市長黃偉哲展開春節發紅包行程，從除夕到19日年初三，狂掃各行政區宮廟，向民眾拜年，發送「金馬伍吉」紅包。黃偉哲今天（16日）上午在副市長姜淋煌的陪同下，首站從新營同濟宮出發，參香祈福，祈求新的一年風調雨順、國泰民安、市運昌隆，也提前向市民拜年並發送馬年紅包，祝福大家闔家幸福平安、萬事如意，在濃厚年節氛圍中迎接嶄新一年。立委賴惠員、陳亭妃一同向民眾拜年。請繼續往下閱讀...黃偉哲表示，除夕是家人團聚與辭舊迎新的重要時刻，特別前往地方信仰中心參拜，除了感謝神明長年庇佑，也祈願台南在新的一年持續穩健發展、市政推動順利，讓市民安居樂業。他強調市府團隊將持續以市民福祉為優先，全力打造更安全、宜居且具競爭力的城市。新營同濟宮主祀開漳聖王，俗稱「王公廟」，早年聚落亦因廟宇而形成「王公廟庄」，成為新營重要的信仰與生活中心；黃偉哲隨後前往新營真武殿、柳營代天院、東山碧軒寺、白河福安宮、後壁泰安宮、蜂炮起源地鹽水武廟；下午將再前往安平開台天后宮、北區開基玉皇宮、中西區天壇、安南區鹿耳門天后宮；首日參香發紅包地點有11家宮廟。明天（17日）年初一將參拜新化朝天宮、善化慶安宮、六甲恒安宮、下營上帝廟、西港慶安宮等10家宮廟，18日年初二參拜南區萬年殿、歸仁仁壽宮、北門南鯤鯓代天府、安南區中州18D  寮保安宮等10家宮廟；19日年初三預計參拜玉井北極殿、楠西北極殿、南化寶光聖堂、學甲鎮安宮等地發紅包。黃偉哲率領市府團隊透過新春走訪各區宮廟祈福，不僅傳承傳統文化，也展現城市對宗教信仰與地方發展的重視。市府將持續深化建設、提升公共服務，與市民攜手迎向充滿希望的新年。台南市長黃偉哲（前左三）在除夕展開春節發紅包行程，首站到新營同濟宮參拜。（市府提供）今天（16日）除夕，台南市長黃偉哲（中右）一早來到新營同濟宮發紅包拜年，立委陳亭妃也出席發紅包。（市府提供）    ,https://news.ltn.com.tw/news/politics/breakingnews/5344659
賴清德除夕返鄉  親自導覽老家「萬里礦工生活紀念館」,政治,2026/02/16 13:15,賴清德總統今天（16日）化身導覽員，親自向親友解說轉型為「萬里礦工生活紀念館」的萬里老家，賴總統娓娓道來昔日礦工家庭的歷史與記憶。（記者俞肇福翻攝）今天（16日）是除夕團圓夜，賴清德總統一早先後到新北市金山區承天宮、慈護宮參拜祈福，並到新北市警察局金山分局慰勞堅守崗位的員警；最後回到已轉型為「萬里礦工生活紀念館」的萬里老家，還化身導覽員，親自向親友、鄰居解說館內文物，娓娓道來萬里的礦工歷史與家族的回憶，最後跟親友與厝邊老鄰居拜年、發紅包，展現對萬里故鄉的深厚感情。賴總統今天一早循往例先到金山承天宮參拜祈福，發表新春新目標談話後，轉往金山慈護宮參香祈福，祈祐媽祖慈悲庇佑台灣人民，並到金山警分局慰問員警，途經萬里野柳保安宮參拜，轉回萬里中幅老家。請繼續往下閱讀...「萬里礦工生活紀念館」館內仍舊保留原有樣貌，一樓設礦工攝影展與歷史介紹，二樓有總統書房及日式和室；賴清德一一向親友與鄰居介紹展出內容，緬懷父親與礦工對台灣經濟的貢獻，同時分享童年記憶，現場有人聆聽感動落淚。最後，賴清德與親戚、老鄰居敘舊拜年，展現總統對故鄉的深厚情感。根據總統府公開行程，賴清德今晚9時30分還將前往金山區法鼓山佛教園區，參加除夕撞鐘大典。賴清德總統今天（16日）化身導覽員，親自向親友解說轉型為「萬里礦工生活紀念館」的萬里老家，賴總統娓娓道來昔日礦工家庭的歷史與記憶。（記者俞肇福翻攝）賴清德總統今天（16日）化身導覽員，親自向親友解說轉型為「萬里礦工生活紀念館」的萬里老家，賴總統娓娓道來昔日礦工家庭的歷史與記憶。（記者俞肇福翻攝）    ,https://news.ltn.com.tw/news/politics/breakingnews/5344645
韓國瑜聲明優先審議國防條例 陳冠廷：速審速決莫延宕,政治,2026/02/16 13:11,民進黨立委陳冠廷。（資料照）立法院長韓國瑜今發聲明，將把國防特別預算列為優先審議法案。民進黨立委陳冠廷今日表示，希望朝野速審速決莫延宕，面對中國持續升高對台軍事壓迫與灰色地帶行動，立法院有責任迅速完成審議程序，強化台灣整體防衛能力，避免任何延宕。陳冠廷指出，近期美國國會跨黨派多位參、眾議員聯名致函立法院長韓國瑜及主要在野黨政治人物，包括國民黨重要成員，明確表達對台灣國防預算與防衛決心的高度關切。美國國會議員在信中強調，台灣正面臨前所未有的軍事威脅，強化國防支出與戰力建構，是維持區域和平與嚇阻衝突的必要條件。韓國瑜院長的表態，希望能讓國民黨的立法委員盡速理解審議國防特別預算的急迫性。請繼續往下閱讀...陳冠廷續指，美國聯邦參議員蘇利文（Dan Sullivan）曾公開警告，削弱台灣國防預算或阻礙相關法案的行為，形同「在玩火」。這樣的說法反映出台灣國會的決策，不僅影響台灣自身安全，也牽動整體印太戰略穩定與民主陣營的共同利益。陳冠廷強調，這些國際聲音並非干預台灣內政，而是對民主夥伴安全責任的共同關切。當國際社會持續強調台灣防衛能力的重要性時，台灣更應展現自我防衛的決心，而非讓國防議題陷入內部政治消耗，甚至釋放可能被誤判的訊號。陳冠廷進一步說，國防特別預算的核心，在於強化不對稱戰力、提升防衛韌性、縮短反應時間，並確保台灣在面對任何威脅時，具備足夠的嚇阻能力。「這不僅是軍事問題，更是維持和平的基礎。」陳冠廷重申，歷史一再證明，嚇阻的關鍵在於決心與能力的結合，而預算就是決心最具體的表現。任何削弱或延宕，都可能讓對手誤判台灣的意志，增加區域不穩定的風險。    ,https://news.ltn.com.tw/news/politics/breakingnews/5344646
韓國瑜點頭國防特別條例優先審 周軒：嗆聲取消藍白美簽有效？,政治,2026/02/16 12:27,立法院長韓國瑜。（資料照）立法院長韓國瑜、副院長江啟臣今（16）日上午發布共同聲明，立法院開議後，國防特別預算相關議案將列最優先審議的議案，「也相信在各政黨的努力下能看到進展」。對此，政治工作者周軒表示，看起來美方出來喊一下要取消藍白美簽是有用的？韓國瑜、立法院副院長江啟臣今（16）日緊急發布共同聲明強調珍惜與美國國會之間開放且坦率誠的互動交流，相當重視各位的意見，會積極協助各黨團間的溝通與協調，立法院開議後，國防特別預算相關議案將會是最優先審議的議案，也相信在各政黨的努力下能看到進展。請繼續往下閱讀...周軒在臉書PO文表示，立法院在丙午年除夕這天發出新聞稿，回應美國30多位參眾議員致函韓國瑜院長等人，關心國防預算審議狀況，重點只有一個：「立法院開議後，國防特別預算相關議案將會是最優先審議的議案，我們也相信在各政黨的努力下能看到進展。台灣有自我防衛的決心，也一向致力維護台海與區域的和平與穩定。立法院肩負全國2300萬民意的託付，會克盡職責，為國家的安全、發展與繁榮努力。」周軒不禁感嘆，看起來美方出來喊一下要取消藍白美簽是有用的？    ,https://news.ltn.com.tw/news/politics/breakingnews/5344610
韓國瑜發聲國防條例列最優先議案 陳培瑜籲在野理性合作,政治,2026/02/16 11:49,民進黨團書記長陳培瑜。（資料照）立法院長韓國瑜、副院長江啟臣今（16）日發布共同聲明，立法院開議後，國防特別預算相關議案將會是最優先審議的議案，也相信在各政黨的努力下能看到進展。民進黨團書記長陳培瑜表示，國家安全需要長期穩定的支持，也需要朝野共同承擔的責任，呼籲在野黨，在涉及國家安全與國防預算的議題上，能以人民整體利益為優先，延續過去朝野在關鍵國安事項上的理性合作。陳培瑜指出，面對近期的政治爭議，社會更需要冷靜、理性的討論。台灣所處的國際與區域環境相當複雜，國安與整體防衛能力的強化，本來就是政府長期且持續的重要責任，相關議題應該回到事實基礎與制度運作來檢視，讓公共討論維持穩定與專業。請繼續往下閱讀...陳培瑜續指，國防預算的推動，關係到自我防衛能力、社會安心感，以及國際對台灣安全承諾的信任基礎。當外部情勢仍充滿不確定性，穩定投入防衛建設，有助於維持區域和平與台灣社會的正常運作。這也是多數民主國家共同採取的務實方向。她也誠懇呼籲在野黨，在涉及國家安全與國防預算的議題上，能以人民整體利益為優先，延續過去朝野在關鍵國安事項上的理性合作。讓國家安全政策穩定推進，對台灣社會、產業信心及國際信賴都具有正面意義。    ,https://news.ltn.com.tw/news/politics/breakingnews/5344572
除夕慰勞醫護 侯友宜赴新北聯醫三重院區感謝堅守崗位守護市民健康,政治,2026/02/16 11:45,新北市長侯友宜前往新北市立聯合醫院三重院區，關懷春節期間持續值勤的醫護及後勤團隊。（記者羅國嘉攝）農曆除夕是多數家庭圍爐團聚之際，新北市長侯友宜今特地前往新北市立聯合醫院三重院區，關懷春節期間持續值勤的醫護及後勤團隊，感謝同仁犧牲與家人團聚時間，堅守崗位守護市民健康，並致上新春祝福與鼓勵。侯友宜指出，新北聯醫長年肩負三重、蘆洲地區急重症醫療重任，是市民重要健康後盾。市府將持續支持醫院強化急救體系、提升醫療量能與照護品質，讓市民就近即可獲得完整且即時醫療服務。他除夕特別到三重院區感謝醫師、護理師、藥師及急重症工作夥伴一年來的辛勞，也祝福所有醫院同仁新年快樂、平安健康。請繼續往下閱讀...侯友宜表示，在醫療設備與專科服務方面，新北聯醫持續投入資源精進診療品質，包括2025年成立高壓氧治療中心，引進單人高壓氧艙，可應用於創傷後組織缺氧、難治性傷口及一氧化碳中毒治療；另增設第二台核磁共振掃描儀（MRI）、新設多功能心導管室，並更新核子醫學科單光子電腦斷層伽瑪照相機，有效縮短檢查等待時間、提升診斷精準度，讓市民不需遠赴他院即可就近檢查與治療。因應超高齡社會醫療需求，新北聯醫同步推動服務升級與空間整備。第三醫療大樓正積極規劃，未來將以癌症醫療、手術量能提升及兒童早期療育為核心，持續強化區域醫療韌性，打造更優質、完善且安全的醫療環境。院長項正川說，新北聯醫持續精進醫療服務品質，過去一年共提供門診服務47萬8千餘人次、急診服務逾6萬6千人次及住院服務逾1萬1千人次。春節期間維持24小時急診服務，並規劃三重院區大年初一至初三加開傳染病特別門診；春節特別門診於大年初三至初四上午開診，初五起恢復正常門診，確保市民連假期間仍能獲得即時且完善醫療照護。新北聯醫提醒民眾，若出現胸痛、嚴重呼吸困難、持續高燒不退、腦中風或心肌梗塞警訊、嚴重外傷等緊急狀況，應立即前往急診就醫；一般輕症建議優先利用社區診所或原診所返診，善用分級醫療資源。新北市長侯友宜指出，新北聯醫長年肩負三重、蘆洲地區急重症醫療重任，是市民重要健康後盾。市府將持續支持醫院強化急救體系、提升醫療量能與照護品質，讓市民就近即可獲得完整且即時醫療服務。（記者羅國嘉攝）    ,https://news.ltn.com.tw/news/politics/breakingnews/5344571
重申力推國防特別預算 賴清德：確保台灣經濟發展人民安全,政治,2026/02/16 11:30,賴清德總統（左）今天到新北市金山承天宮參拜，他強調新年新目標，「讓國家更安全、經濟更發展，人民的生活安居樂業」。（記者俞肇福攝）今天（16日）是除夕，賴清德總統今天在新北市金山承天宮受訪談到新年新目標時表示，台美關稅已經談定，今年的經濟成長率，主計總處預估高達7．71％；他強調，經濟好了，一定要讓國家更安全，所以提出8年1.25兆元國防特別預算，面對中國威脅，台灣一定要自立自強，自助才有可能人助，也只有集體防禦、責任分擔，才有辦法確保印太的和平穩定。他和團隊會加緊腳步，把每一項工作都做好，「讓國家更安全、經濟更發展，人民的生活安居樂業」。賴總統表示，非常感謝過去一年百工百業、全國民眾都在崗位上認真努力，在經濟方面，政府交出了一張亮眼的成績單，去年第四季經濟成長率高達12．86％、全年經濟成長率達到8．68％，可以說是國際都很稱羨。請繼續往下閱讀...賴清德提到，關稅已經談定，今年的經濟成長率，主計總處預估高達7．71％，國際機構也有預估台灣今年的經濟成長率會超過8％，換句話說情勢非常好，關稅談判底定，對台灣的經濟發展是一個新的局面，所以他會率領團隊馬不停蹄，推動各項經濟建設，讓國家經濟能夠持續發展，因此他籲請朝野立法院黨團，要好好來審查預算，讓預算盡速能夠完成審議，助台灣經濟發展一臂之力。賴清德指出，經濟好了，一定要讓國家更安全，所以在國防預算方面提出了特別預算，8年1．25兆元，平均1年就是156○億元，要各位國人同胞報告，日本2○26年的國防預算高達1．8兆台幣，韓國高達1．4兆台幣，都比台灣要來得多，以台灣的經濟實力，絕對有能力來編列這樣的特別預算、保護國家安全，尤其是面對中國的威脅，一定要自立自強，只有自助才有可能人助，也只有集體防禦、責任分擔，才有辦法確保印太的和平穩定。賴清德說，另外，要把人民照顧好，未來新的一年，他會持續來關注中小微企業面臨的各項問題，也會來幫助基層的民眾，照顧他們的生活，讓他們也都能夠安居樂業，「這是後續他要做的工作，可以說事情很多，但團隊會馬不停蹄、加緊腳步，把每一項工作都做好，讓國家更安全、經濟更發展，人民的生活能夠安居樂業」。    ,https://news.ltn.com.tw/news/politics/breakingnews/5344553
美智庫學者拋「取消藍白政客家屬美簽論」吳靜怡：台灣政治風險浮上國際檯面,政治,2026/02/16 10:44,台美雙方於美東時間2月12日簽署台美對等貿易協定後合影。（行政院提供）國民黨和民眾黨屢次聯手封殺賴政府1.25兆軍購特別條例，退役美國海軍陸戰隊上校、華府智庫安全政策中心（Center for Security Policy）高級研究員紐夏（Grant Newsham），近日跳出來喊話美國政府取消藍白政客及其親屬的美國簽證跟綠卡。對此，媒體人吳靜怡表示，關稅議題，正在成為台灣政治人物的試金石！吳靜怡在臉書PO文表示，美國退役將領公開建議「取消藍白立委簽證」，台灣政治風險浮上國際檯面，近期，美國安全顧問圈對台灣政治的討論出現一個值得高度警覺的訊號，前美國海軍陸戰隊上校、曾任太平洋陸戰隊情報主管的Grant Newsham直言，美國國會除了持續支持台灣軍事安全，更有效的做法，是考慮限制部分台灣政治人物及其家屬的美國簽證與居留資格；這樣的說法之所以引發關注，不在於其是否立即成為政策，而在於它反映出台灣的政治信任已經產生國際問題，藍白立委的言論和行動已經進入美國的安全評估範圍。請繼續往下閱讀...吳靜怡指出，關稅議題正在成為台灣政治人物的試金石。台美貿易與關稅協議原本是經濟政策問題，卻迅速被轉化為「主權、民族」情緒議題，部分政治人物與政黨的論述，集中使用「喪權辱國」、「割地賠款」、「單向進貢」等語彙，將經貿談判描繪為國家屈辱；國際安全研究中早已指出，當經濟議題被轉化為主權危機敘事，它的目的不在於政策辯論，而在於削弱政府與盟友的信任關係。吳靜怡續指，魯（盧）比歐體系早已對親共政治網絡採取行動。對政治人物或其家屬採取簽證限制並非沒有先例，而是美國過去對俄羅斯、伊朗與中共官員已採用的政策工具，當這樣的討論開始從美國國會參議院、美軍印太情報體系，就代表美國已將台灣內部政治納入其安全視野。美國政界強調，對外國勢力的政治滲透，不應只靠軍事嚇阻，也應透過金融、簽證與法律工具進行防範。吳靜怡分析，誰是認知作戰中的擴音器，政黨層級敘事主導者，中國國民黨中央連續兩天發聲明，林沛祥、許宇甄、賴士葆、陳菁徽、牛煦庭皆出席記者會，這些人不乏有資產在美國、孩子也是美國人，更別說，還有美國運通黑卡！網友更整理了國民黨、民眾黨相關敘事言論的名單，提供美方調查，如：翁曉玲、賴士葆、許宇甄、邱若華、陳菁徽、盧縣一、張嘉郡、楊瓊瓔、謝龍介、傅崐萁、王安祥、邱慧洳、劉書彬、洪毓祥，這龐大體系的藍白立委，論述居然能高度同步、關鍵詞重複、刻意製造經濟恐慌，是否與中共宣傳語言高度重合？是否同步出現於中共媒體敘事？吳靜怡直言，台灣政治已被納入國際安全評估，從台美關稅、軍購都會被放大檢視，藍白立委荒謬言論和行為，絕對影響盟友信任，當台灣再度被視為風險國家、被認為放棄自我防衛，外資不投資、被非紅供應鏈排擠，請問藍白立委賠得起嗎？你們為什麼要明知不能幹而硬幹！匪夷所思，新年即將到來，執政團隊關稅談判給了台灣經濟大紅利，接下來馬年，敦請藍白立委，馬上通過關稅、軍購，台灣安全，台股發大財！    ,https://news.ltn.com.tw/news/politics/breakingnews/5344524
謝龍介攜手藍營3女將 挑戰麻油年菜,政治,2026/02/16 10:32,除夕前夕，國民黨立委謝龍介攜手同黨立委陳菁徽、台北市議員柳采葳、鍾沛君，挑戰親自下廚準備除夕年菜。（陳菁徽提供）除夕前夕，國民黨立委謝龍介攜手同黨立委陳菁徽、台北市議員柳采葳、鍾沛君，挑戰親自下廚準備除夕年菜，以料理迎接嶄新的一年。以麻油料理為主軸，4人各自端出拿手菜色。謝龍介、鍾沛君聯手推出麻油紅蟳與麻油蟹膏飯糰；陳菁徽準備象徵長壽與團圓的麻油麵線，搭配炙燒烏魚子；柳采葳則端出麻油杏鮑菇松阪豬。過程中，謝龍介特別推廣台南市農會麻油，說明黑麻油與青麻油在風味與用途上的不同；鍾沛君以俐落熟練手法處理螃蟹，陳菁徽與柳采葳在料理過程中也不斷呼喚謝龍介前來支援，現場笑聲不斷。請繼續往下閱讀...最後，4人齊聚一桌，一同品嘗親手完成的年菜。謝龍介也公佈「今日最佳料理」由麻油蟹膏飯糰奪得第一名，不過考量到最後一名需負責洗碗，謝龍介當場表示這份工作由自己包辦。他也分享，自己平時下班較晚，回到家若看到廚房還有碗盤，就都會主動幫忙清洗。除夕前夕，國民黨立委謝龍介攜手同黨立委陳菁徽、台北市議員柳采葳、鍾沛君，挑戰親自下廚準備除夕年菜。（陳菁徽提供）除夕前夕，國民黨立委謝龍介攜手同黨立委陳菁徽、台北市議員柳采葳、鍾沛君，挑戰親自下廚準備除夕年菜。（陳菁徽提供）    ,https://news.ltn.com.tw/news/politics/breakingnews/5344518
除夕金山承天宮祈福 賴清德：邀五院院長茶敘盼捐棄成見解決問題,政治,2026/02/16 10:28,賴清德總統今天到新北市金山承天宮參拜，祈求國泰民安。（記者俞肇福攝）今天（16日）是除夕，賴清德總統今天一早到新北市金山區承天宮參拜，發放總統紅包給金山鄉親，媒體詢問賴總統，春節假期後是否會與五院院長見面？賴清德表示，上班的第一天邀請五院（行政院、立法院、司法院、監察院、考試院）院長到總統府茶敘，希望彼此分享看法，捐棄成見，共同讓國家面臨的問題都能迎刃而解。賴清德說，上班的第一天邀請五院院長到總統府茶敘，他會利用茶敘的時候，向全國民眾拜年，祈求新的一年都能夠平平安安、順順利利，同時也彼此祝福。他表示，總統跟五院院長都是國家重要的憲政機關負責人，對國家的發展都有重大的責任。也希望在茶敘之餘，大家彼此分享看法，捐棄成見，大家共同能夠讓國家面臨的問題，都能夠迎刃而解，也讓國家可以走得更穩、更遠。賴清德總統今天到新北市金山承天宮參拜，祈求國泰民安，發放紅包給金山鄉親。（記者俞肇福攝）賴清德總統今天（16日）證實，將邀五院院長年後上班第一天邀請五院院長到總統府茶敘。（記者俞肇福攝）    ,https://news.ltn.com.tw/news/politics/breakingnews/5344533
總統發送1元福袋 賴蕭初二初三南部拜廟行程曝,政治,2026/02/16 10:20,總統賴清德初二（18日）上午將赴高雄市岡山壽天宮參香祈福，並於現場親自發放1元福袋，與民眾共度新春佳節。（記者蘇福男攝）農曆春節連續9天假期，總統賴清德和副總統蕭美琴正月初一至初三將分頭走訪全台38處廟宇參香祈福，並於現場親自發放1元福袋，與全台民眾共度新春佳節。賴清德、蕭美琴的廟宇祈福行程，足跡涵蓋雙北、基隆、桃竹苗、中彰投、雲嘉南及高屏、宜蘭等縣市，其中，初二（18日）賴清德規劃8處廟宇參香，預計上午7時抵達台南市的台灣祀典武廟，依序前往屏東縣的精明寶宮、海豐三山國王廟；中午走訪高雄市的岡山壽天宮與前鎮鎮南宮；下午則是雲林縣的虎尾福安宮、石榴班長和宮，並於傍晚前往南投縣的竹山天心寶宮。請繼續往下閱讀...蕭美琴初三（19日）則深入南台灣，安排6處參拜地點，預計上午9時自台南市開基玉皇宮出發，隨後前往嘉義縣的民雄大士爺廟與民雄慶誠宮、嘉義市的南天門太子行宮；下午則轉往屏東縣南方代天府、高雄市鳳山代天府。    ,https://news.ltn.com.tw/news/politics/breakingnews/5344503
美方關切下......韓國瑜、江啟臣聲明：國防特別預算列優先審議議案,政治,2026/02/16 10:07,美國聯邦參眾議員近日針對台灣國防預算致函立法院長韓國瑜及朝野三黨政黨領袖，韓國瑜、立法院副院長江啟臣今日緊急發布共同聲明。（資料照）美國聯邦參眾議員近日針對台灣國防預算致函立法院長韓國瑜及朝野三黨政黨領袖，韓國瑜、立法院副院長江啟臣今（16）日緊急發布共同聲明強調珍惜與美國國會之間開放且坦率誠的互動交流，相當重視各位的意見，會積極協助各黨團間的溝通與協調，立法院開議後，國防特別預算相關議案將會是最優先審議的議案，也相信在各政黨的努力下能看到進展。韓國瑜指出，台美友好建立在共享民主價值，以及共同維護印太地區和平穩定的承諾，是雙方關係的重要基礎，是長期的價值夥伴，立法院珍惜且重視台美緊密的合作關係以及美國國會對台灣的堅定支持。請繼續往下閱讀...韓國瑜續指，台灣身處在複雜的地緣政治環境，他及江啟臣一向關注我國的國防、外交及僑務工作，並高度重視國防、安全與經濟合作議題，期盼透過台灣自身的努力以及與夥伴國家的合作，共同維護台海及區域的和平、穩定與繁榮。韓國瑜表示，作為立法院院長與副院長，他們所代表的是一個由中國國民黨（KMT）、台灣民眾黨（TPP）、民主進步黨（DPP）及無黨籍立法委員共同組成的多元國會，民主社會中存在不同意見，並透過理性辯論達成共識，是民主制度的成熟表現，希望向美國國會友人表達，台灣的立法委員與各位一樣，懷抱對國家的熱愛與責任感，無論黨派立場為何，大家對於守護國家、強化自我防衛能力、確保國家安全、社會安定與經濟繁榮的決心，絕對一致且堅定。韓國瑜強調，中華民國台灣是蓬勃的民主國家，立法院作為國家最高民意機關，會堅持在公開、透明及符合法治的程序下，審議各項議案以及達成跨黨派的共識，透過理性思辨與國會參與更將有助於提升國防政策的社會支持。針對國防特別預算條例，韓國瑜說，他會積極協助各黨團間的溝通與協調，營造理性對話的環境，立法院一定會在符合國家國防需求以及回應民意期待下，充分討論並審慎審議相關議案。這樣的過程不僅符合民主程序，更有助於凝聚台灣社會對國防預算的共識。立法院開議後，國防特別預算相關議案將會是最優先審議的議案，也相信在各政黨的努力下能看到進展。「台灣有自我防衛的決心，也一向致力維護台海與區域的和平與穩定。」韓國瑜重申。立法院肩負全國2300萬民意的託付，會克盡職責，為國家的安全、發展與繁榮努力，我們珍惜與美國國會之間開放且坦率誠的互動交流，相當重視各位的意見，我們將以嚴肅而堅定的態度在台灣安全，以及維護印太地區的和平與穩定作出負責任的貢獻。    ,https://news.ltn.com.tw/news/politics/breakingnews/5344513
賀新春  國民黨主席鄭麗文南門市場採買年貨,政治,2026/02/16 10:00,國民黨主席鄭麗文日前到台北市南門市場採買年貨，造訪多家知名老字號，並介紹自己最愛的美食。（國民黨提供）今天是農曆除夕，國民黨主席鄭麗文日前到台北市南門市場採買年貨，鄭麗文造訪多家知名老字號，採購年糕、魚丸等商品，並強忍住流口水，介紹自己最愛的美食。鄭麗文表示，每年過年她一定要採買的商品，就是南門市場的老字號「南園」，「南園」販售的年糕有紅豆、綜合等多種口味，以及她的最愛「八寶飯」。請繼續往下閱讀...鄭麗文說，大家過年一定要吃年糕，才能步步高升，年前採買年糕，除了因為自己愛吃，拜拜時也一定要有年糕。鄭麗文並介紹處理年糕的小撇步，強調她不會沾裹雞蛋液，而是拍一點太白粉後，直接放入油鍋裡煎，這樣處理的年糕表皮就會是酥酥薄薄、焦焦的口感，十分好吃。此時，身旁一名助理問鄭麗文，有沒有機會可以吃到？她卻立刻回說，「慢慢等吧！」走到另一個知名商家「盧記魚丸」時，鄭麗文頻說「超香的」，「口水快要流出來了」，當看到店家正在製作手工蛋餃時，鄭麗文還強忍住口水直說，「這個超好吃」。鄭麗文在南門市場與隨行人員一起祝福大家新年快樂、幸福加碼、馬上發財，她還向拜訪的商家提前賀節，祝福生意興榮、賺大錢。國民黨主席鄭麗文日前到台北市南門市場採買年貨，造訪多家知名老字號，並介紹自己最愛的美食。（國民黨提供）    ,https://news.ltn.com.tw/news/politics/breakingnews/5341477
朱立倫除夕揮毫寫春聯  子弟兵楊智伃跟著練習寫獲好評,政治,2026/02/16 09:57,前國民黨主席朱立倫與台北市松山信義區市議員參選人楊智伃在除夕（16日）一同寫春聯。（朱辦提供）為慶賀馬年到來，前國民黨主席朱立倫在除夕（16日）提筆揮毫寫下「躍馬新生」祝福新春能有新氣象，更寫下「智韜經略開太平，馬到成功展新生」對聯，期許國家在新年能夠安康太平。朱立倫表示，「躍馬新生」象徵的是馬年奔騰、跳躍的活力，希望新年大家都有嶄新的生命力。揮毫過程中，朱立倫提筆前用手指順了筆劃後迅速完成；一旁的台北市松山信義議員參選人楊智伃也練習提筆寫下「馬到成功」，朱立倫不僅稱讚好看，還說「大家願意寫就好」，讓楊智伃鬆一口氣，直呼：「老師今年過年很寬容！」請繼續往下閱讀...最後，朱立倫再挑戰高難度對聯，寫下「智韜經略開太平，馬到成功展新生」，寓意期許國家大政都能以智慧、宏觀的眼光與佈局來治理，使社會能享有平安、祥和的新年，也祝福國人在馬年都能夠馬到成功、展開新局，新年快樂。    ,https://news.ltn.com.tw/news/politics/breakingnews/5344500
宜蘭縣民馬年起敢生、敢養 林國漳六大社福政見一次看,政治,2026/02/16 09:10,民進黨宜蘭縣長參選人林國漳（右）走訪宜蘭各大市場發春聯。（記者王峻祺攝）宜蘭藍綠白縣長參選人新年走春行程陸續曝光，12鄉鎮市廟宇跑透透，其中民進黨參選人林國漳還在臉書一口氣公開「六大社福政見」，盤點從去年宣布參選迄今的所有推動願景，要讓縣民從馬年起「敢生、敢養」，打造宜蘭成為照顧完善的城市。林國漳說，他出生在宜蘭市北門口，家庭雖不富裕，但立志成為一位公益律師，30年執業生涯，看見許多宜蘭面臨的社福問題，因此在小年夜「開漳宜蘭送吉祥」，新的一年正式向縣民分享他的六大社福政見。請繼續往下閱讀...林國漳六大社福政見，包括0-6歲孩童，1年補助10次掛號費；生育補助津貼提高至每胎3萬元；延續「呷飯免錢、讀書免錢」政策，並提高品質；帶狀疱疹疫苗補助：65歲以上補助3000元、弱勢族群全額補助；弱勢健保全額免費，以及宜蘭新美力的四大面向照顧新住民朋友。林國漳說，六大社福政見從孩子到長輩、從原住民到新住民，他都要一一照顧到，補助掛號費讓家長安心帶孩子就醫，提高生育津貼則是讓大家在宜蘭敢生、敢養，未來還要成立「宜蘭縣營養午餐精進委員會」，讓孩子吃到熱騰騰、好吃又營養的午餐。他說，「皮蛇」的帶狀疱疹，痛起來要人命，未來主張由縣府議價採購降低成本並提供補助；弱勢族群及55歲以上原住民族朋友的健保費也應全免；另外還要補助新住民孩子「文化溯根」，每案最高10萬元，以及弱勢新二代的「助學支持」。    ,https://news.ltn.com.tw/news/politics/breakingnews/5344476
鄭麗君、楊珍妮替台灣守住了什麼？ 張育萌提分析,政治,2026/02/16 09:09,行政院副院長鄭麗君在小年夜清晨返抵國門。（資料照）台美正式簽署對等貿易協定（ART），行政院副院長鄭麗君今（15日）返台後表示，終於完成談判團隊的任務，年後盡快將貿易協定和投資MOU函送國會，也會持續對外溝通說明。對此，台灣青年世代共好協會理事長張育萌分析鄭麗君和楊珍妮在小年夜回到台灣，這場教科書等級的談判，替台灣守住了什麼。張育萌在臉書PO文表示，台灣蘭花直接降到零關稅，台灣的蝴蝶蘭，在美國市占率高達 46%。等於在美國看到兩株蝴蝶蘭，就有一株來自台灣，台灣蘭花原本賣到美國，關稅一直是零。去年4月3日，川普宣布對等關稅後，突然暴增到32%，後來暫時降到20%，說實話，這將近一年來，台灣蘭花一直在苦撐，我們的競爭對手一直是荷蘭，現在談判結束，荷蘭的關稅是15%，我們是零。請繼續往下閱讀...張育萌指出，關稅不只是看「絕對數字」，當然要比較主要競爭對手，台灣的毛豆賣到美國，以後新關稅就是15%。主要競爭對手呢？中國是超高的48.8%、越南是23.8%，泰國也要22.8%，都是他們的對等關稅，還要疊加原本的關稅，台灣出名的吳郭魚、虱目魚和鱸魚，關稅都是15%。中國的吳郭魚和鱸魚，賣到美國通通要課45%關稅，越南吳郭魚賣到美國，關稅也要20%。菲律賓和印尼的虱目魚，賣到美國要課19%關稅，通通比我們高。張育萌續指，談判一開始，美國就提出「降稅清單」幾乎是百分之百，要美國農產品進口台灣，通通零關稅，但我們守住了。我們跟美國說，不能從零關稅開始談。最後，27 項對台灣重要的農產品都進口不降稅，台灣的稻農有22萬多戶。談判初期，農戶們很擔心「進口米會長驅直入」，但最後，我們成功守住現在的進口米關稅配額，也就是稻米和米製品都不降稅，關稅配額也不會變，台灣彰化、雲林、嘉義到台南，是雞肉主要飼養區。雲林也是大蒜重要產地，屏東主要產紅豆也包括沿海養殖的牡蠣，這些全部都守住了，通通不降稅。張育萌分析，降稅的產品，除了台灣幾乎沒生產的，像是小麥、龍蝦、堅果和櫻桃，另一種就是台灣的產量雖然大，但需求也很大美國的產品進口後，會跟其他國家競爭，像是美國的柑橘準備降稅。但很多人不知道，美國賣來的柑橘，主要是用在加工做的果汁，台灣的柑橘就是我們在市場常看到的，都是新鮮、直接吃的。美國的豬肉進口，會有3年的緩衝，逐漸降低到關稅減半，實際上，美國進到台灣的豬肉，只佔整個進口量的8%。而且，在全國的豬肉消費中，只佔1%，台灣的最大豬肉進口國是加拿大，佔比高達4成。另外是歐洲，也佔了4成。也就是說，以目前比例看來，加拿大跟歐洲就佔了進口豬肉的5成，我們國內開放美豬關稅減半進口後，美豬會跟加拿大和歐洲競爭。而且，就算美國豬肉的關稅減半，價格只會跟加拿大「拉近」，但還是會比加拿大高。張育萌補充，台灣的國產液態乳市占率接近9成，美國液態乳降稅後，首先會面對的的是紐西蘭的競爭。紐西蘭也是台灣現在最大的液態乳進口國，為了讓台灣人一看就清楚，最晚從今年7月開始，不管從紐西蘭還是美國進口的液態乳，都只能叫「牛乳」或「羊乳」，只有台灣自己國產的鮮乳，才能標示叫「鮮乳」張育萌直言，看到鄭麗君回憶，談判團隊簽署完「台美對等貿易協定」後，車開過結冰的波多馬克河，心裡想的是歷經春夏秋冬的10個月，「終於完成任務了」，他最感動的是，每次被問到「辛不辛苦」，鄭麗君永遠說「我不敢說辛苦，因為產業界比我們更辛苦。    ,https://news.ltn.com.tw/news/politics/breakingnews/5344471
漏網鏡頭》谷立言優雅動筷吃年菜  林佳龍「吃貨」上身用手抓蝦,政治,2026/02/16 09:00,"AIT處長谷立言（左）與外交部長林佳龍日前在一場團圓飯的宴席中相互敬酒。（外交部提供）台灣正值農曆春節，外交部長林佳龍特別邀請美國在台協會（AIT）處長谷立言與日本駐台代表片山和之，一起享用除夕團圓飯，品嚐由台灣農業青年大使自行栽種、養殖的台灣美味食材烹調而成的年菜。沒想到林佳龍看到10多道美味佳餚，竟在谷立言與片山和之面前台灣魂上身，直接化身「吃貨」，將外交禮儀拋諸腦後，毫無部長包袱地埋頭猛吃，與身旁的谷立言形成鮮明對比。谷立言、片山和之、林佳龍3人落座後，現場的農業青年大使依序介紹各項菜品，並主動分菜、夾菜給作客的谷立言與片山和之，坐在兩人中間的林佳龍則沒有要管兩人，也不等現場的農青大使分菜，主動動筷出擊，夾取自己要吃的菜色。請繼續往下閱讀...在看到第一道有食用花點綴的沙拉冷盤「原香米果瑞海盤」時，林佳龍只關心「這花可以吃嗎？」。在品嚐第二道菜梅醬雞肉「春梅報喜金鳳凰」時，林佳龍就已經進入「吃貨」狀態，在谷立言優雅地夾起一口雞肉，並細嚼慢嚥地吃完的同時，林佳龍已經連吞兩大口，滿足地用手擦一下嘴角，驚嘆「這是雞肉」。在農青大使介紹菜色「檸香胡椒躍鮮蝦」當中的泰國蝦養殖過程時，林佳龍也不忘邊聽邊吃，一旁谷立言優雅地使用筷子吃蝦，林佳龍則接地氣地直接用手抓起蝦尾，絲毫不放過一點剩餘的蝦肉，看起來真的吃得很香。下一道則是農青大使用30年老茶燉煮的茶香東坡肉「茶韻東坡富貴肉」，3人皆非常認真地吃肉，林佳龍更是吃到盤底朝天，一點東坡肉都沒有剩下，連農業青年大使已經開始介紹下一道菜「桂圓好事雙味捲」都沒注意到，連聲誇讚東坡肉「真的很好吃！入口即融！」。外交部長林佳龍邀請美國在台協會（AIT）處長谷立言與日本駐台代表片山和之，一起享用除夕團圓飯，品嚐由台灣農業青年大使自行栽種、養殖的台灣美味食材烹調而成的年菜。（外交部提供）    ",https://news.ltn.com.tw/news/politics/breakingnews/5343137
谷立言帶「波本威士忌」迎新年 讚這道在地台菜最美味！,政治,2026/02/16 09:00,日本駐台代表片山和之（右）準備海邊燒/海苔燒麻糬、黃豆粉麻糬、麻糬紅豆湯3種日本麻糬，指名將黃豆粉麻糬給AIT處長谷立言（左）享用、海苔燒麻糬給外交部長林佳龍品嚐，自己則吃麻糬紅豆湯。（外交部提供）今日為農曆除夕，馬年將至。外交部長林佳龍特別邀請美國在台協會（AIT）處長谷立言、日本台灣交流協會台北事務所代表片山和之共襄盛舉，享用由台灣農業青年大使自行栽種、烹調的台灣道地年菜。谷立言在享用完年菜後，特別表示對檸檬胡椒蝦的喜愛；片山和之則最愛茶香東坡肉與沙拉冷盤，與林佳龍口味相似。農青代表葉佳欣首先以中、英、日語三語歡迎林佳龍、谷立言、片山和之。接著三人依序享用農青大使準備的8道菜品與2種飲品。8道菜品分別為沙拉冷盤「原香米果瑞海盤」、梅醬雞肉「春梅報喜金鳳凰」、檸檬胡椒蝦「檸香胡椒躍鮮蝦」、茶香東坡肉「茶韻東坡富貴肉」、腐皮捲桂圓甜米糕「桂圓好事雙味捲」、茶葉菜脯雞湯「三代同堂團圓盅」、紅白草莓與橘子水果拼盤、福馬造型仙草凍與麻糬「馬吉黑金幸福桌」，飲品則是冷飲迎春梅釀與熱飲青心烏龍。請繼續往下閱讀...在品嚐到草莓、橘子水果拼盤時，農青大使特別介紹，現場的「台農一號」草莓有美國媽媽、日本爸爸，是冬天限定的水果；在介紹甜點仙草凍與客家麻糬時，谷立言也特別注意到用仙草凍做成的小黑馬，讚嘆「這個馬很漂亮」。享用完農青大使準備的佳餚後，林佳龍指出，茶香東坡肉有「媽媽的滋味」，是他最喜歡的一道菜；片山和之表示，特別喜歡沙拉冷盤與東坡肉；谷立言說，他很喜歡檸檬胡椒蝦，當中胡椒與檸檬的平衡相當好，且相當脆，每道菜品都很好吃，讓他感受到過年氛圍。負責製作茶香東坡肉的農青代表葉佳欣表示，這道東坡肉特別之處在於使用拉拉山高山紅茶燉煮，與傳統東坡肉相比，口感更清爽；製作出受到谷立言好評的檸檬胡椒蝦的農青陳廷瑋則說，蝦子產於屏東里港，有好的水質環境與飼料調配，蝦子吃起來才會脆口香甜。接著，輪到片山和之與谷立言展示兩人準備的日本、美國「年菜」。片山和之表示，日本自明治維新後，過年都是過陽曆年，傳統上會準備什錦冷菜、蕎麥麵、麻糬，他今天特別準備海邊燒/海苔燒麻糬（磯部焼き）、黃豆粉麻糬（きな粉餅）、麻糬紅豆湯（ぜんざい）3種日本麻糬。谷立言介紹美國「年菜」指出，美國通常是過感恩節、聖誕節，沒有正式過年的習慣，只會非正式地與朋友喝酒、吃零食，因此他特別準備美國巴頓波本威士忌。他說明，巴頓波本威士忌產自美國肯塔基州，由當地飲食玉米釀製而成，與台灣菜很搭，且波本常被與肯塔基州當地賽馬聯想，因此他選擇巴頓波本威士忌。最後，林佳龍總結說，美日台就像家人，期待美日台關係在新的一年「馳騁寰宇，龍總馬吉」。馬年將至，外交部長林佳龍特別邀請美國在台協會處長谷立言、日本台灣交流協會台北事務所代表片山和之共襄盛舉，享用由台灣農業青年大使自行栽種、烹調的台灣道地年菜。（外交部提供）    ,https://news.ltn.com.tw/news/politics/breakingnews/5343138
總預算立院一毛未審 國軍過年留守不嘻嘻：加菜金規模、犒賞受影響,政治,2026/02/16 08:15,賴清德總統日前登3000公尺山巔，視導「小雪山雷達站」國軍。（總統府提供）今（115）年度中央政府總預算案在立院卡關，至今未完成審查，國防部日前向立法院提出專報示警，強調高達780億元的國防「新興計畫」預算依法無法動支。針對外界關切農曆春節將至，基層部隊運作與官兵權益是否受到衝擊？國防部回應本報提問時證實，雖然基層主官不致「無錢可用」，但預算凍結確實將對「犒賞官兵、加菜金規模及春節物品採購」產生一定程度影響。國防部在「115年度中央政府總預算案尚未審查對國安影響」專報中指出，若預算未過，受影響金額高達780億元。其中在「照顧官兵」項目，包括調增部隊定額業務費、調高生育補助及營舍修繕等約43億元的新興計畫也受到影響。請繼續往下閱讀...針對本報詢問，受影響的「調增各級部隊基本維持定額業務費」（連級月增1萬500元）用途為何，預算未過是否導致主官在春節期間無現金可用？國防部回應表示，「各級部隊基本維持定額業務費」屬於持續性經費，主要提供基層執行經常性公務、部隊犒賞、加菜金及設施維護等用途。國防部指出，115年原訂調增編列基準，增列約3.9億元，但目前僅得按「原列基準」支用。雖不致讓基層主官無現金可用，惟對於「犒賞官兵、加菜金規模及部隊所需春節物品採購等，均會產生一定程度影響」。至於專報項目中所列「生活營舍修繕」項目，是否會令留守官兵在春節低溫期間面臨熱水或暖氣設備故障卻無錢可修的窘境？國防部說明，國軍生活設施修繕的新興計畫主要包含「住用空間優化」、「逾年限老舊高耗能電氣設施」及「生活陣營具汰換」等，115年增列預算12億餘元，若獲通過可有效提升品質。至於官兵現行使用的保暖設備（如保溫配膳檯、熱水鍋爐、飲用熱水機及暖氣設備），如有損壞可運用「維持費」（非增列預算，短期內不受預算審議影響）立即委商修復，可滿足官兵保暖需求。另外，政府原訂今年起調高至每胎10萬元的生育補助，因預算未審無法執行，1、2月份出生的官兵子女該如何請領？國防部表示，將配合行政院軍公教人員一致性作法，「暫依原基準核發」，俟總預算案通過後再行「補發差額」，以維護官兵個人權益。國軍115年春節加強戰備演練情形。（資料照）    ,https://news.ltn.com.tw/news/politics/breakingnews/5342695
中國鎖定關鍵基礎設施攻擊 木馬潛伏戰時恐全面啟動,政治,2026/02/16 08:10,我國關鍵基礎設施領域，包括「能源」台電、中油、電廠，「水資源」水庫、台水，「通訊傳播」中華電信、央廣發射台等。（資料照）中國可能鎖定我國關鍵基礎設施攻擊，總統府全社會防衛韌性委員會去年以來已召開多次會議，提到強化防衛韌性。根據報告，數發部建議，為防範境外敵對勢力平時可能透過後台植入木馬或後門，於戰時全面啟動的風險，應於平時持續進行關鍵系統掃描檢測，清除潛伏之惡意程式。我國關鍵基礎設施領域，包括「能源」台電、中油、電廠，「水資源」水庫、台水，「通訊傳播」中華電信、央廣發射台，「交通」高鐵、台鐵、機場及重要港口，「金融」中央銀行、金融機構，「緊急救援與醫院」軍醫院、醫學中心，「高科技園區」竹科、南科，「重要政府機關」總統府、行政院等。請繼續往下閱讀...全社會防衛韌性委員會會議報告指出，考量我國地理空間有限，如關鍵能源設施全數設立於國內，難免成為敵軍優先攻擊目標，為確保能源韌性，建議善用「國際友盟」力量建立能源儲備及運輸等合作機制，藉以分散風險。據了解，面對無人機等非傳統安全威脅，政府已啟動關鍵基礎設施防護計畫，涵蓋能源、金融、通訊等領域關鍵設施。此外，有鑑於海纜為我國實體與數位基礎設施的重大脆弱點，戰時極易遭敵方切斷，致使對外連線與訊號中斷，形成孤島，建議政府應整合陸、海、空及衛星資源，建立「多元傳輸路徑」的備援機制。報告指出，平時維持最大傳輸量能，戰時若海纜中斷，仍可透過衛星或微波等替代方案達到基礎聯網能力。對於關鍵基礎設施停擺將重創台灣，報告提及，考量戰時資安攻擊將透過水平擴散與垂直提權導致一次性癱瘓，造成重大損害，建議應全面盤點核心功能與關鍵基礎設施，依據「設施失效對社會衝擊程度」排定維運的優先順序，積極推動資料中心及關鍵系統「在地化運作」，確保即便國際網路中斷，國內設施與系統仍可維持正常營運。另，數發部建議，為防範境外敵對勢力平時可能透過後台植入木馬或後門，於戰時全面啟動之風險，應於平時持續進行關鍵系統掃描檢測，清除潛伏之惡意程式，在緊急狀況且無法全面防堵時，則以物理阻絕斷網方式因應，直接阻斷外部連線，確保核心資料不外洩、不被控。國安局報告則揭露，中共網軍駭攻我關鍵基礎設施，主要包括BlackTech（黑科技）、Flax Typhoon（亞麻颱風）、Mustang Panda（野馬熊貓）、APT41、UNC3886等五個駭客組織。據分析，在能源領域，有滲透工控設伏干擾。中共網軍密集探測我國石油、電力、天然氣等公、民營能源公司的網路設備及工控系統；另企圖利用軟體更新時機，對我能源業者暗植惡意程式，目的在掌握我能源產業運作機制、物資規劃及備援部署等營運計畫。報告強調，中共網軍會攻擊我國通訊產業網通設備漏洞，意圖潛伏通訊業者及協力廠商電腦系統，再透過「中間人」攻擊模式，從中竊取通訊數據、用戶資料，及滲透機敏與備援鏈路，進而伺機影響我國內、外通訊網路安全及韌性，須加以防堵。我國關鍵基礎設施領域，包括「能源」台電、中油、電廠，「水資源」水庫、台水，「通訊傳播」中華電信、央廣發射台等。（資料照）    ,https://news.ltn.com.tw/news/politics/breakingnews/5341599
央廣遭內鬼置入五星旗 不排除有中共因素,政治,2026/02/16 08:05,國營媒體中央廣播電台官網首頁，去年曾爆發遭「內鬼」置入五星旗的事件。（資料照）國營媒體中央廣播電台官網首頁，去年遭「內鬼」置入五星旗，涉案的前央廣組長岳昭莒、前央廣工程師吳政勳，已被檢方起訴求處重刑。關於該案有無中共滲透可能？熟稔內情人士透露，岳男在央廣任職數十年，父執輩曾任情報單位，中共慣常接觸此類人員，不排除背後有中共因素的介入。二○二五年九月十一日，央廣官網遭不明人士入侵，被惡意竄改置放中國五星旗，北檢查出「內鬼」工程師吳政勳、網路媒體組主管岳昭莒、黃姓廠商涉案，並意圖於雙十國慶故技重施。請繼續往下閱讀...檢方調查，岳昭莒持有、保管央廣官網原始程式碼，三人共組LINE群組，共同謀議攻擊央廣官網；吳男也涉嫌利用管理權限，在後台屏蔽中國異議人士戚洪獨家專訪、陸委會主委邱垂正訪美等新聞，甚至讓央廣日語版新聞網頁出現簡體中文。知情人士指出，中央廣播電台早年對中國大陸進行心戰廣播，包括宣揚三民主義的優越性，揭穿中國共產黨各種暴政罪行。央廣近年持續製播節目，透視中國對台統戰滲透，戰時也是政府對外傳遞正確資訊的重要管道。知情人士透露，岳昭莒在央廣工作數十年，過去業務範圍涉及「對匪廣播」，其父執輩曾經任職於情報單位，工作業務也和中國大陸相關，因中共經常接觸此類人員，不排除背後有中共的因素介入。另外，前立委黃國昌國會辦公室去年曾向央廣索資，包括褒忠分台十年來的歷次發射機所有工作數據資料，因為有違常理、非一般國會問政會索取的資料，也讓央廣內部提高警覺。官員受訪表示，央廣是國家重要關鍵基礎設施，褒忠分台是重要分台，平時就有保二總隊進駐保護。黃國昌國會辦公室曾來索取機密資料，央廣只有提供「公開資料」，不會提供任何機密資料。黃國昌曾澄清指出，索資內容是為查證央廣工會檢舉內容，而央廣回覆給他的內容，沒有提及是敏感的機密文件。    ,https://news.ltn.com.tw/news/politics/breakingnews/5341598
中國若武力犯台 第五縱隊恐攻佔央廣,政治,2026/02/16 08:00,我國關鍵基礎設施「中央廣播電台」肩負戰時政府對外發布消息的重任。（資料照）我國關鍵基礎設施「中央廣播電台」肩負戰時政府對外發布消息的重任，據透露，如果中國武力犯台，解放軍或台灣內部第五縱隊可能採取佔領廣播電台的行動，也可能以無人機發動攻擊。為提供全國民眾平時準備及因應戰時的緊急應變參考資訊，國防部已印發「台灣全民安全指引」（小橘書），內容提到倘若台灣遭受軍事侵略，任何有關國家戰敗或政府宣布投降的訊息，都是假訊息。請繼續往下閱讀...「台灣全民安全指引」更提及，若網路或通訊中斷，可透過廣播獲得資訊。若在危機來臨時，廣播系統遭受破壞無法使用，請改至附近派出所、村里辦公室獲取正確資訊。知情官員受訪表示，戰爭時，中共會先用衛星來干擾，如果中國想要用佔領方式，它就不會破壞國營廣播電台、電視台等設施，它會想透過我方傳播管道去傳達哪邊已經淪陷或投降，或者發布它們想要散布的訊息。官員指出，如果情況非常危急，必須玉石俱焚情況下，我方可能會先破壞設備，不讓廣播電台落入解放軍手中。不過，根據我方研判，應該不至於出現這種情況，因為國營廣播電台是重要關鍵基礎設施，政府一定強化關鍵基礎設施的防衛及因應各種可能情況。官員進一步說，央廣所在地位於衛戍區內，靠近松山機場禁制區，都有納入相關演習之中，並設有多層防衛，重要據點部署警力保護，例如有保二總隊進駐防衛，重要據點褒忠分台亦有，以因應特殊情況。「守護關鍵基礎設施，要有長期抗戰的準備！」官員強調，包括米、油、糧食等等，都要充分整備，國營廣播電台一定是做好長期抗戰的準備，才能持續對外發聲，而且也要注意無人機的干擾，這部分都會特別注意。官員說，因為廣播電台發射塔設備高大又明顯，完全無法藏匿。當年二戰時，日本政府在台灣的廣播放送所曾遭美國軍機發射子彈攻擊，當時美方想讓日本政府停止對外發聲，就不是採用全部摧毀殆盡的方式。他強調，國共內戰時，中央廣播電台撤退到重慶，廣播設備也搬到那邊，當時國民黨政府製播反共廣播劇，不過最後撤退到台灣時，為了避免電台落入中共手中，還是有把設備摧毀。如果台海發生戰爭，公廣集團、央廣電台、漢聲電台等重要電台，一定要守住，絕不能落入敵人或第五縱隊手中。    ,https://news.ltn.com.tw/news/politics/breakingnews/5341597
捍衛海疆不打烊！海軍賀歲短片萬人讚：辛苦了,政治,2026/02/16 07:58,海軍今日PO出賀歲影片「賀新春護平安」。（擷取自中華國海軍臉書）首次上稿 02-15 22:09更新時間 02-16 07:58農曆春節將至，海軍在今（15）日小年夜PO出賀歲影片「賀新春護平安」，強調海軍365天不分晝夜捍衛海疆，讓國人平安歡度佳節。請繼續往下閱讀...海軍今日在臉書PO出賀歲短片【賀新春，護平安】，內容寫道：「春節，是團圓的日子。海軍全體官兵會持續戮力捍衛海疆，保護人民生命財產安全，讓國人平安歡度佳節。＃中華民國海軍＃祝您新年快樂」影片目前已有逾1萬人次觀看，許多網友留言向海軍弟兄致敬，大喊辛苦了。「真是一部非常精彩的影片，感謝為國家付出的每一個人！」、「謝謝海軍，捍衛海疆，守護國民，新年快樂」、「非常有感的影片，海軍加油」，並祝賀「新年快樂」。    ,https://news.ltn.com.tw/news/politics/breakingnews/5344373
接地氣！台灣女婿谷立言採購年貨 「美台友好」壽桃吸睛,政治,2026/02/16 05:30,美國在台協會昨天（小年夜）發布影片，「台灣女婿」處長谷立言走訪台北市的南門市場，向民眾拜年。（取自AIT臉書）美國在台協會（AIT）昨天（小年夜）發布影片，「台灣女婿」處長谷立言走訪台北市的南門市場，與民眾相互道賀，體驗年節熱鬧氣氛。除訂購寫有「美台友好」的大壽桃，還購買象徵「好事會發生」的花生，以及馬鈴薯預祝新年「馬上成功」。AIT表示，過去一年，台美夥伴關係在各層面都不斷深化，無論是經濟、安全合作，還是人民之間的緊密連結，期盼新的一年攜手並進、友誼長存、合作更上層樓。（圖：取自AIT臉書，文：記者陳政宇）美國在台協會昨天（小年夜）發布影片，「台灣女婿」處長谷立言走訪台北市的南門市場，向民眾拜年。（取自AIT臉書）美國在台協會昨天（小年夜）發布影片，「台灣女婿」處長谷立言走訪台北市的南門市場，向民眾拜年。（取自AIT臉書）    ,https://news.ltn.com.tw/news/politics/paper/1743950
出戰北市長？卓榮泰鄭麗君福袋窺動向,政治,2026/02/16 05:30,圖為鄭麗君署名的賀年卡片。（資料照，取自立委何欣純臉書）今年百里侯之戰，民進黨陸續完成縣市長參選人提名布局，傳出行政院長卓榮泰與副院長鄭麗君可能參選台北市長，知情人士分析，卓揆不可能出戰，因為他今年連「一元福袋」都沒做，新春期間拜廟，發的還是賴總統的福袋，反觀鄭麗君，不但有署名的賀年卡片，還有斗方春聯，反而留下想像空間。卓連「一元福袋」都沒做 鄭有賀年卡片、有春聯 留想像空間請繼續往下閱讀...鄭麗君因台美關稅談判表現亮眼，被視為代表民進黨參選台北市長熱門人選，儘管鄭麗君日前宣稱，她沒有深入思考過選舉問題，但綠營內部力拱鄭麗君征戰首都市長的聲浪從未間斷。民進黨台中市長參選人、立委何欣純昨指出，鄭麗君代表台灣和美國談判，過程艱辛，但她有為有守，表現深受國人肯定，自己最近走訪基層，大部分聲音都是對鄭麗君的表現極力稱讚、對談判團隊表示感謝。立委何欣純：基層對鄭極力稱讚、感謝談判團隊何欣純強調，鄭麗君是她十多年的好朋友、好姐妹，不管鄭麗君未來如何選擇，她都尊重且大力支持，女力連線固然很好、很重要，相信「勝利連線是站在我們這一方的」。此外，無論行政院的正副院長是否出戰北市，執政團隊已進入選戰模式，將藉由府院高層地方視察行程，配合推出各項地方建設與政策利多，並強化論述過去中央資源挹注地方建設的具體成績，同時宣傳政績與政策願景。事實上，民進黨籍苗栗縣長參選人陳品安一月初拜會行政院後，卓揆隨後視察苗栗醫院，宣布核定急重症醫療大樓擴建工程，廿一億元預算由中央全數支應。卓揆二月初到宜蘭視察鐵路高架化建設，原本農曆年前就會核定總經費超過五百億元的宜蘭至羅東鐵路高架化計畫，不過，春節期間他將再度走訪宜蘭溝通，預計年後才拍板。不過，卓揆二月初視察宜蘭時，遭國民黨批是「輔選列車」，知情人士說，執政團隊在相關規劃安排，一方面要增加黨籍參選人曝光機會，另方面又要尊重地方藍營人士，盡力會達到「藍綠平衡」。他並強調，衛福部豐原醫院綜合式長照機構去年底落成啟用時，要選台中市長的民進黨立委何欣純、國民黨立委楊瓊瓔都出席，雖立法院副院長江啟臣未出席，卓揆當時還特地請江的夫人劉姿伶站在他的旁邊，可見卓揆的用心。對於卓揆在年底選戰的角色，政院人士表示，行政院提出重大建設計畫及各項福利政策，都是不分黨派，都是以國家整體長遠發展與國人健康作為施政目標，不論是否是執政縣市，「均衡台灣」是行政院的目標。民進黨今年縣市長參選人布局，傳出行政院長卓榮泰與副院長鄭麗君可能參選台北市長。（資料照）    ,https://news.ltn.com.tw/news/politics/paper/1743945
台美夥伴關係戰略新輪廓 安全防衛、供應鏈雙軌並進,政治,2026/02/16 05:30,去年8月29日賴清德總統接見美參院軍委會主韋克爾訪問團，是暌違九年再有參院軍委會主席訪台，彰顯兩國合作正朝實質化邁進。（總統府提供）賴清德總統上任以來，台美夥伴關係在美方重量級訪團頻密來訪的帶動下，勾勒出「安全防衛」與「供應鏈」雙軌並進的戰略新輪廓，近兩年來，美國參眾兩院跨黨派議員、智庫領袖到前軍方高層絡繹不絕來訪，最具指標性的進展，莫過於美國參議院軍事委員會主席韋克爾，是暌違九年再有參院軍委會主席訪台，彰顯兩國合作正朝實質化邁進。觀察賴總統的對美外交，已逐漸從「價值同盟」轉化為具體的「實質合作」。去年八月底正值中國「九三閱兵」前夕，即便中國駐美國大使館強烈要求取消行程，韋克爾仍偕參院共和黨副黨鞭費雪率團訪台展現挺台立場。請繼續往下閱讀...美國國會挺台的跨黨派共識，在賴總統接見的訪團展露無遺。今年首位訪台的聯邦參議員蓋耶哥重申，美國國會跨黨派持續支持台灣的主權獨立，反對任何形式的脅迫，阻撓其他國家與台灣往來。民主黨參議員達克沃絲、眾院「國會台灣連線」共同主席貝拉；共和黨眾議員魏德曼、參議員瑞克茲等相繼來訪，也展現美方挺台立場的連貫與穩定。另外，前白宮副國安顧問博明、前印太司令阿奎利諾、前國防部次長傅洛依及「印太安全研究所」（IPSI）主席薛瑞福等戰略核心人物的相繼到訪，也凸顯雙方在安全層面對話的高度。值得注意的是，晶片、能源、無人機供應鏈的實質對接，已躍升為台美合作新顯學。去年四月參院「外交委員會亞太小組」主席瑞克茲來台時，賴總統再次提出「台灣加一」布局，主張台美共同打造「非紅供應鏈」的想法；與眾院天然資源委員會主席魏德曼會晤時，議題進一步延伸到稀土與能源安全，強化台美在高科技製造的互補性。「州長外交」成績亮眼此外，賴政府「州長外交」也有亮眼成績，台積電在美重鎮亞利桑那州州長郝愷悌來訪，聚焦共同建立更完整的高科技產業聚落，成為「非紅供應鏈」示範地；田納西州州長李比爾鎖定AI伺服器製造合作；阿拉斯加州長鄧利維推動能源合作、供應天然氣。前述成果精準連接台灣產業優勢與美國「再工業化」需求，讓台美夥伴關係延伸到經濟命脈，雙方鏈結日益緊密。    ,https://news.ltn.com.tw/news/politics/paper/1743949
台美貿易協定完成簽署返國 鄭麗君：持續溝通 盼社會、國會支持,政治,2026/02/16 05:30,行政院副院長鄭麗君在小年夜的清晨六時許搭乘長榮航空班機返抵國門。（記者劉信德攝）歷經十個月談判，台美已於美東時間十二日簽署對等貿易協定（ART）。行政院副院長鄭麗君昨天表示，春節假期後將盡速把貿易協定和投資MOU的兩份文本、以及整體影響評估送交立法院，持續對外溝通說明，希望社會及國會能夠共同支持，為產業開拓更公平且具優勢的國際競爭環境。為產業開拓具優勢競爭環境總統賴清德肯定談判團隊的努力，強調「台灣一定會因你們的努力更堅韌、更繁榮！」請繼續往下閱讀...鄭麗君在小年夜清晨搭乘班機返抵國門，未發表談話，僅面帶微笑向在場媒體致意「新年快樂」後離去。鄭稍晚於臉書撰文說明，台灣確定取得輸美對等關稅十五％且不疊加，這是美國給予逆差國中的最佳待遇；台灣爭取到二〇七二項輸美產品豁免對等關稅，使輸美產品的平均關稅降到十二．三三％，同時也取得二三二條款關稅最惠國待遇。感謝產業界、民眾包容與等待鄭麗君談到，感謝產業界及民眾的包容與等待，希望談判結果能為台灣帶來更公平、甚至更具優勢的競爭地位，為未來拓展更多機會與更寬廣的道路。鄭並感謝所有談判團隊的成員，因為這場談判在整個政府團隊的通力合作下，才可能完成，也謝謝民眾的支持鼓勵、以及不同意見的批評指教，她都感念在心，也會虛心傾聽。「麗君，歡迎回家。」賴總統於貼文留言表示，看到鄭麗君提到結冰的波多馬克河，更能感受到這十個月來，談判團隊在異鄉為台灣打拚的艱辛；再次感謝在第一線奮鬥不懈的談判團隊成員，這趟路辛苦了，台灣一定會因他們的努力更堅韌、更繁榮。    ,https://news.ltn.com.tw/news/politics/paper/1743942
小年夜慰勉警察海巡 賴宣布3月起調高警勤加給,政治,2026/02/16 05:30,總統賴清德昨赴嘉義縣警察局水上分局進行春節慰勉。（記者林宜樟攝）昨天小年夜，總統賴清德到嘉義縣視察、慰勉辛苦的警察及海巡人員，他表示行政院已核定通過修正「警察人員警勤加給表」，調高刑事加成以及勤務繁重加成，若立法院通過，三月一日可生效實施，全國約有六萬名警察受惠；賴說，他上任後持續提升海巡工作與生活品質，今年編列一．四億元翻新老舊海巡廳舍進行改善，未來會支持各海巡單位老舊眷舍進行翻修。最高提高4成支給 全國6萬警察受惠賴清德昨由嘉義縣長翁章梁、內政部長劉世芳及海委會主委管碧玲等人陪同，前往嘉義縣警局水上分局、海巡署中部分署第四岸巡隊布袋漁港安檢所慰勉；他表示，除調高直轄市勤務繁重加成，屬於非直轄市的十三個本島縣市警察也納入適用範圍，最高提高四成支給，每月增加三一〇四元到三八八〇元，希望透過待遇調整，回應基層員警實際工作需求，鼓舞士氣。請繼續往下閱讀...編列1.4億翻新老舊海巡廳舍賴清德肯定海巡在護漁、緝毒、查緝走私偷渡、海上救援及因應灰色地帶侵擾等工作上扮演關鍵角色與展現具體成果，強調政府將持續以實際行動做為海巡最堅實的後盾，盼共同為保護國家奮鬥，讓國家更安全；海巡同仁守護海疆與國防同等重要。賴清德說，前總統蔡英文起至今十年，政府為軍公教加薪四次，累計加薪幅度十四％，蔡前總統及他的任內總共調升二十三項加給，去年調升五項加給，每年增加一三八億元預算，讓大家能夠安心工作，無後顧之憂，讓更多有志於保家衛國的年輕人投入國軍、海巡的行列。賴清德說，國家只有一個，代代子孫在此長治久安，因此更要保護國家安全，唯有國家安全，經濟發展才有意義；國家不安全，經濟發展再好，最後只是幫別人作嫁；國家更安全，經濟發展才會更有保障。昨天小年夜，總統賴清德（左3）由嘉義縣長翁章梁、海委會主委管碧玲等人陪同，前往海巡署中部分署第四岸巡隊布袋漁港安檢所慰勉。（記者林宜樟攝）昨天小年夜，總統賴清德由嘉義縣長翁章梁、海委會主委管碧玲等人陪同，前往海巡署中部分署第四岸巡隊布袋漁港安檢所慰勉，海巡隊員與總統開心合影。（總統府提供）    ,https://news.ltn.com.tw/news/politics/paper/1743947
中央政績牽動地方選情 綠百里侯選將提「加分」解方,政治,2026/02/16 05:30,一月底賴清德總統由立委何欣純陪同赴台中參香，喊話在野黨通過國防特別預算及中央總預算。（資料照，記者廖耀東攝）民進黨中央執政政績，攸關今年底九合一選情，民進黨多位百里侯選將紛紛提出「加分」解方。政策要有感 多下鄉與民眾溝通報告民進黨台中市長參選人何欣純期盼，中央推動有感政策，賴總統、行政院長卓榮泰應多下鄉，向人民報告政府的政策作為；民進黨台南市長參選人陳亭妃也表示，政策永遠就是最好的選戰武器，執政團隊最重要的是執行力和溝通力，好的政策一定要讓人民看得到、感受得到。請繼續往下閱讀...民進黨高雄市參選人、立委賴瑞隆則提醒，詐騙及認知作戰層出不窮，政府應該謹慎面對境外勢力的侵擾，避免影響台灣選舉。而詐騙受理數雖減超過三十％，但仍有人受到詐騙之苦，詐騙手法日新月異，行政院的因應也要隨時跟進。何欣純說，台灣所有民眾需求，都應顧及完整，尤其婦幼、青年、學生、農民、勞工、產業、銀髮長者等，都是政府完善照顧的一環，政策當中不只給予津貼、更給予民眾更多選擇的彈性，讓民眾「實用」、「有感」；若中央執政讓人民感受到誠意、效率、有感，一定能帶動選情。陳亭妃強調，民眾其實很簡單，就是希望生活過得更安心、有感覺，政府要做的就是把政策做實在、把成果講清楚。中央和地方如能更緊密合作，把資源真正帶到基層，用具體改變回應民眾需求，這本身就是對選戰最好的加分。與其過度包裝，不如把事情做好，讓人民自然給出肯定。不過，今年度中央政府總預算案持續遭藍白卡關，影響重大政策推動，民進黨新北市長參選人、立委蘇巧慧呼籲在野黨速審總預算和各項民生法案。蘇巧慧表示，民進黨政府一直持續努力照顧全體國人，從今年元旦開始，包括加碼租金補貼、提高基本薪資、提高生育補助、啟動長照三．〇等多項福利政策都正式上路，就是希望擴大照顧民眾。    ,https://news.ltn.com.tw/news/politics/paper/1743946
無懼中共通緝威脅 沈伯洋赴法國8天完成外交任務,政治,2026/02/16 05:30,中共去年以「涉嫌分裂國家」等莫須有罪名，發布紅色通緝，揚言透過國際刑警組織全球抓捕、通緝民進黨立委沈伯洋，但這項片面宣稱已被國際刑警組織打臉。（資料照）中共去年以「涉嫌分裂國家」等莫須有罪名，發布紅色通緝，揚言透過國際刑警組織全球抓捕、通緝民進黨立委沈伯洋；為破除中共的威嚇，沈當時旋即前往德國國會作證，又赴荷蘭，與民進黨立委范雲出席國際自由聯盟會議。在春節前夕，沈伯洋不畏中共恫嚇，隻身前往法國就國家安全戰略、小橘書、認知戰等議題與法方進行為期八天的交流。中共重慶市公安局去年十月廿八日片面宣稱以涉嫌「分裂國家罪」對沈伯洋立案偵查，中國官媒更稱一旦偵結，可透過「國際刑警組織」發布「紅色通緝令」全球抓捕，但這項片面宣稱已被國際刑警組織打臉。請繼續往下閱讀...由於法國是國際刑警總部的所在地，法國也與中國簽有引渡協議，沈伯洋頂著中共全球通緝的壓力，完成為期八天的外交任務。沈昨受訪透露，他七日出發前往法國，針對台灣國防部新版全民國防手冊「台灣全民安全指引」、國安戰略、假訊息、認知戰、社群媒體、網路戰、國家韌性、軍事等相關議題交流、討論。沈伯洋表示，目前法國在國安戰略對中國的認知、掌握度非常高，法國去年也發放法國版「小橘書」《全民有責：應對各式風險行動指南》；再者，法國在打擊假訊息的相關單位，都有參考、借鏡台灣來設置，在各層面上法方都會持續與台灣進行密切交流。此外，沈下個月將前往亞洲國家，針對我國外交、國防等議題與他國深度交流，他強調：「我會和我的國家，持續站在最前線。」在春節前夕，沈伯洋不畏中共恫嚇，隻身前往法國就國家安全戰略、小橘書、認知戰等議題與法方進行為期八天的交流。（翻攝沈伯洋臉書）    ,https://news.ltn.com.tw/news/politics/paper/1743951
新聞解讀》首度移師「小雪之眼」 總統春節談話3大意涵,政治,2026/02/16 05:30,賴清德總統前往全國海拔最高的海軍單位「小雪山雷達站」發表農曆春節談話，表示新的一年，執政團隊會馬不停蹄、繼續努力，讓台灣在全球的科技與產業競爭中維持領先。（總統府提供）總統賴清德今年春節談話打破往年慣例，將場景從總統府、台北賓館移往海拔三〇二〇公尺、全台第一高的海軍「小雪山雷達站」，據了解，這樣的安排背後有三個意涵，除了真實呈現國軍全年無休的辛勞，並向各角落默默付出的無名英雄致敬外，並藉由小雪山雷達站終年巡弋海疆的意象，向國人傳達「團結、守護、安全」的年節展望及祝福。據透露，總統春節談話的意義，在於回顧過去一年的挑戰，並與國人共同展望來年，此次選址小雪山，背後有三個意涵，第一，真實呈現國軍全年無休、在第一線保家衛國的辛勞；第二，致敬在各角落默默付出的無名英雄，強調台灣最美的風景「不只在山海之間，也在每一位攜手共患難的身影當中」；第三，透過小雪山終年巡弋台灣周邊海域、護衛海疆的意象，傳遞團結、守護、安全的展望與祝福。請繼續往下閱讀...「小雪山雷達站」是全國海拔最高軍事基地，往來交通十分不便。據了解，賴總統當日搭乘高鐵抵達台中後，轉乘近三小時崎嶇山路後才抵達，這也是歷任總統錄製農曆春節談話以來，首度不在總統府、台北賓館取景，賴總統風塵僕僕前往全台最高軍事雷達站，穿著厚重外套、頂著六度低溫，以三軍統帥身分為第一線國軍加油打氣，與全體國人共同展望更好的來年。    ,https://news.ltn.com.tw/news/politics/paper/1743948
總統春節談話：執政團隊「馬」不停蹄 推動經濟建設,政治,2026/02/16 05:30,總統賴清德在海拔3020公尺的「小雪山雷達站」發表農曆春節談話，強調新的一年執政團隊會馬不停蹄，讓台灣在全球的科技與產業競爭中維持領先。（取自總統府）農曆春節已至，賴清德總統特別選在全國海拔最高的海軍單位「小雪山雷達站」發表農曆春節談話表示，過去一年台灣在考驗中淬鍊成長，把握機會，讓國家站得更高、看得更遠、變得更強韌，新的一年，執政團隊會馬不停蹄，繼續努力，繼續強化國防實力、穩健推動各項經濟建設，讓台灣在全球的科技與產業競爭中維持領先。登小雪山雷達站 和官兵一起圍爐賴清德表示，他在海拔三〇二〇公尺的「小雪山雷達站」和國軍官士兵一起圍爐，為他們加油打氣，感謝國軍、海巡全年無休保家衛國，也感謝警消、醫護、海關、移民、環保、水電氣、公共運輸等夥伴，維護社會正常運作，讓國人可以安心過年。請繼續往下閱讀...賴清德坦言，過去一年，台灣面臨許多挑戰，也在考驗中淬鍊成長，把握機會，讓國家站得更高、看得更遠、變得更強韌，「台灣最美的風景，不只在山海之間，也在每一位攜手共患難的身影當中。」賴清德說，新的一年他會率領執政團隊，馬不停蹄、繼續努力，繼續強化國防實力及治安工作，捍衛國家安全與維護社會安定；更要穩健推動各項經濟建設，讓台灣在全球的科技與產業競爭中保持領先；還要助產業一臂之力，進行全球布局，同時提供中小微企業更多實際有力的支持，為台灣企業創造更大空間。最後，賴清德強調，政府不但要照顧好人民的飯碗，讓敢拚的人有舞台，讓肯做的人有希望；讓我們一起攜手向前，迎接更美好的一年！    ,https://news.ltn.com.tw/news/politics/paper/1743941
「我在天真什麼！」 賈永婕自責曾誤解鄭南榕是「激進份子」,政治,2026/02/16 01:53,鄭南榕與賈永婕。（本報合成）台北101董事長賈永婕昨（15日）在社群平台Threads發文，坦言自己過去因時代背景對民主前輩鄭南榕產生嚴重誤解，並為此深感自責與慚愧。該貼文引發廣大網友共鳴，除了大讚賈董「妳讓我們看見真相」、勇氣可嘉，也紛紛留言感謝民主前輩的犧牲，並強調「自由民主從來不是免費的」。賈永婕在發文中驚訝表示，「天啊！鄭南榕自焚是1989年！1989年我都已經國三了。為什麼我也真的以為鄭南榕先生是可怕的激進派份子縱火再自焚！」。她語帶自責地寫道：「真心覺得好慚愧……我到底在天真什麼！」並向民主前輩致謝，承諾守護前輩們爭取來的自由。請繼續往下閱讀...貼文下方引發熱烈討論，有網友留言大讚賈永婕勇於認錯：「好少見的公眾人物」；也有網友指出這正是當年「黨國宣傳機器」造成的深遠影響。另有網友分享，1989年正值六四天安門事件，當時全台關注對岸學生，卻忽略了台灣本土也有人為了言論自由正以生命抗爭。除了感佩賈永婕的勇於發言，更有網友分享了鄭南榕女兒鄭竹梅9歲時寫下的兩首詩：〈生菜沙拉醬〉與〈爸爸像太陽〉。詩中以孩子純真的視角描述「酸酸的是因為看不見爸爸，甜甜的是因為有一個偉大的爸爸」，字裡行間流露出的哀傷與敬意，令無數讀者動容。鄭南榕為台灣民主運動重要推手，於1984年創辦《自由時代周刊》，在戒嚴時期與解除戒嚴初期大力抨擊時政，主張爭取全面言論自由與台灣獨立。1988年，因在雜誌刊登《台灣共和國憲法草案》，遭政府以涉嫌叛亂罪名傳喚。鄭南榕為實行抵抗權並捍衛言論自由，表示「國民黨不能逮捕到我，只能抓到我的屍體」，並自囚於雜誌社內。1989年4月7日，當警方強行破門攻堅時，鄭南榕於總編輯室點燃汽油自焚身亡，終年41歲。此事件震撼社會，被視為台灣民主化的重要轉捩點，鄭南榕也因此被尊稱為「言論自由殉道者」。台北101董事長賈永婕。（資料照，記者王文麟攝）鄭南榕基金會在鄭南榕自焚十週年前夕成立，遺孀立委葉菊蘭致詞表示捐出鄭南榕生前辦公室成立基金會，承續鄭南榕所堅持百分之百言論自由的精神。（資料照）台北101董事長賈永婕昨（15日）在社群平台Threads發文，坦言自己過去因時代背景對民主前輩鄭南榕產生嚴重誤解，並為此深感自責與慚愧。（擷自threads）    ,https://news.ltn.com.tw/news/politics/breakingnews/5344419
網友玩遊樂園做「賴清德梗圖」 真的釣出總統這樣回......,政治,2026/02/15 23:04,總統賴清德。（資料照）小年夜這天（15日），有位網友貼出自己去兒童新樂園遊玩的照片，還順便做了「賴清德經典梗圖」，結果竟意外釣出「海巡」的賴總統親自回覆，掀起鄉民熱議。賴清德2020年任副總統時，在社群分享自己到高雄駁二特區七號碼頭JETS嘉年華遊玩的照片，說終於圓了從小就想去遊樂園玩的夢想，當時粉專「島國魔術師」將畫面製成梗圖，笑稱「政治人物的快樂往往就是這麼樸實無華且枯燥」，不料梗圖迴響熱烈，成為經典。請繼續往下閱讀...一位女網友今天在Threads上貼出到台北兒童新樂園玩的照片，可以看到畫面上她玩的遊樂設施和賴清德梗圖中玩的一模一樣，眼看場景和氛圍都對了，原PO靈光乍現，就做了和構圖如出一輒的翻版梗圖，瞬時吸引數十萬人觀看、6萬多人按讚。更讓人意外的是，賴清德還真的被釣出來，在底下留言一個「讚」的Emoji，附上自己比讚的照片，讓大批網友笑翻，「喜獲總統級回覆」、「總統本人降落」、「脆友製作賴總統梗圖，好笑程度100%；賴總統回覆梗圖，好笑程度1000000%」、「不愧是台灣三軍統帥，總統也海巡」、「賴清德本人竟然回覆迷因，我要笑死」、「總統好可愛，梗圖馬上來了」。     在 Threads 查看    ,https://news.ltn.com.tw/news/politics/breakingnews/5344382
國民黨失去美國信任 劉寶傑：自業自得無需為他們感嘆！,政治,2026/02/15 22:46,知名政論節目主持人劉寶傑。（圖翻攝自劉寶傑臉書）藍白頻頻阻擋賴政府1.25兆軍購特別條例，引發華府高度關切，除了37位跨黨派參眾議員聯合致函台灣在野黨領袖，前美國在台協會處長司徒文（William Stanton）近日接受台媒專訪也慨歎「國民黨變了」，在他任內的藍營態度都更正面積極，可如今卻親中反美，讓人不禁懷疑親中目的其實是為了追求別的利益。對此，知名政論節目主持人劉寶傑今天（15日）直言，國民黨失去美方信任，完全是「自業自得」！劉寶傑今天在臉書發文，「從37位美國參眾議員針對台灣國會軍購卡關的公開信，到前AIT台北辦事處處長司徒文的發言，美國此舉嚴重的不是警告，而是定調。定調藍白擋軍購的背後因素是中國指使，符合北京利益。當美國定調，國民黨聽中共辦事後，國民黨還會是美國的盟友嗎？不再是美國盟友的國民黨還能確保台灣安全嗎？一個不能護衛台灣安全的政黨，能夠得到人民的支持嗎？」請繼續往下閱讀...「當然鄭麗文可能不在乎，畢竟她只期待『鄭習會』拉高個人政治位階，蕭旭岑也不在乎，他只在乎不要讓習大大不開心，但其他人呢？國民黨的支持者做好萬年在野甚至灰飛煙滅的準備嗎？或許國民黨的支持者還真不在乎。」劉寶傑接著說，「美國國務卿魯比歐（Marco Rubio）於2月14日在慕尼黑安全會議的演講，更把敵我做了一個明白的宣示：『我們美國沒有興趣去當西方受控式衰退（managed decline）的禮貌而守規矩的看護人」、『衰退是一種選擇，而我們拒絕作出這種選擇』。表面上他是對著歐洲要求具備自我防衛能力：不依賴美國，讓對手不敢試探，『我們不希望盟友軟弱，因為盟友的軟弱會讓我們更脆弱』，但這很清楚是美國全球立場。」「他甚至直言不諱承認自己是『對華鷹派（China Hawk）』。強調利益現實主義，直言美中利益根本不一致。中國會按其國家利益行事，美國亦然。台灣怎麼可能置身事外。魯比歐清楚表達：美國外交政策徹底告別冷戰後的自由主義全球化路線，轉向以實力、主權、工業基礎為核心的『新現實主義』。盲目的自由貿易導致工廠關閉、中產階級工作外流。將關鍵供應鏈控制權拱手讓給戰略競爭對手。」「川普政府的行動綱領是再工業化（Re-industrialization）：經濟安全即國家安全。致力於奪回製造業、關鍵礦產供應鏈，並在商業航太、AI、自動化等前沿領域保持領先。這些表述，都是在歐洲劍指中國。當天下非楊即墨，台灣還有左右搖擺，甚至向中國傾斜的空間嗎？」最後劉寶傑直言，「當國民黨選擇鄭麗文當黨主席，鄭麗文選擇馬英九辦公室主任蕭旭岑當副主席，就註定今天尷尬的狀況。自業自得，無需為國民黨感嘆，但防火牆要做好，免得殃及池魚。」    ,https://news.ltn.com.tw/news/politics/breakingnews/5344369
拚翻轉台中！綠營3巨頭上陣 過年陪何欣純參香,政治,2026/02/15 21:59,大年初一副總統蕭美琴將到台中參香。（圖：何欣純服務處提供）農曆馬年到，把握民眾返鄉好時機，民進黨台中市長參選人、立委何欣純春節期間行程滿檔，把握時間跟各地民眾拜年，民進黨「三巨頭」包括總統賴清德、副總統蕭美琴及行政院長卓榮泰，更從大年初一起，各自到台中參香，更陪何欣純跟民眾拜年，盼拚翻轉台中、守住台灣。過年到何欣純拜年拜票行程馬不停蹄，何欣純說，明日除夕她將先跟「最強會長」、立委蔡其昌一起前往清水開基福德祠參拜，並發放可愛的一元福袋，初二2/18日另再一起前往南屯萬和宮及東區東區樂成宮參拜。請繼續往下閱讀...副總統蕭美琴初一2/17接力趕到台中跟何欣純一起到霧峰南天宮跟大雅永興宮參拜；總統賴清德則訂初三2/19日到龍井永順宮及北區元保宮，與何欣純一同參香；行政院長卓榮泰則訂初四2/20日到豐原武德宮及東勢東聖宮跟何欣純一同參香。何欣純說，新春過年，她「心存大台中、 欣純跑透透」，盼跟在地民眾見面互動，也盼號召更多人，跟她一起翻轉台中、守住台灣。大年初三總統賴清德將到台中跟何欣純一同參拜。（圖：何欣純服務處提供）大年初四行政院長卓榮泰將到台中。（圖：何欣純服務處提供）    ,https://news.ltn.com.tw/news/politics/breakingnews/5344381
高市早苗視訊蔡英文被翻出 全程眼神發亮：是我很敬佩的人！,政治,2026/02/15 21:59,"高市早苗過去曾與蔡英文視訊會談。（圖翻攝自高市早苗X平台）日本首相高市早苗人氣旺，加上帶領自民黨在眾院大選大獲全勝，聲勢水漲船高，一舉一動都備受關注。最近有網友翻出4年多前高市早苗與我國前總統蔡英文視訊會談的畫面，驚訝高市過去曾說過憧憬蔡英文，實際見到對方時眼神還發亮，反應相當可愛。2021年9月，當時與岸田文雄角逐自民黨總裁大位的高市早苗，與時任台灣總統進行了視訊會談，高市早苗還特地在個人官方社群PO出雙方的會晤畫面，可以看到高市早苗特地在背景掛上台灣和日本的國旗，相當用心。而今高市早苗在日本、台灣乃至國際社會成了「當紅炸子雞」，有網友翻到她與蔡英文的視訊影片，掀起熱議。請繼續往下閱讀...因為高市早苗過去受訪曾說過，她心目中理想的領導人是人稱「鐵娘子」的英國前首相柴契爾夫人（Margaret Thatcher），本身也相當憧憬蔡英文：當年與小英視訊，網友們認為高市早苗眼睛發亮，就像粉絲見到偶像般，2人短暫對談的最後，高市早苗更當面對小英說：「蔡英文主席，是我非常敬佩的人！」鄉民們紛紛表示，「台灣的早苗，日本的小英」、「身邊很多很多日本同事都非常喜歡小英！她的形象在日本非常好喔」、「女强人疼女強人」、「跟小英總統交流的都更上一層樓，跟馬冏握手的都落選……」、「改寫女性新頁章的二位總統，愛妳們喔」、「好期代兩位女強人能在日本跟台灣會面」、「巾幗相惜」。台湾民進党蔡英文主席とWeb会談日台実務交流の拡大と深化に向けて意欲20日夕刻に、蔡英文主席対談をウェブ上で行いました。会談は、通訳を介して円満に進められ、安全保障を含む実務交流の拡大と深化に向け、前向きな話合いとなりました。その模様は、ほどなくYouTubeにて公開される予定です。 pic.twitter.com/zuYLIg7jv2— 高市早苗 （@takaichi_sanae） September 20, 2021 台湾民進党蔡英文主席とWeb会談日台実務交流の拡大と深化に向けて意欲20日夕刻に、蔡英文主席対談をウェブ上で行いました。会談は、通訳を介して円満に進められ、安全保障を含む実務交流の拡大と深化に向け、前向きな話合いとなりました。その模様は、ほどなくYouTubeにて公開される予定です。 pic.twitter.com/zuYLIg7jv2    ",https://news.ltn.com.tw/news/politics/breakingnews/5344248
晶片條款未寫入台美貿易協定？經貿辦：「投資MOU」含晶片關稅優惠,政治,2026/02/15 21:52,台美於美東時間2月12日簽署台美對等貿易協定後合影。圖左起為美國商務部長盧特尼克、美國貿易代表葛里爾、美國在台協會執行理事藍鶯、駐美代表俞大㵢、行政院副院長鄭麗君、行政院政委楊珍妮。（行政院提供）針對外界關心232關稅優惠（俗稱「台美晶片條款」）及供應鏈合作未列入台美「對等貿易協定（ART）」文本一事，行政院經貿談判辦公室今（15日）澄清，談判團隊已多次對外說明，並一再強調相關文件將依程序併送國會審議，並不存在所謂黑箱或不透明問題。經貿辦表示，我方於歷次台美談判會議後，均清楚向外界說明，台美談判係分別與美方不同機關進行。我方分別與美國貿易代表署洽簽「對等貿易協定（ART）」，並與美國商務部推動供應鏈合作，迄今已完成並簽署「對等貿易協定（ART）」及「投資MOU」兩份文件，兩者性質與內容各有不同。請繼續往下閱讀...經貿辦進一步指出，「台美對等貿易協定（ART）」已於2月12日和美國貿易代表署完成簽署，主要處理關稅與非關稅障礙、貿易便捷化、經濟安全、勞動保障及環境保護，以及商業機會等議題；協定中亦載明，美方將我方對等關稅調降至15%且不疊加，並提供部分品項的對等關稅豁免。至於「投資MOU」，則於1月15日和商務部完成簽署，內容包括我方以「台灣模式」對美投資進行供應鏈合作，以及美方提供我方232條款優惠待遇與雙向投資規劃，並同樣明確載明對等稅率為15%且不疊加。經貿辦強調，我方於1月15日簽署投資MOU後，即召開記者會說明MOU內容並發布新聞稿，並表示MOU將和ART併送立法院，美方亦同步公布相關事實文件。該MOU屬政策與合作架構性文件，內容並未涉及個別廠商的投資金額。此外，經貿辦說明，我方於本次2月赴美簽署ART期間，也與美國商務部就雙方國內程序進行工作會商。美方表示就已簽署的投資MOU正在進行內部行政程序，我方表示，後續將依「條約締結法」，於「台美對等貿易協定」完成簽署後，併同「台美投資MOU」一併送交國會審議，確保資訊公開透明並接受國會監督。    ,https://news.ltn.com.tw/news/politics/breakingnews/5344378
台中市長任內最後春節談話 盧秀燕：把最後1年當作第1年來拚,政治,2026/02/15 20:50,台中市長盧秀燕任內最後春節談話說，把最後一年當作第一年來拚。（台中市政府提供）今天（15日）是小年夜，台中市長盧秀燕提前在臉書發布任內最後一次春節談話說，3個感謝傳達新春祝福，感謝市民家人、市府團隊與陪伴台中走過風雨的英雄們的支持與付出。今年12月下旬就將卸任，她會把「任內最後1年當作第1年來拚」，全力以赴、市政不停歇。盧秀燕身穿喜氣紅色套裝，手持象徵吉祥與好運的金色馬年娃娃，發表台中市長任內最後一次的春節談話，盧秀燕說，時間飛逝，今年是她以市長身分最後一次在農曆年前向市民表達祝福，她感謝市民選擇在台中市生活，讓城市持續成長，2025年台中淨遷入人口超過15萬人，新生兒增加1萬2千人，全市人口逼近287萬人，穩居全國第二大城市。請繼續往下閱讀...她也感謝市政團隊推動重大建設，包括台中綠美圖已於去年底正式開館，開館滿月吸引超過30萬人次入館；台中國際會展中心預計今年3月正式營運，試營運期間已舉辦多場展覽活動，吸引約25萬人次參觀，創造逾15億元商機；台中巨蛋目前已進入主體工程階段，朝2030年完工目標邁進，規劃中的「超巨蛋」也持續推動，預計今年完成定案；此外，備受市民期待的台中捷運藍線也將在今年進入實質站體工程階段。盧秀燕說，過去一年市府與市民一起面對各種挑戰，也一同分享城市進步的成果與喜悅，感謝所有陪伴台中走過風雨的英雄們，任內的最後一年，她仍會以第一年的拚勁全力以赴，帶領市府團隊拚經濟、做好市政，為市民創造更美好的生活；她也祝福民眾龍馬有春、超級馬利、馬上有錢，「後會有期」。    ,https://news.ltn.com.tw/news/politics/breakingnews/5344352
劉世芳小年夜慰勞成功嶺替代役留守人員,政治,2026/02/15 19:59,內政部長劉世芳慰勞替代役。（內政部提供）內政部長劉世芳於2月15日小年夜蒞臨台中成功嶺替代役訓練班，親自慰勞春節期間堅守崗位的留守人員，感謝同仁及替代役役男犧牲與家人團聚的時間，守護訓練班運作與營區安全。內政部說明，劉世芳向辛苦的留守人員致意，並致贈慰勞金，表達內政部對基層同仁辛勞付出的關懷與肯定，氣氛溫馨。劉世芳也與大家共進晚餐、閒話家常，關心工作與生活情形，讓留守人員在年節前夕感受到濃濃的年味與溫暖。請繼續往下閱讀...劉世芳表示，替代役不只是役男完成服兵役的過程，更是國家和社會非常重要的一股力量，替代役役男來到成功嶺完成26天的基礎訓練後，可取得EMT-1、防災士及志願服務三項證照，具備「自救互助」與「公共服務」的能力。這幾年來，無論面對天災或各種突發狀況，替代役弟兄總是第一時間投入協助。像是丹娜絲颱風期間的救災行動，以及馬太鞍溪的災後復原與協助工作，都可以看到替代役不畏辛勞、全力支援地方的身影，為民眾帶來實質幫助，展現守護家園的責任與行動力。劉世芳強調，春節是闔家團圓的重要時刻，但仍有許多同仁必須留守崗位，確保各項訓練與行政工作順利推動，同時持續服務社會、關懷地方，這份責任感與奉獻精神令人敬佩。內政部將持續給予支持與照顧，讓同仁安心服務，也讓替代役制度在守護國家、關懷社會上發揮更大的力量。劉世芳呼籲，同仁及替代役役男提前拜年，祝福大家新的一年，身體健康、工作順利、闔家平安，期盼新的一年大家都能平安順心、充滿希望，在溫暖與祝福中迎接嶄新的開始。    ,https://news.ltn.com.tw/news/politics/breakingnews/5344336
大場面來啦！川普重用智庫高層撂話 取消親中藍白政客及家屬美簽！,政治,2026/02/15 18:59,"紐夏喊話美國政府取消藍白政客及其親屬的美國簽證跟綠卡。（圖翻攝自X:@NewshamGrant）國民黨和民眾黨屢次聯手封殺賴政府1.25兆軍購特別條例，引發華府高度關切，美國更有37位跨黨派參眾議員聯合致函藍白主席和立法院長韓國瑜，強烈呼籲盡快通過這筆國防預算。而今「大場面」終於來了！退役美國海軍陸戰隊上校、華府智庫安全政策中心（Center for Security Policy）高級研究員紐夏（Grant Newsham），近日跳出來喊話美國政府取消藍白政客及其親屬的美國簽證跟綠卡。曾任美國印太司令部太平洋海軍陸戰隊（MARFORPAC）情報主管和外交官的紐夏，台灣時間14日深夜在其X平台轉發共和黨籍眾議員盧納（Anna Paulina Luna）的推文。盧納當天分享37位跨黨派議員聯合致函給台灣在野領袖的信件，誠懇表示「台灣的朋友們：我與美國國會同僚一起呼籲台灣立法院支持賴總統，並全額通過他的國防預算提案。來自北京的威脅真實存在，而且正在升高。美國與台灣站在同一陣線，但台灣也必須自立自強，全世界都在看著！」請繼續往下閱讀...不過紐夏直言，「獲得國會支持當然很重要，但國民黨和民眾黨裡面有太多政客親中，如果要尋求一個更有效的辦法，乾脆直接取消這些政客及其親屬的美國簽證和綠卡吧！」紐夏的發言曝光後，馬上讓台網嗨翻，「最棒的新年禮物！」、「我絕對是舉雙手贊成的」、「趕快這樣做，藍白這群是敬酒不吃吃罰酒的，沒給點顏色瞧瞧學不乖」、「取消並公佈名單、凍結包含親屬等在美資產，讓台灣人看看誰的親屬最多、誰的資產最大包！」、「都給這麼多次機會了，現在才取消也不過分呀」、「100%支持啦！」、「這招會非常有效果，我建議追加驅逐那群藍白政客在美國的家人，立刻見效」。值得注意的是，紐夏所在的安全政策中心智庫，是典型對中鷹派，長期主張中國對美構成威脅，積極推動美中經濟脫鉤，其影響力在川普執政下非常顯著，多位與該智庫關係密切的人士進入政府核心，最有名的就是前美國國家安全顧問波頓（John Bolton）。This congressional support is important. But too many KMT / TPP politicians are pro-PRC. More effective...cancel USA visas and green cards of KMT/TPP politicians' relatives. https://t.co/cCID2Nr6by— Grant Newsham （@NewshamGrant） February 14, 2026 This congressional support is important. But too many KMT / TPP politicians are pro-PRC. More effective...cancel USA visas and green cards of KMT/TPP politicians' relatives. https://t.co/cCID2Nr6by    ",https://news.ltn.com.tw/news/politics/breakingnews/5344296
台灣國手冬奧完賽疑遭中國人「丟東西」！ 畫面曝光鄉民吵翻,政治,2026/02/15 18:43,冬奧花滑國手李宇翔。（奧會提供）台灣19歲花式滑冰新星李宇翔，前天（13日）在米蘭科爾蒂納冬季奧運花滑男子長曲決賽亮相，為台灣花滑寫下新頁。李宇翔在決賽中零失誤跳完三圈半及四圈兩個高難度動作，最終完美落地，比賽結束當下他笑著躺下，享受所有人為他獻上的歡呼聲。不過有網友注意到，場邊竟然有疑似中國人對李宇翔丟東西，包括五星紅旗，引發熱議。李宇翔是台灣首位本土培養出來的花滑奧運國手，也是台灣自1998年後再有選手獲得冬奧花滑門票。他在13日的冬奧花滑項目，以短曲72.41分、長曲141.92分，總分214.33，排名第23名。突破個人最佳成績後，李宇翔非常興奮，比賽結束後他躺在地上，喘著大氣的同時也滿足的笑了，場邊觀眾送上掌聲和歡呼聲。請繼續往下閱讀...一位在電視上收看轉播的民眾，看到有台灣選手在冬奧嶄露頭角，隨即拿起手機紀錄這難得一刻，卻剛好注意到場邊插曲。當時李宇翔躺在地上，導播將畫面切到場邊一區有許多觀眾拿著五星紅旗的觀眾席，仔細看一名女子站起來朝場內丟東西，而且丟了兩次，第一次疑似是玩偶，第二次疑似是中國國旗。這位民眾看到這一幕後相當氣憤，「真是越想越氣！中國觀眾在丟他們的國旗？三小啦有必要嗎！」PO網後掀起鄉民熱議，「中國人被討厭不是沒原因的」、「展示什麼是低水平」、「有夠沒水準」、「真的是愛丟垃圾沒水準的中國欸，亞洲的亂源」、「現在所有人都知道有些『中國人』有多沒運動精神、有多沒禮貌！」、「沒文化的國家」。不過也有人網友表示，「完畢丟娃娃、鮮花，是觀眾是對選手的支持愛戴」、「他丟的應該是娃娃吧？在花式滑冰比賽表演結束時，朝場內丟娃娃是表示對表演者的致意」、「通常是丟小禮物（玩偶），如果你有看過羽生結弦的比賽的話。宇翔的粉絲可能人數不多，就只有這位小姐，然後剛好又坐在一群中國觀眾的附近，可能就引起一些誤會吧」、「花滑比賽時，觀眾為表示對選手的支持與鼓勵，會往場內丟擲娃娃或者鮮花，這已經是賽後的一個固定橋段了」。對此，原PO回應：「當下看到鏡頭轉為一群中國觀眾，還有人往下丟東西，於是當下心情由興奮轉為憤怒，覺得此舉對台灣選手很不尊重，ㄧ怒之下放上影片。有脆友提醒可能是丟娃娃而不是國旗，是觀眾支持選手友善的表現，可能錯怪他們了，要謝謝脆友提醒。但對於切到中國觀眾鏡頭，這點我仍覺得困惑。」     在 Threads 查看李宇翔比賽結束後，場邊有疑似中國觀眾朝場內丟東西，引發台灣熱議。（圖翻攝自Threads）    ,https://news.ltn.com.tw/news/politics/breakingnews/5344223
總統春節談話首度移師「小雪之眼」 頂6度低溫奔波4小時有3大意涵,政治,2026/02/15 18:01,"總統賴清德今年春節談話打破往年慣例，將場景從總統府移往海拔3020公尺、全台第一高的海軍「小雪山雷達站」，向全體國人傳達「團結、守護、安全」的年節展望及祝福。（總統府提供）總統賴清德今年春節談話打破往年慣例，將場景從總統府、台北賓館移往海拔3020公尺、全台第一高的海軍「小雪山雷達站」，據了解，這樣的安排背後有3個意涵，除了要真實呈現國軍全年無休的辛勞，並向各角落默默付出的無名英雄致敬外，也要藉由小雪山雷達站終年巡弋海疆的意象，向全體國人傳達「團結、守護、安全」的年節展望及祝福。據透露，總統春節談話的意義，在於回顧過去一年的挑戰，並與國人共同展望來年，此次選址小雪山，背後有三個意涵，第一，真實呈現國軍全年無休、在第一線保家衛國的辛勞；第二，致敬在各角落默默付出的無名英雄，強調台灣最美的風景「不只在山海之間，也在每一位攜手共患難的身影當中」；第三，透過小雪山終年巡弋台灣周邊海域、護衛海疆的意象，傳遞團結、守護、安全的展望與祝福。請繼續往下閱讀...「小雪山雷達站」是全國海拔最高軍事基地，往來交通十分不便。據了解，賴總統當日搭乘高鐵抵達台中後，轉乘近3小時崎嶇山路後才抵達，這也是歷任總統錄製農曆春節談話以來，首度不在總統府、台北賓館取景，賴總統風塵僕僕前往全台最高軍事雷達站，穿著厚重外套、頂著6度低溫，以三軍統帥身分為第一線國軍加油打氣，與全體國人共同展望更好的來年。總統賴清德今年春節談話打破往年慣例，將場景從總統府移往海拔3020公尺、全台第一高的海軍「小雪山雷達站」，向全體國人傳達「團結、守護、安全」的年節展望及祝福。（總統府提供）總統賴清德今年春節談話打破往年慣例，將場景從總統府移往海拔3020公尺、全台第一高的海軍「小雪山雷達站」，向全體國人傳達「團結、守護、安全」的年節展望及祝福。（總統府提供）    ",https://news.ltn.com.tw/news/politics/breakingnews/5342925
總統登「小雪山雷達站」春節談話：執政團隊會馬不停蹄繼續努力,政治,2026/02/15 18:00,賴清德總統前往全國海拔最高的海軍單位「小雪山雷達站」發表農曆春節談話，表示新的一年，執政團隊會馬不停蹄、繼續努力，讓台灣在全球的科技與產業競爭中維持領先。（總統府提供）農曆春節將至，賴清德總統特別選在全國海拔最高的海軍單位「小雪山雷達站」發表農曆春節談話表示，過去一年台灣在考驗中淬鍊成長，把握機會，讓國家站得更高、看得更遠、變得更強韌，新的一年，執政團隊會馬不停蹄，繼續努力，繼續強化國防實力、穩健推動各項經濟建設，讓台灣在全球的科技與產業競爭中維持領先。賴清德表示，他在海拔3020公尺的「小雪山雷達站」和國軍官士兵一起圍爐，為他們加油打氣，感謝國軍、海巡全年無休保家衛國，也感謝警消、醫護、海關、移民、環保、水電氣、公共運輸等夥伴，維護社會正常運作，讓國人可以安心過年。請繼續往下閱讀...賴清德坦言，過去一年，台灣面臨許多挑戰，也在考驗中淬鍊成長，把握機會，讓國家站得更高、看得更遠、變得更強韌，「台灣最美的風景，不只在山海之間，也在每一位攜手共患難的身影當中。」包括馳援災區的搜救大隊和超人志工，搶修基礎建設的工程夥伴，以及為了救災付出生命的英雄、捨身保護陌生人的勇敢市民，都讓我們深受感動、充滿感激。賴清德說，新的一年他會率領執政團隊，馬不停蹄、繼續努力，繼續強化國防實力及治安工作，捍衛國家安全與維護社會安定；更要穩健推動各項經濟建設，讓台灣在全球的科技與產業競爭中保持領先；還要助產業一臂之力，進行全球布局，同時提供中小微企業更多實際有力的支持，為台灣企業創造更大空間。賴清德表示，政府也會強化中南部各項建設，落實均衡台灣目標，並持續推動各項社會投資和社會福利、照顧弱勢，從今年1月起，每胎生育給付加計生育補助共10萬元；低收入戶每人每月增加1000元，中低收入戶每人每月增加750元。政院已通過老農津貼，從每人每月8110元調高到1萬元，國民年金老年給付，由每月4049元，調高到5千元，待立法院審議通過後，就可以實施。賴清德強調，政府不但要照顧好人民的飯碗，讓敢拚的人有舞台，讓肯做的人有希望，也要讓鰥寡孤獨、身障者，得到照顧。最後，新的一年，祈求台灣國泰民安、風調雨順，祝福親愛的國人朋友，新年快樂、人人平安、家家幸福、七喜春來；讓我們一起攜手向前，迎接更美好的一年！賴清德總統表示，他在海拔3020公尺的「小雪山雷達站」和國軍官士兵一起圍爐，為他們加油打氣。（總統府提供）賴清德總統前往全國海拔最高的海軍單位「小雪山雷達站」發表農曆春節談話，表示新的一年，執政團隊會馬不停蹄、繼續努力。（總統府提供）    ,https://news.ltn.com.tw/news/politics/breakingnews/5342793
曾厚仁：加拿大擁抱占出口不到4％的中國 得罪美國,政治,2026/02/15 17:56,曾厚仁說，台美簽署貿易協定引起加拿大友人的關注。（記者張伶銖攝）台灣駐加拿大代表曾厚仁14日在溫哥華指出，台美簽署貿易協定的進展引起加拿大的關注，有加拿大友人向他道賀。他分析，台灣所以能夠在不到10個月的時間，即與美國完成關稅談判，這與台灣經過評估選擇與美國合作有關。他話鋒一轉表示，反觀加拿大，反而「擁抱」佔出口市場比重不到4%的中國，因此得罪美國。他說，台灣對美國存在貿易順差，在此壓力下，最終能獲得美國給予15%關稅且不疊加，與日本、韓國和歐盟相同待遇，這是政府相關部門談半官員與美國華府官員歷經400次談判，所獲得的成果。去年4月初，美國宣布對台灣產品課徵高達32%的關稅。請繼續往下閱讀...駐溫哥華台北經濟文化辦事處僑務組於14日舉辦「春節團拜及新春展望會」，邀請上百名台灣社區代表參加。除了曾厚仁自渥太華遠道前來參加，台灣僑委會委員長徐佳青亦難得出席春節團拜，提前與住在大溫哥華地區的僑胞們共度農曆馬年。曾厚仁指出，加拿大總理卡尼在今年1月16日拜會習近平，就在同一天於美國華府，我國行政院副院長鄭麗君與美國商務部長盧特尼克（Howard Lutnick）簽署台美投資合作備忘錄，台美兩國並已在美東時間2月12日簽署貿易協定。他說，台灣和加拿大一樣面對美國總統川普關稅威脅，但兩國採取的策略不同，所以有不同結果。他說，加拿大對美國市場的依賴高達75%，他不能說加拿大已經放棄美國市場，但加拿大選擇去「擁抱」佔出口市場不到4%的中國，所以得罪了川普，至今加拿大仍受到美國100%關稅的威脅。在另一方面，曾厚仁說，台灣更是第一個與美國談成232條款晶片最惠國待遇的國家。徐佳青在春節團拜致詞時，建議僑胞多關注台灣正在發展的「五大產業」，除了廣為人知的人工智慧（AI）、半導體，還包括資安、軍工產業及次世代通訊產品，她表示這些產業極具發展潛力，至於僑胞是不是應該具體投資那些公司，她則建議僑胞們投資前多做研究，再決定投入的標的。徐佳青與曾厚仁13日應卑詩省台灣商會邀請與會員共進晚餐，席間多名台商會員對於台加雙方何時簽署貿易框架協議，表達了關切。徐佳青建議僑胞關注台灣具有發展潛力的「五大產業」。（記者張伶銖攝）    ,https://news.ltn.com.tw/news/politics/breakingnews/5344256
中配爸強迫唱中共國歌、喊我是中國人  兒子狠打臉：我是台灣人！,政治,2026/02/15 16:47,一名中配爸爸強迫小孩唱中國國歌和認同自己是中國人，結果被小孩狠狠打臉。但孩子回答說自己是台灣人，爸爸上字幕卻硬要在前面加上中國2字。（圖翻攝自八炯YT）一名娶台灣妻的中國籍爸爸，在中國社群平台上傳與兒子的互動影片，片中他強迫孩子唱中國國歌，還要小孩認同自己也是中國人，結果小小年紀的兒子直言「我就是台灣人」，當場把爸爸嗆爆。反共網紅八炯昨天（14日）分享一段中配爸爸和兒子互動的影片，可以看到這名父親正在教孩子唱中國國歌《義勇軍進行曲》，但兒子不怎麼想唱，相當敷衍地唱了幾個詞後，問爸爸「這不是中國國歌嗎？」，爸爸一聽反問「你問我那是中國國歌是什麼意思？」，孩子回應「因為那是中華人民共和國的國歌」。請繼續往下閱讀...爸爸聽到這種回應有些不開心，質問孩子「那我教你唱有問題嗎？」、「我是什麼人？」，孩子回答「你是中國人」。爸爸繼續問「你是我的啥」，孩子回「兒子」，爸爸企圖誘導孩子說自己也是中國人，稱「所以你也是」，但孩子馬上表示「我是台灣人」，爸爸這時生氣地說「你也是中國人」，但孩子反駁道「不是，我是台灣人，因為我在台灣生的」。沒想到這名爸爸開始情勒起小孩，「所以你不是我兒子唄？」，孩子有些無奈表示「我是你兒子，但是我在台灣生的」。而這部影片還有上字幕，但兒子說出「台灣」2字，爸爸卻硬要在前面加上「中國」。八炯稱讚這名小孩，生長在有小粉紅的家庭，還能保有落地生根的認知，實屬難得可貴。    ,https://news.ltn.com.tw/news/politics/breakingnews/5344180
鄭麗君簽署台美貿易協定返國 賴清德：台灣將會更堅韌繁榮,政治,2026/02/15 15:27,行政院副院長鄭麗君今晨與行政院政務委員楊珍妮、國安會諮詢委員黃重諺等人搭乘長榮航空BR31班機返台。（記者劉信德攝）台美正式簽署對等貿易協定（ART），行政院副院長鄭麗君今（15日）返台後表示，終於完成談判團隊的任務，年後盡快將貿易協定和投資MOU函送國會，也會持續對外溝通說明。對此，總統賴清德表達歡迎回家，並強調「台灣一定會因你們的努力更堅韌、更繁榮！」台美歷經十個月談判後，13日在鄭麗君、葛里爾及美國商務部長盧特尼克等人見證下，由我國駐美代表俞大㵢與美國在台協會（AIT）執行理事藍鶯共同簽署台美對等貿易協定。請繼續往下閱讀...鄭麗君今在臉書撰文透露，簽署儀式之後，車行經過河面結冰的波多馬克河，心裡不禁想著，歷經春夏秋冬的十個月，台灣確定取得輸美對等關稅15%且不疊加，這是美國給予逆差國中的最佳待遇；爭取到2072項輸美產品豁免對等關稅，使我國輸美產品的平均關稅降到12.33%，同時也取得232條款關稅最惠國待遇。鄭麗君表示，她要謝謝國人的支持鼓勵，也要謝謝不同意見的批評指教，她都感念在心，也會虛心傾聽。春節假期過後，會在行政院長卓榮泰的指示下，盡快將貿易協定和投資MOU的兩份文本，以及整體影響評估函送國會；行政院也會持續對外溝通說明，希望社會及國會能夠共同支持。「麗君，歡迎回家！」賴清德在貼文下留言表示，看到鄭提到結冰波多馬克河，更能感受到這十個月來，談判團隊在異鄉為台灣打拚的艱辛。再次感謝在第一線奮鬥不懈的所有談判團隊成員，這趟路辛苦了，台灣一定會因其努力更堅韌、更繁榮。卓榮泰也說，歡迎鄭麗君、行政院政務委員楊珍妮及談判團隊回家，實在辛苦了。過年前為台灣帶來好消息，不負國人所托付給的使命，還有非常多的工作要進行，與所有產業一起，團結為台灣打拚，為國人打拚。    ,https://news.ltn.com.tw/news/politics/breakingnews/5344188
四叉貓再爆李四川姪子被沒收4把刀 網諷：標準地方惡霸,政治,2026/02/15 15:07,四叉貓日前也PO出李賜福與台北市副市長李四川同框的照片。（圖擷取自臉書）剛宣布要投入爭取參選新北市長的台北市副市長李四川，被指親弟李賜福等人勒索垃圾清運業者，不法獲利576萬元，李四川的姪子「李昀南」甚至被查獲車子裡放有2把武士刀，引發外界熱議。網紅四叉貓今再爆料指出，李昀南其實總共被沒收了4把刀，讓網友留言稱呼他為「李四刀」。對此網友也再度諷刺「江湖味很重」、「選舉果然是照妖鏡」。針對親弟李賜福等人被指勒索垃圾清運業者，不法獲利576萬元，已被檢方依恐嚇取財等罪起訴，李四川昨也證實李賜福是他弟弟，並說「大家都這個年紀了，這件事情如果是他做的，本來他自己就必須負責。」請繼續往下閱讀...新北市長選戰開打，剛宣布要投入爭取參選新北市長的台北市副市長李四川，卻接連被爆料質疑，他的親弟「李賜福」在屏東琉球鄉開了很多間公司，並與他人共有一台加壓泵車。李賜福不滿泵車被用於建商徐家康的工地，曾派其姪子「李昀南」去工地潑漆、放沖天炮、撒冥紙、破壞泵車管線、砸玻璃等，在2022年12月至2023年1月間，李昀南等人對工地發動6次攻擊，警方在李昀南車上搜出管制武士刀兩支、模擬槍、空包彈等。今日四叉貓則是再度發文分享司法判決書裡面的沒收清單，並指李昀南其實總共被沒收了4把刀，包含3支武士刀及1支木質握把的刀子，讓網友留言稱呼他為「李四刀」。對此網友也紛紛諷刺「名符其實的黑社會家族」、「標準地方惡霸」、「老哥是四川，老弟應該取名高譚」、「如此人才沒去九把刀的電影嘎一角？」、「可怕的老四川家族」、「慶記之都vs四刀市」。對於有網友留言稱「藍營誰最強，廢貓就往那兒蹭」，四叉貓也回嗆「最強的黑道嗎？」不過也有網友呼籲四叉貓「貓貓，小心自身安全」。    ,https://news.ltn.com.tw/news/politics/breakingnews/5344074
小草挺柯P胸前刺青「清清白白」 網諷：阿北看了都心虛,政治,2026/02/15 15:03,網友發文指出，有名小草與柯文哲合照時秀出胸口的刺青，上頭寫著「心存善念、盡力而為」、「KP清清白白」等話語，這番畫面讓網友紛紛諷刺「阿北看了都心虛」、「心存善念是在酸阿北嗎？」（圖擷自臉書）前台北市長柯文哲因涉京華城弊案、政治獻金爭議等案，一度被法院裁定羈押禁見，他日前交保後四處趴趴走，有網友發文指出，有名小草與柯文哲合照時秀出胸口的刺青，上頭寫著「心存善念、盡力而為」、「KP清清白白」等話語，這番畫面讓網友紛紛諷刺「阿北看了都心虛」、「心存善念是在酸阿北嗎？」有網友在臉書貼出一張，有小草在與柯文哲合照時露出胸前的刺青，細看上頭寫著「心存善念、盡力而為」、「KP清清白白」等話語，讓網友直呼「沒刺的都是青鳥假裝的小草！相信阿北就通通都去刺！」臉書粉專「百柯全書」也轉貼並諷刺「還是阿北這邊的草比較純」。請繼續往下閱讀...在相關發文底下網友紛紛開酸「沒救了…」、「可憐的誰家孩子」、「台灣蠢人真的很多」、「邪教無誤」、「等到以後打雷射去除的時候就知道當時有多愚蠢了」、「他兒子都沒這麼孝順」、「頭腦長草」、「幸好不是我兒子」、「心存善念是在酸阿北嗎？」    ,https://news.ltn.com.tw/news/politics/breakingnews/5344134
小年夜慰勉海巡人員 賴清德：守護國家安全 經濟發展才有意義,政治,2026/02/15 14:54,總統賴清德到海巡署中部分署第四岸巡隊布袋漁港安檢所（右2）視察。（記者林宜樟攝）今天小年夜，總統賴清德前往嘉義縣慰勉海巡署中部分署第四岸巡隊布袋漁港安檢所執勤人員，肯定海巡在護漁、緝毒、查緝走私偷渡、海上救援及因應灰色地帶侵擾等工作上扮演關鍵角色與展現具體成果，強調政府將持續以實際行動做為海巡最堅實的後盾，盼共同為保護國家奮鬥，讓國家更安全。賴清德、海洋委員會主任委員管碧玲、嘉義縣長翁章梁、立委蔡易餘、陳冠廷、國家安全會議副秘書長李問、海巡署署長張忠龍等出席活動；參觀守望哨與勤員寢室，實地視察辦公廳舍環境。請繼續往下閱讀...賴清德說，海巡署是國家海上執法的關鍵力量，面對日益複雜的挑戰，從護漁、緝毒、海上救援、查緝走私，到因應中國灰色地帶侵擾及軍事演習等壓力，始終站在第一線保家衛國，十分辛苦。賴清德說，海委會爭取285億特別預算推動海巡全面轉型，建立「海空一體」立體化監偵能力，以提升國家安全，上任後持續提升海巡工作與生活的品質，今年編列1.4億元翻新老舊海巡廳舍以改善工作及生活環境，未來也會支持各海巡單位老舊眷舍進行翻修。賴清德說，政府提高國防預算以提升國家安全，並提高海委會預算，因為海巡同仁守護海疆與國防同等重要，並將徵收的稅金持續投入發展經濟，例如推動AI新十大建設、打造台灣成為亞太資產管理中心，照顧國民包括加薪、減稅、0到6歲國家一起養、高中職免學費、私立大學學雜費補助、大專校院學生校內住宿補貼，由教育部推動新世代學生住宿環境提升計畫，補助學校改建宿舍，提供租金補貼，或TPASS降低交通費用，減輕負擔。賴清德說，前總統蔡英文起至今10年，政府為軍公教加薪4次，累計加薪幅度14%，針對警察人員調高勤務繁重加成及刑事加給，蔡前總統及他的任內總共調升23項加給，去年調升5項加給，每年增加138億元預算，目的是希望讓大家能夠安心工作，無後顧之憂，讓更多有志於保家衛國的年輕人投入國軍、海巡的行列。賴清德說，國家只有一個，代代子孫在此長治久安，因此更要保護國家安全，也唯有國家安全，經濟發展才有意義；國家不安全，經濟發展得再好，到最後只是幫別人作嫁，國家更安全，經濟發展才會更有保障，稅收增加，政府可以把人民照顧得更好，把軍公教、承擔國家公權力服務主體的每一個人都照顧好，大家一心一意為國家奮鬥，為保護這塊土地奮鬥，國家自然會越來越好。管碧玲說，感謝總統去年四月調整志願役加給及戰鬥部隊加給，去年招募達成率從前年的65.3%成長到86.9%，留營率從76.2%成長到83.8%，招募超過1000名志願役，感謝總統重視、支持海巡。管碧玲說，海委會已啟動海空一體，精銳海巡的轉型，將近800億元預算獲得總統支持、院長核可，去年已在防衛韌性預算先放入285億元，未來會成為24小時從水下到高空的全方位監偵，導入無人載具及AI科技，各安檢所都會有無人機，人、機一同進行監控海岸。管碧玲說，台灣要守護和平，與時間賽跑，總統去年11月為高緯度遠洋巡護船「西拉雅號」命名，前2天高緯度遠洋巡護船第3艘開工，台灣要加快腳步，與夥伴國家緊密結合，越緊密越和平，不能讓別人看到日本竟然比台灣還更知道要保護台海，不能讓別人看到台灣竟把夥伴國家推開，擁抱侵犯的國家，「我們不能成為破口」。總統賴清德（左）致贈海巡春節禮包。（記者林宜樟攝）總統賴清德（左3）慰勉海巡人員。（記者林宜樟攝）總統賴清德（前排左5）感謝海巡人員守護國家海岸。（記者林宜樟攝）    ,https://news.ltn.com.tw/news/politics/breakingnews/5344161
蘇巧慧瑞芳掃街談言行受檢驗！「木可娛樂台」告白：我愛巧慧,政治,2026/02/15 14:26,民進黨新北市長參選人蘇巧慧（圖左）今天前往新北瑞芳市場拜早年，爭取民眾支持。（記者俞肇福攝）民進黨提名的新北市長參選人蘇巧慧到瑞芳市場掃街拜票，被詢問對於黃國昌遭拜票時，有民眾向黃國昌哭訴，希望他能找回良心。蘇巧慧則說「任何候選人過去的言行，還有現在的政見，都會受到大家的檢驗」。對此，Threads帳戶「木可娛樂台」大呼，「我愛巧慧」。臉書粉專「Mr.柯學先生」今日轉發民視新聞報導，記者詢問蘇巧慧「競爭對方現在也都在進行拜年的這個活動，可是像黃國昌他在拜年的時候就一直被嗆，甚至昨天是有支持者在他面前哭、說希望他（黃）能夠找回良心，想問委員怎麼看？」請繼續往下閱讀...蘇巧慧回說，「任何候選人過去的言行，還有現在的政見都會受到大家的檢驗，所以我過去10年在國會的表現，還有在地方的成績，都受到大家的肯定。希望大家能夠支持，說到做到」。粉專「Mr.柯學先生」大讚，「黃國昌被嗆找回良心！蘇巧慧霸氣回：政治人物過去的言行都會受到檢視啦！我愛巧慧」。網友看到貼文後相繼留言，有人說「你們看喔，蘇巧慧的回答完全沒有攻擊『黃或昌』及帶什麼風向。下次記者再問『黃或昌』，他的回答不是民進黨就是賴清德」、「很棒的發言，真的不用多費唇舌去批評超速仔，巧慧巧慧得第一，最慧衝」、「拜託，阿昌沒人品怎麼跟巧慧比較」。黃國昌拜票被嗆 蘇巧慧：候選人言行政見會受大家檢驗    ,https://news.ltn.com.tw/news/politics/breakingnews/5344041
出戰台北市長呼聲高！鄭麗君曝新任務：盼社會及國會共同支持,政治,2026/02/15 14:14,行政院副院長鄭麗君在小年夜的清晨6時許搭乘長榮航空班機返抵國門。（記者劉信德攝）民進黨2026台北市長人選尚未攤牌，行政院副院長鄭麗君因台美貿易談判成果亮眼，黨內勸進聲浪不斷。鄭麗君今（15日）返台後透露，她終於完成談判團隊的任務，春節假期後會將貿易協定和投資MOU的兩份文本，以及整體影響評估函送國會，也會持續對外溝通說明，希望社會及國會能夠共同支持。鄭麗君於美東時間12日率談判團隊與美方就「台美對等貿易協定」（ART）達成共識，並見證協定簽署，今天清晨返抵桃機。她隨後於臉書撰文說明，繼美東時間1月15日與美國簽署台美投資MOU後，2月12日下午，我方再和美國貿易代表署正式簽署台美對等貿易協定。請繼續往下閱讀...「我們終於完成總統、院長交付談判團隊的任務了！」鄭麗君有感而發地說，簽署儀式之後，車行經過河面結冰的波多馬克河，心裡不禁想著，歷經春夏秋冬的十個月，台灣確定取得輸美對等關稅15%且不疊加，這是美國給予逆差國中的最佳待遇；也爭取到2072項輸美產品豁免對等關稅，使我國輸美產品的平均關稅降到12.33%。同時，我們也取得232條款關稅最惠國待遇。鄭麗君直言，首先要感謝產業界及國人的包容與等待，這段期間產業界真的辛苦了，希望談判的結果，能為台灣帶來更公平、甚至更具優勢的競爭地位，為未來拓展更多機會與更寬廣的道路。就如總統所說的，是大家的實力，讓台灣在世界上發光，可以更有自信地走向世界。鄭麗君說，她也要感謝所有談判團隊的成員，包括楊珍妮政委、經貿談判辦公室的夥伴、各部會首長及同仁們的付出；尤其要謝謝總統賴清德、副總統蕭美琴、行政院長卓榮泰、府院及國安會三位秘書長及相關同仁不分晝夜、無時差地並肩努力。這場談判是在整個政府團隊的通力合作下，才有可能完成的。最後，鄭麗君表示，她要謝謝國人的支持鼓勵，也要謝謝不同意見的批評指教，她都感念在心，也會虛心傾聽。春節假期過後，會在卓榮泰的指示下，盡快將貿易協定和投資MOU的兩份文本，以及整體影響評估函送國會；行政院也會持續對外溝通說明，希望社會及國會能夠共同支持。    ,https://news.ltn.com.tw/news/politics/breakingnews/5344141
北京如何把國民黨當傀儡反對台灣國防？  林飛帆：軍事挑釁將更大膽,政治,2026/02/15 13:59,林飛帆指出，若預算受阻，將向國際傳達「台灣防衛決心動搖」的錯誤訊號，也會讓北京更大膽以軍事挑釁台灣，並把國民黨當作有用的「協力者」弱化台灣。（資料照）藍白持續封殺賴政府1.25兆軍購特別預算，美方對此高度關切，日前更有37名國會議員致函藍白，呼籲盡速通過預算。國安會副秘書長林飛帆近日接受美媒《戰情室》（War Room）專訪，林強調，若預算受阻，將向國際傳達台灣防衛決心動搖的錯誤訊號，也會讓中國把國民黨當作有用的「協力者」弱化台灣。林飛帆事後在社群媒體Threads發文並貼出相關受訪片段，他提到《戰情室》（War Room）主持人溫特斯（Natalie Winters）詢問他「北京如何運用國民黨作為傀儡，來反對台灣的國防預算？」、「如果這項預算沒有通過，會向北京傳遞怎樣的訊息？」請繼續往下閱讀...林飛帆表示，自己向她強調：「當多數民意支持強化國防，部分在野黨卻沈溺於綏靖主義，近期國民黨赴中的言論應和北京論述，印證我們的擔憂。」林飛帆指出，若預算受阻，將向國際傳達「台灣防衛決心動搖」的錯誤訊號，也會讓北京更大膽以軍事挑釁台灣，並把國民黨當作有用的「協力者」弱化台灣。    ,https://news.ltn.com.tw/news/politics/breakingnews/5344111
鄭麗君載譽返台被傳選北市長 何欣純喊尊重大力支持「勝利連線」,政治,2026/02/15 13:57,鄭麗君載譽返台傳選北市長，姐妹淘何欣純喊尊重大力支持。（圖：何欣純服務處提供）台美關稅協商簽訂，主持談判的行政院副院長鄭麗君今載譽返台，被傳可能代表民進黨角逐台北市長，民進黨台中市長參選人、立委何欣純說，鄭麗君代表台灣跟美國談判，過程艱辛，但她有為有守，表現深受國人肯定稱讚，對於她作何選擇，均予以尊重且大力支持，「相信勝利連線會站我們這一方的」。鄭麗君今日返台，她的未來動向引關注，外傳鄭麗君可能披掛上陣角逐台北市長，引發熱議。請繼續往下閱讀...何欣純說，鄭麗君是她10多年的好朋友、好姐妹，過去不管是在立法院、民間機構，到現在的行政院副院長，把工作職責做好是她們兩人的共通點，向來彼此加油打氣、也彼此珍惜。何欣純說，過去9個多月來鄭麗君代表台灣跟美方談判，談判過程非常艱辛，但鄭有為有守的表現深受國人肯定，自己最近走訪基層，大部分對她的表現均極力稱讚、對談判團隊表示感謝的聲音。針對外傳鄭麗君被視為代表民進黨參選台北市長熱門人選，何欣純說，鄭麗君未來如何選擇，她都尊重且大力支持，女力連線固然很好、很重要，相信「勝利連線是站在我們這一方的」。    ,https://news.ltn.com.tw/news/politics/breakingnews/5344104
分析高金素梅奪高票套路 Kolas：利用資源匱乏、拿中共口號洗腦,政治,2026/02/15 13:56,立委高金素梅（中）。（資料照）檢調偵辦無黨籍立委高金素梅涉利用人頭詐領助理費案，對此，前總統府發言人Kolas Yotaka表示，她與高金同為原民政治工作者，理應惺惺相惜，但遺憾對方走偏了，「濫用原住民族的貧窮，軟土深掘。原民作為一個獨立的族群，一種台灣主人的尊嚴，被錢踩在腳下，令人心碎痛苦。」前總統府發言人Kolas Yotaka今日於臉書發文提及，「為人民服務」是中國共產黨的精神目標和價值追求，自高金素梅競選之初，高金就高喊「為人民服務」，導致毛澤東、習近平的口號「為人民服務」在台灣的原住民族選區很常見。這個大大的標語出現在北京的新華門牌匾上（中共中央與國務院辦公大樓），出現在中共各級黨政機關門口、大廳、最顯眼的地方，更別說習近平在重大的黨慶、國慶、閱兵時也常把「為人民服務」掛在嘴邊。請繼續往下閱讀...另一邊，在台灣，2007年高金素梅「為人民服務」的新聞稿至今還掛在立法院官網，2024年高金素梅競選連任，選舉公報上的政見就是「為人民服務」。臉書po自稱「為人民服務」的團隊，hashtag標籤也不缺「為人民服務」。Kolas Yotaka坦言，看高金素梅案，有悲傷感。「我與她同作為台灣原住民族政治工作者，理應惺惺相惜」，對她力抗病魔、忍受性別霸凌、勇於面對人生挑戰感到敬佩，也曾祝福她早日康復，台灣的原民立委本應跨政黨共同「為族人服務」，對任何強奪台灣原住民族認同者才應「永不屈服」。但高金素梅走偏了，濫用原住民族的貧窮，軟土深掘。原民作為一個獨立的族群，一種台灣主人的尊嚴，被錢踩在腳下，令人心碎痛苦。有很多人都問「國民黨這樣對你們，你們原住民為什麼都投國民黨？」Kolas Yotaka說，自己都告訴他們，不要誤以為大部分原民的投票行為背後，存在主動的意識形態的選擇，真相跟「國民黨」沒有關係，跟「貧窮」有關係。在高金素梅、傅崐萁等人身上看得出這種套路。這2人都不是「國民黨」。高金素梅是無黨，傅崐萁雖然現在是國民黨，但他也曾是親民黨、也曾是無黨，都可以「高票」當選。「政黨」不是這些立委當選的為一理由，誰能把外來的「現金」「資源」發出去才是當選的關鍵。大到捐一座圖書館、送一台「幸福巴士」，小到一支武漢肺炎（新型冠狀病毒病，COVID-19）快篩試劑，都足以讓資源匱乏的選民感恩涕零，她／他就可以當選。Kolas Yotaka最後提問，「當選後，是為人民服務？或為習近平服務？」「為人民服務」標語出現在北京的新華門牌匾上。（圖擷取自Kolas Yotaka臉書）Kolas指出，2007年高金素梅「為人民服務」的新聞稿至今還掛在立法院官網，2024年高金素梅競選連任，選舉公報上的政見就是「為人民服務」。（圖擷取自Kolas Yotaka臉書）「為人民服務」是中國共產黨的精神目標和價值追求。（圖擷取自Kolas Yotaka臉書）    ,https://news.ltn.com.tw/news/politics/breakingnews/5344097
小年夜拜廟發放小紅包 陳其邁率市府團隊「謝謝大家」,政治,2026/02/15 13:45,陳其邁與右昌元帥府人廟人員合影，並擺出超人力霸王的手勢！（記者許麗娟攝）今（15）日小年夜，高雄市長陳其邁一早到楠梓區右昌元帥府走春參香，發放今年高雄「超人精神 一馬當先」開運小紅包，由於是市長任期的最後一年，陳其邁率領7位市府局處首長提早向市民拜年並表達感謝。陳其邁小年夜參香行程，上午前往楠梓區右昌元帥府、鳳屏宮、中埔代天府、楠梓東門王爺廟，下午將到橋頭九甲圍義山宮、燕巢威靈寺、大社青雲宮、左營元帝廟，提早向民眾拜年，由於今年高雄的開運小紅包結合冬日遊樂園人氣主題IP「超人力霸王」，民眾排隊領取相當踴躍，並搶著和市長陳其邁合照。請繼續往下閱讀...陳其邁在右昌元帥現場致詞時提及，今年是他在高雄市政府任期的最後一年，市府團隊也到場一起向民眾拜年，並一一點名到場的運發局長侯尊堯、都發局長陳盈秀、環保局長張瑞琿、民政局長閻青智、農業局長姚志旺、青年局長林楷軒、新聞局長項賓和，除了向民眾拜年，也一同鞠躬感性說「謝謝大家！」高雄市長陳其邁（中）小年夜一早到楠梓區右昌元帥府走春參香。（記者許麗娟攝）陳其邁市府7位局處首長趁著拜年也向市民表達感謝！（記者許麗娟攝）陳其邁市府7位局處首長趁著拜年也向市民表達感謝！（記者許麗娟攝）陳其邁發放開運小紅包給長輩。（記者許麗娟攝）    ,https://news.ltn.com.tw/news/politics/breakingnews/5344089
賴清德春節慰勉 宣布警察加給調高6萬人將受惠,政治,2026/02/15 13:28,總統賴清德說明警察加給提高方案。（記者林宜樟攝）今天是小年夜，總統賴清德到嘉義縣警察局水上分局視察，慰勉辛苦的警察人員，他表示，政府調整警察人員警勤加給表，調高刑事加成以及勤務繁重加成，已在行政院會通過，預計如果立法院通過，3月1日可生效實施，全國約有6萬名警察可受惠。賴清德、內政部長劉世芳、嘉義縣長翁章梁、立委蔡易餘、陳冠廷及警政署長張榮興等人到水上分局進行春節慰勉；賴清德說，今年嘉義縣舉辦台灣燈會，相關人員工作繁重，時間延長，3月3日到3月15日台灣燈會舉辦期間會格外辛苦，所以選擇嘉義縣，跟部長、署長跟大家加油打氣，嘉義縣在治安工作交出亮眼成績單，打擊黑金槍賭詐有很好的成果，竊盜破案率高達94%以上，非常不容易。請繼續往下閱讀...賴清德說，政府調整警察人員警勤加給表，調高刑事加成以及勤務繁重加成，行政院長卓榮泰已在行政院會通過，是因為內政部長劉世芳長爭取的結果。劉部長是鐵娘子，不怕任何的惡勢力，對於打擊犯罪有堅定信心的勇氣，當在各縣市看到警方辛苦的時候，認為應該替同仁爭取實質獎勵，向院長爭取，「我也很支持」。賴清德說，行政院會已經通過，預計如果立法院通過，3月1日可生效實施，全國受惠警察同仁大約有6萬名，直轄市勤務繁重加給，非直轄市13個本島縣市警察同仁納入適用的範圍，最高加4成支給，每月增加3104元到3880元，希望透過待遇調整，可以回應基層同仁實際上的工作需求，鼓舞員警的士氣。賴清德說，嘉義縣在翁章梁縣長帶領下，突飛猛進，突破原有的框架，現在嘉義縣不只是農業、文化、觀光，精密機械越來越發達，國家無人機載具在嘉義，半導體最先進的封裝測試在嘉義，全世界最重要、群聚最大的封裝測試就在嘉義縣，未來園區成功後在國際上舉足輕重，嘉義縣未來在國家進步、世界繁榮扮演的重要角色，期待縣長開拓嘉義縣這一條路能夠繼續走下去，對的道路、正確的道路、進步的道路要繼續走下去。總統賴清德等人到嘉義縣警察局水上分局進行春節慰勉。（記者林宜樟攝）    ,https://news.ltn.com.tw/news/politics/breakingnews/5344103
記者採訪蘇巧慧掃街巧遇阿公！網讚「可愛C位畫面」,政治,2026/02/15 13:23,民進黨新北市市長參選人蘇巧慧（圖右）今天（15日）前往新北市瑞芳市場拜票，電視台女記者巧遇阿公來市場，蘇巧慧拉阿公與女記者三人合照，拉近與瑞芳鄉親的距離。（記者俞肇福攝）新北市長選戰開打，民進黨提名的新北市長參選人蘇巧慧近期持續到地方掃街拜票，今上午前進到瑞芳市場，對於民眾要求合照來者不拒，有到場採訪的電視台記者更發現，其中一位老翁竟然是自己的阿公，一問之下才知道原本這名記者就是瑞芳人，3人也當場開心合照。網友看到這段畫面也紛紛大讚「太溫馨可愛了！ 巧慧掃街就是濃濃的人情味」、「覺得很感動，把C位給開心的阿公，真的沒幾位能做到」。蘇巧慧今上午到瑞芳市場掃街拜票，在接受媒體訪問完時，熱情向一旁朝她微笑的老翁打招呼，蘇巧慧還高喊「來啦」並主動靠近老翁，伸出手想與對方握手，而就在兩人正在握手時，原本背對老翁的一名記者一轉頭才直呼「他是我阿公」，讓蘇巧慧直呼「真的？」這名記者也再次肯定「他是我阿公，哈哈哈……」巧遇畫面也讓在場的人都笑了。請繼續往下閱讀...蘇巧慧為此也用台語向老翁表示「所以你笑笑地在看，是在看她不是看我喔」、「我想說那欸架歡喜勒看我們這樣」，不過老翁也直接指著蘇巧慧說「看妳啦」，三人在開心交談之餘，蘇巧慧也隨即表示「咱三個拍一張啦，緊勒」、「卡緊勒、卡緊勒」，蘇巧慧也詢問該名記者「妳是瑞芳人喔」，記者也回應「我是瑞芳人」。雖然老翁走過來時還一度想與孫女分別站在蘇巧慧的兩側，不過蘇巧慧也立刻將老翁往C位移動。這段畫面也被臉書粉專「Mr.柯學先生」轉貼，對此網友也紛紛表示「阿公帥，孫女漂亮，未來市長超親民」、「這段畫面，巧慧委員出現很多溫馨細膩的小動作」、「她台語好遛」、「好喜歡這個鄰家阿姨的『哎呦～』」、「好好笑喔也好可愛」、「細節見人品，巧慧把阿公推到中間合照」、「還把C位直接給啊公，讚死」、「這樣溫暖的人，能不支持她嗎？」也有人酸「反觀另一個，每日被嗆……」、「看到拍照畫面，讓我想到…蘇巧慧沒有跟某黨一樣在搶C位……」、「如果是柯文哲，可能會架拐子吧？」此外，這名巧遇阿公的記者也發文直呼「論採訪遇到自己阿公的機率有多低？？？那時候聯訪完，巧慧一直在看我後面，結果我一轉過去：阿公？！？！」蘇巧慧也在底下留言表示「這實在太經典了！」    ,https://news.ltn.com.tw/news/politics/breakingnews/5344075
傳台美關稅協定「晶片條文未納入」 林沛祥質疑黑箱談判,政治,2026/02/15 12:59,"國民黨團書記長林沛祥。（資料照）台美對等貿易協定（ART）台北時間13日正式簽署，台灣輸美平均關稅降至15%不疊加原稅率，不過核心的「晶片」條文未納入，預期在川習會後公布，外界估計台積電對美投資可能需要再加碼1000億美元。對此，國民黨團書記長林沛祥批評，若該報導為真，代表過去10個月來民進黨政府對美關稅談判是黑箱談判。林沛祥表示，不管外媒的報導是謠言，還是先透露一些關鍵的訊息，他認為這次台美關稅協定，若晶片的投資真的沒有被放進去，就代表說過去這10個月以來，民進黨政府對美關稅談判是黑箱談判，所有的事情都沒有公開透明。請繼續往下閱讀...林沛祥呼籲，身為一個國會議員，應針對每個產業去做好好的評估，對於全產業的經濟衝擊影響評估，行政院必須做足之外，也必須要舉辦公聽會，跟每個產業坐下來好好了解、好好談，說明關稅談判之後，對於全台灣的經濟跟產業有多少的衝擊，才是一個負責任的政府，而非一次性的打包式表決，只會讓國家、經濟受到嚴重的損傷。    ",https://news.ltn.com.tw/news/politics/breakingnews/5344061
黃國昌被昌粉呼籲「找回良心」 詹凌瑀諷：不要又賴給清德了,政治,2026/02/15 12:50,詹凌瑀提到，看到昔日支持者語重心長要黃國昌「找回良心」，結果他的回應竟然又是跳針喊「絕不走小綠路線」？詹質疑：「請問，難道是賴清德還是民進黨把你的良心吃掉了嗎？」（資料照）民眾黨主席黃國昌近期頻頻在新北市各地掃街拜票，昨日（14日）上午有一名男子在黃國昌掃街時，哽咽地拜託「找回良心」、「找回以前的自己」。對此，黃國昌今（15日）表示：「我絕對不會走小綠的路線。」媒體人詹凌瑀則吐槽：「黃國昌不要又賴給清德了。」黃國昌今日受訪時強調，從過去到現在，他堅持第三勢力的道路從來沒有改變過，或許有些民眾黨的支持者，希望他們變成小綠，但是不管他是在時代力量還是台灣民眾黨，「我絕對不會走小綠的路線，如果因為我不走小綠的路線，而讓某些人感覺到失望的話，那我也只能夠尊重」。請繼續往下閱讀...詹凌瑀提到，看到昔日支持者語重心長要黃國昌「找回良心」，結果他的回應竟然又是跳針喊「絕不走小綠路線」？詹質疑：「這是邏輯死膩？請問，難道是賴清德還是民進黨把你的良心吃掉了嗎？」詹凌瑀表示，黃國昌不要什麼事情都賴給民進黨，明明就是你自己利益薰心，哪裡有好處就往哪裡鑽。詹直言：「大家看在眼裡的是你甘願淪為『三姓家奴』，在立法院樂當傅崐萁的『吉娃娃』，這才是讓支持者徹底心寒的原因。詹凌瑀強調：「這一切跟當不當小綠根本一點關係都沒有。少拿「監督執政黨」當作自己變質的遮羞布，承認自己為了權力把靈魂賣掉，很難嗎？」    ,https://news.ltn.com.tw/news/politics/breakingnews/5343982
親中媒體如何影響選民？2020年台灣總統大選案例登政治頂級期刊,政治,2026/02/15 12:49,芝加哥羅耀拉大學政治系助理教授高頡，透過2020年台灣總統大選，來分析選前數週內持續地閱讀親中媒體，是否有辦法影響選民的投票行為和對中國的態度。（資料照）芝加哥羅耀拉大學（Loyola University Chicago）政治系助理教授高頡，在政治學頂級期刊《美國政治科學評論》（ American Political Science Review，APSR）發表研究，透過在台灣大規模的田野實驗以及長期的資料追蹤，來看親中媒體對民眾的影響，這是時隔38年再次有台灣為主要研究對象的文章登上APSR。芝加哥羅耀拉大學（Loyola University Chicago）政治系助理教授高頡，透過2020年台灣總統大選做了一個隨機田野實驗（Randomized Field Experiment），來分析選前數週內持續地閱讀親中媒體，是否有辦法影響選民的投票行為和對中國的態度。請繼續往下閱讀...這篇名為〈親北京媒體如何影響選民：來自一項隨機化實地實驗的證據〉（How the Pro-Beijing Media Influences Voters: Evidence from a Randomized Field Experiment）研究登上國際政治學頂級期刊《美國政治科學評論》，研究發現，長期接觸親中媒體會讓無黨派跟原本就親中民眾的政治態度更加傾向中國這一邊，而對中國抱懷疑態度的人們，效果會正好相反。這是自1988年以來，APSR時隔38年再次有台灣為主要研究對象的文章登上APSR，高頡在臉書表示，對於在台灣出生長大的他來說，能看到台灣案例出現在APSR，心裡有說不出的感動，也希望未來會有更多以台灣為主角的研究出現在頂尖期刊上。美國蘭德智庫研究員王宏恩強調，這篇文章對於台灣研究是一個重要的里程碑，自1988年後再也沒有以台灣作為主要研究對象刊登上APSR了；王宏恩指出，作為政治學頂尖期刊，審查標準是嚴謹的可怕，這篇文章不只代表原作者的研究能力受到全方位的肯定，也代表台灣受到中國資訊跨國影響台灣民意的這件事，對於政治科學來說是個重要且有學術貢獻的研究方向與個案。王宏恩認為，當有這篇文章作為標竿帶頭達陣第一名的政治學期刊，可預期未來相關的台灣研究也會更受到政治科學領域的重視。    ,https://news.ltn.com.tw/news/politics/breakingnews/5343947
四叉貓爆白營參選人酸陳彥廷空降、透支民眾黨資源 網酸輸不起,政治,2026/02/15 12:00,四叉貓指出，日前民眾黨三蘆選區參選人由家樂福陳彥廷勝出，陳報名黨內初選一切符合規定，不過民眾黨的台中議員候選人「淘寶女」劉芩妤（見圖）馬上在LINE群發表意見，稱家樂福陳先生是「空降」才成為候選人。（資料照）民眾黨日前進行新北市議員初選，被視為黨主席黃國昌子弟兵的周曉芸輸給素人陳彥廷，後續發展卻爭議不斷，網紅四叉貓昨深夜爆料，指民眾黨台中議員參選人劉芩妤透過社群質疑陳彥廷「空降」，還稱「這樣會造成團隊的負擔，透支民眾黨的資源」、「蠻不能接受這樣的參選人」。對此網友紛紛質疑「人家什麼資格都符合，學歷還嚇嚇叫，金釵輸不起才是沒水準」、「偷酸周曉芸？」四叉貓在臉書發文指出，日前民眾黨三蘆選區參選人由家樂福陳先生（陳彥廷）勝出，陳先生報名黨內初選一切符合規定，還是用世新全民調贏過四金釵周曉芸。不過民眾黨的台中議員參選人「淘寶女」劉芩妤馬上在LINE群發表意見，她說家樂福陳先生是「空降」才成為參選人。請繼續往下閱讀...四叉貓表示，「大家都記得金門周曉芸空降三盧逼走李有宜這件事吧」，並質疑劉芩妤還說，這樣會造成團隊的負擔，透支民眾黨的資源，甚至說陳先生是來做新手職前訓練。劉芩妤在LINE的留言還稱「我其實蠻不能接受這樣的參選人」，四叉貓則直言「原來符合規定報名海選的素人參政，在民眾黨內部是被這樣看待的阿......」。該文發出後引發網友議論，網友紛紛表示「不太懂為什麼檢討陳先生？遊戲規則一開始不就明訂了嗎？」、「對陳先生難以接受，對李貞秀沒有意見」、「那周曉芸為什麼會輸一個被掏寶女講成這麼菜的空降家樂福男？莫非掏寶女在偷酸周曉芸」、「陳彥廷是沒繳黨費還是沒繳初選費用？人家什麼資格都符合，學歷還嚇嚇叫，金釵輸不起才是沒水準」、「人家已經『深耕』15年了，也不是直接徵召，何來空降的說法」、「她真的知道什麼叫『空降』嗎？」、「雙標黨的日常思考」。四叉貓指出，日前民眾黨三蘆選區參選人由家樂福陳彥廷勝出，陳報名黨內初選一切符合規定，不過民眾黨的台中議員候選人「淘寶女」劉芩妤馬上在LINE群發表意見，稱家樂福陳先生是「空降」才成為候選人。（圖擷自臉書）    ,https://news.ltn.com.tw/news/politics/breakingnews/5343883
蔡英文小年夜除舊佈新 開箱「陳三歲」賀禮驚呼：太大了吧！,政治,2026/02/15 12:00,農曆小年夜，前總統蔡英文也在辦公室除舊佈新，親手掛上「福氣加碼」小燈箱，也開箱了高雄市長「陳三歲」（陳其邁）送來的超萌新年賀禮，包括高捷站長「蜜柑萌虎」，以及讓蔡忍不住大喊「太大了吧」的巨型「超人力霸王」提燈，與毛小孩樂樂共度溫馨的年節時光。蔡英文在影片中開箱陳其邁從南台灣寄來的新年禮物，拿到巨大的「超人力霸王」提燈，蔡忍不住驚呼「太大了吧」、「好重」；看到深受貓奴喜愛的高捷站長「蜜柑萌虎」玩偶，蔡也隨即掛在愛犬樂樂身上，要牠帶回家和阿才（蔡的愛貓）一起玩，可愛的互動讓辦公室充滿暖意。請繼續往下閱讀...此外，蔡英文也親自為辦公室妝點春節氣息，在辦公室門邊親手掛上精緻的「福氣加碼」小燈箱，並點亮溫馨黃光，祝福大家新的一年都能福氣加碼、新年快樂；蔡並透露，她也送了一個同款燈箱給「陳三歲」。陳其邁去年二月出席客家新春祈福活動，開心與現場幼兒園孩童撂「客語」，他事後自嘲孩子只有3歲、自己講客家話是「陳三歲」。    ,https://news.ltn.com.tw/news/politics/breakingnews/5342791
黃國昌拜票被嗆 蘇巧慧：候選人言行政見會受大家檢驗,政治,2026/02/15 11:49,民進黨新北市市長參選人蘇巧慧（圖右）今天（15日）前往新北市瑞芳市場拜票，電視台女記者巧遇阿公來市場，蘇巧慧拉阿公與女記者三人合照，拉近與瑞芳鄉親的距離。（記者俞肇福攝）今天是小年夜（15日），民進黨提名的新北市長參選人蘇巧慧到瑞芳市場掃街拜票，被記者問到對手的民眾黨黃國昌拜票時被嗆，甚至還有人向黃國昌哭訴，希望他能找回良心；對此，她表示，任何候選人過去的言行，還有現在的政見，都會受到大家的檢驗。蘇巧慧展開瑞芳市場掃街時說，今天已經是團隊近 30 場過年前跟鄉親拜早年的市場活動。接下來在過年的期間，賴清德總統也會回到他的家鄉萬里，那因為前總統蔡英文、副總統蕭美琴戶籍都在新北，所以也都會來新北跟鄉親一起拜年。她不但會到新北市各地與民眾拜年，同時也會在社群網路上，告訴民眾她的政見，甚至用趣味的年節影片向大家恭喜，陸戰、空戰齊發，讓大家更認識會做事的蘇巧慧。請繼續往下閱讀...對於李四川宣布將請辭台北市副市長、代表國民黨投入新北市長選舉後，陸續爆出李四川弟弟捲入環保蟑螂、李四川與高雄建商有利益關係；蘇巧慧僅簡短回應，環保流氓的事情，社會是不允許的，她支持司法嚴辦，也希望杜絕這樣可惡的行為。對於黃國昌拜票被嗆聲，她表示，任何候選人過去的言行，還有現在的政見，都會受到大家的檢驗。所以她過去10年在國會的表現，還有在地方的成績，都受到大家的肯定。像昨天（14日）在樹林，鄉親熱情的反應真的讓自己非常感動。她未來也會持續讓大家知道，蘇巧慧不但是有成績、有願景、對新北這座城市有感情，團隊會非常努力，讓新北升級。希望大家能夠支持「說到做到，溫暖、創新、會做事」的蘇巧慧，一起讓新北更好。蘇巧慧隨後前往瑞芳市場，向攤商一一致意拜早年，面對民眾、攤商要求合照，她來者不拒開心合影；採訪過程中，有電視台女記者剛好是在地的瑞芳囡仔，巧遇阿公來菜市場，馬上就被蘇巧慧拉阿公與女記者3人合影，靦腆的阿公笑開懷。民進黨新北市長參選人蘇巧慧（圖左）今天前往新北瑞芳市場拜早年，爭取攤商支持。（記者俞肇福攝）民進黨新北市長參選人蘇巧慧（圖右）今天前往新北瑞芳市場拜早年，爭取攤商支持。（記者俞肇福攝）民進黨新北市長參選人蘇巧慧（圖左）今天前往新北瑞芳市場拜早年，爭取民眾支持。（記者俞肇福攝）    ,https://news.ltn.com.tw/news/politics/breakingnews/5344012
無懼中共通緝威脅！沈伯洋赴法國完成外交任務,政治,2026/02/15 11:31,民進黨立委沈伯洋。（翻攝沈伯洋臉書）中共去年以「涉嫌分裂國家」等莫須有罪名，發布紅色通緝，揚言透過國際刑警組織全球抓捕、通緝民進黨立委沈伯洋；為破除中共的威嚇，沈當時旋即前往德國國會作證，又赴荷蘭，與民進黨立委范雲出席國際自由聯盟會議。在春節前夕，沈伯洋再次頂著中共全球通緝的壓力，前往法國完成為期八天的外交任務。中共2014年將沈伯洋列入「台獨頑固分子」制裁清單後，重慶市公安局於去年10月28日更片面宣稱以涉嫌「分裂國家罪」對沈立案偵查，中國官媒亦大肆配合認知戰，引述說法威脅稱一旦偵結，可透過「國際刑警組織」（INTERPOL）發布「紅色通緝令」全球抓捕，但這項片面宣稱則已被國際刑警組織打臉。請繼續往下閱讀...沈伯洋今在臉書發文指出，法國是國際刑警總部的所在地，法國也與中國簽有引渡協議，他頂著中共全球通緝的壓力，為期八天的外交任務仍舊照計劃完成。不過，他的情人節就這樣在飛機上度過了。沈伯洋也預告：「接著還有下一場！我會和我的國家，持續站在最前線。」    ,https://news.ltn.com.tw/news/politics/breakingnews/5344003
楊瓊瓔小年夜走訪市場懇託「民調電話唯一支持楊瓊瓔」,政治,2026/02/15 11:27,楊瓊瓔今走訪市場獲民眾送上菜頭搏好彩頭。（圖：楊瓊瓔提供）國民黨台中市長提名人選未定，黨中央日前邀集角逐的立法院副院長江啟臣、立委楊瓊瓔協調，拍板3月進行民調等事項；楊瓊瓔今在大肚區自強市場拜年，懇託民眾「民調電話唯一支持楊瓊瓔」，她與大家共勉「努力打拚一定會更好」，並承諾持續為基層爭取資源、改善地方建設。國民黨台中姊弟之爭雖已拍板民調期程等事宜，江楊之爭檯面化開撕，江楊持續較勁，各利用年前採買過年事宜旺季，走訪市府與民眾互動，江啟臣今走訪北屯市場及西區第五場；楊瓊瓔則在台中市議員林昊佑及大肚區自強里長林順安陪同下，到大肚區自強市場向民眾拜早年，並逐攤發送馬年小紅包，不少攤商齊送菜頭、青蒜、鳳梨滿滿祝福。請繼續往下閱讀...楊瓊瓔詢問生意與年節買氣，有攤商笑說，今年年貨買氣回溫，希望新的一年景氣更好，楊瓊瓔也說「努力打拚一定會更好」，跟大家共勉；她並承諾持續為基層爭取資源、改善地方建設。楊瓊瓔說，「大家的鼓勵就是我最大的動力」，她也向攤商宣傳願景，強調未來將持續深入基層、傾聽民意，用腳步走遍台中每個角落，要打造更宜居、更有競爭力的城市，讓年輕人願意留下、長輩安心生活；楊瓊瓔也不忘向民眾懇託「民調電話唯一支持楊瓊瓔」。    ,https://news.ltn.com.tw/news/politics/breakingnews/5343989
掃街被酸「一定要選到底，不要落跑」 黃國昌微笑回應「謝謝」,政治,2026/02/15 11:21,民眾黨新北市長參選人黃國昌到林口市場掃街拜票，順便採買食材。（記者賴筱桐攝）民眾黨主席黃國昌投入新北市長選戰，今天（15日）前往林口市場掃街拜票，民眾反應兩樣情，有人高喊「加油」、要求合照，也有民眾酸說「一定要選到底，千萬不要落跑喔！」黃國昌則是微笑回應「謝謝」，繼續拜票並發送紅包袋。黃國昌掃街前接受媒體訪問，針對民進黨新北市長參選人蘇巧慧曾到林口市場掃街，是否代表陸戰已經全面開打？黃國昌表示，新年期間到新北市各個不同的區域，跟所有市民朋友請安問好，同時祝大家新年快樂、爭取支持，這是候選人通常都會做的事，不用把選戰看得好像你死我活。請繼續往下閱讀...他說，台灣社會現在目前需要比較多理性、冷靜討論的空間，畢竟過去1年在大罷免之下造成的對立跟衝突，到目前為止都還沒有平息，這對於台灣未來的發展不是1件好事，過年時希望大家都可以保持愉快的心情，年後面對新的工作，台灣面臨的挑戰還很多。今天是小年夜，市場擠滿採買年貨的人潮，黃國昌掃街過程中，民眾反應大不同，有支持者主動索取紅包袋、春聯，要求握手、合照，並高喊「加油」，有人稱讚黃國昌本人比電視上還高、很帥，也有攤商忙著做生意，不理會他，黃國昌也採買蔥、蒜頭、香菜等食材，他笑說：「老婆交代我買的。」掃街途中有民眾抱怨隊伍影響出入動線，市場被塞得水洩不通，有阿姨指著他說「這個是壞人」，也有人高喊「一定要選到底，千萬不要落跑喔！」另1名阿伯經過黃國昌身旁嗆聲：「為了台灣最重要，不要為了自己」。面對各種民意，黃國昌均以微笑說「謝謝」回應。民眾黨新北市長參選人黃國昌到林口市場掃街拜票，有民眾要求合照。（記者賴筱桐攝）民眾黨新北市長參選人到市場掃街拜票，爭取選民支持。（記者賴筱桐攝）民眾黨新北市長參選人黃國昌到林口市場掃街拜票。（記者賴筱桐攝）    ,https://news.ltn.com.tw/news/politics/breakingnews/5343986
批高金素梅「幸福巴士」來自中國國企 張育萌：請鬼拿藥單,政治,2026/02/15 11:19,無黨籍立委高金素梅因涉利用人頭詐領助理費、利用人頭輸入中國製快篩，還疑利用原住民多族群文化交流協會詐領補助等案，遭檢調偵辦。（資料照）檢調偵辦無黨籍立委高金素梅涉利用人頭詐領助理費等案，針對高金素梅聲稱，為了爭取原鄉部落的交通車，她努力了10年，直到企業的捐贈之後，政府才有了「幸福巴士」的政策，台灣青年世代共好協會理事長張育萌發文批評，高金只敢講她努力找「企業捐贈」，卻不提她找的根本不是中資，而是中國國有企業。張育萌砲轟，身為台灣的國會議員，整天找北京來解決台灣問題，根本是請鬼拿藥單。張育萌在臉書發文批評，高金明明被檢察官認為「涉嫌重大」，以100萬交保，她還可以裝沒事，說自己「清清白白參政」。高金昨天的聲明，又把搜索講成是「司法迫害」，讓他毫不意外。但她硬要把自己的「政績」，還宣稱「努力了十年政府才有了『幸福巴士』的政策」，則是讓張育萌「看不下去」。請繼續往下閱讀...張育萌指出，2010年2月，高金素梅就開始用力牽線，要中資企業「捐巴士」給台灣的原鄉。那年10月，中國的國營公司，也是中國最大的通訊公司「中國移動」，就直接捐了愛心巴士，給新竹縣的原鄉。同時，中國的國營航空公司「南方航空」，也捐愛心巴士給新竹。「中國南方航空」是中國規模最大的航空公司。張育萌表示，從2010到2012年，「京泰發展公司」粉墨登場，陸續捐 13 輛巴士到新竹尖石鄉、五峰鄉等原鄉——京泰發展公司是北京最大的國有企業之一。問題是，公車不是光捐就有用。當時，尖石鄉長雲天寶就抱怨，燃料費和人事費一年大概要300多萬台幣。結果，京泰發展公司的董事長雷振剛立刻說，「會再跟北京市長官聊聊此事」。張育萌說，2010年，北京副市長吉林，就直接拿著放大版的「車鑰匙」手板，上面寫著斗大的「兩岸互助」，代表「京泰發展公司」捐車給台灣。不愧是中國的國有企業，北京市副市長可以直接代表公司，到台灣來捐車。到了2013年1月，高金素梅親自帶將近 30 位原住民國中生，到京泰公司登門，對董事長雷振剛道謝。在高金的帶領下，新竹五峰國中的學生，特地對雷振剛唱中國的民俗歌謠。雷振剛的回應，現在看起來根本毛骨悚然。雷振剛直言不諱地說，「希望帶小朋友去北京交流」。張育萌質疑，2026年的今天，實在很難想像，要解決偏鄉的交通問題，為什麼不是質詢交通部，或是媒合台灣的企業，而是找中國企業，來捐車給台灣的原住民鄉鎮。張育萌批評，高金大言不慚地把「幸福巴士」，當作自己的政績——結果只敢講她努力找「企業捐贈」，卻隻字不提，她找的根本不是中資，而是中國國有企業。身為台灣的國會議員，整天找北京來解決台灣問題，根本是請鬼拿藥單。    ,https://news.ltn.com.tw/news/politics/breakingnews/5343862
李四川胞弟涉違法爭議 黃國昌：選舉不是進行家族清算鬥爭,政治,2026/02/15 11:11,對於台北市副市長李四川家人涉入違法爭議，民眾黨新北市長參選人黃國昌表示，選舉是選賢與能，不是進行家族清算鬥爭。（記者賴筱桐攝）台北市副市長李四川宣布參選新北市長後，爆出親弟李賜福是「環保蟑螂」，勒索垃圾清運業者，不法獲利576萬元，被檢方依恐嚇取財等罪起訴，李四川的姪子李昀南也涉入工地潑漆、撒冥紙等恐嚇行徑。對此，民眾黨新北市長參選人黃國昌表示，選舉是選賢與能，不是進行家族清算鬥爭。黃國昌今天上午到林口市場掃街拜票，媒體詢問，李四川宣布參選後，其弟弟和姪子陸續爆發爭議，是否影響未來新北市長選戰的藍白合作？請繼續往下閱讀...黃國昌表示，選舉是選賢與能，大家提出自己的政策願景，爭取選民的認同跟支持，沒有必要把其他家人的事情牽扯到裡面來，因為選舉就是選賢與能，不是在進行家族的清算鬥爭、株連九族，這不是很好的風氣。他說，選舉還是希望回到事物的本質，大家就事論事，爭取選民的認同，至於競選過程當中，用家人的事情來進行攻擊，他覺得對李四川本身並不公平。民眾黨新北市長參選人黃國昌到林口市場掃街拜票。（記者賴筱桐攝）    ,https://news.ltn.com.tw/news/politics/breakingnews/5343968
媒體稱4年買千億美金農產 王定宇揪3大造謠漏洞：金額暴增10倍！,政治,2026/02/15 11:07,台美於美東時間2月12日簽署對等貿易協定後合影。圖左起為美國商務部長盧特尼克、美國貿易代表葛里爾、美國在台協會執行理事藍鶯、駐美代表俞大㵢、行政院副院長鄭麗君、行政院政委楊珍妮。（圖擷自美國貿易代表署官方X）有媒體報導指稱，「為了協助關稅談判，農業部承諾未來4年內採購價值超過一千億美元的美國農產品」。對此，民進黨立委王定宇緊急PO文附上圖卡說明，他直言，「連假第一天的澄清！先祝大家新年快樂！」王定宇於文中附上2張圖，其中附圖 1 針對《聯合報》的報導指出，就聯合報的完全錯誤報導：「為了協助關稅談判，農業部承諾未來四年內採購價值超過一千億美元的美國農產品」請繼續往下閱讀...王定宇直言，農業部粉專去年9月22日的貼文就打臉過一樣的謠言了！但沒關係，我們可以再說一次。第一，「這是業者自主採購的固定行程」農訪團從1998年就開始，每兩年一次。是業者有需要，希望由政府帶頭才能談更好的採購價格。第二，「買的是台灣生產很少的黃豆、玉米、小麥」，這些都是台灣生產很少的重要飼料與民生原料。第三，「政府只參與見證，沒有出資採購。」簽署採購意向書的是台美雙方業者，政府只參與見證。至於報導提到的1000億美元，更是子虛烏有。去年謠傳政府4年要買100億美元，今年謠傳金額增加10倍，但都是錯誤資訊！王定宇強調，「台灣農業很強，不需要造謠唱衰，祝大家新年快樂！」王定宇最後說，針對附圖2內容，他直指，「看看這家媒體，捏造新聞傷害台灣已經不是『新』聞了！」     在 Threads 查看附圖1。（圖擷取自王定宇臉書粉專）附圖2。（圖擷取自王定宇臉書粉專）立委王定宇。（資料照）    ,https://news.ltn.com.tw/news/politics/breakingnews/5343958
王毅怪他國掀亞太緊張 我外交部舉證打臉「中國言行不一」,政治,2026/02/15 11:03,中國外交部長王毅14日在慕尼黑安全會議發表演說。（路透）中國外交部長王毅14日於慕尼黑安全會議（MSC）聲稱台灣主權屬於中國，並將亞太地區近期的緊張情勢歸咎於他國。對此，我國外交部今（15日）反駁說，中國軍事挑釁多次公然違反聯合國憲章相關原則，嚴重威脅區域和平穩定，干擾國際海、空交通及商貿往來，凸顯言行不一的霸權心態。中國外交部長王毅在德國慕尼黑安全會議發表演說，呼籲華府對中採取「正面和務實」政策，避免「直覺反應式地」與中國保持距離、脫鉤。他並警告，有些人正試圖將台灣分裂出去、踩中國紅線，「這將把中美推向衝突」。請繼續往下閱讀...針對王毅的說法，外交部今天發布新聞稿表示，外交部長林佳龍嚴正駁斥其妄稱台灣主權屬於中國等謬論。林佳龍強調，中華民國台灣是主權獨立國家，與中華人民共和國互不隸屬；不論是從歷史事實、客觀現實，或是根據國際法，台灣的主權從不屬於中華人民共和國，只有台灣2300萬人民有權決定台灣的前途；任何扭曲台灣主權地位的說法，都不會改變台海的現狀及國際公認的客觀事實。外交部指出，王毅在上述會議中侈言「恪守聯合國憲章宗旨」，並將亞太地區近期的緊張情勢歸咎於他國。但事實上，中國近期在周邊進行軍事挑釁，多次公然違反聯合國憲章有關「不得使用武力或威脅使用武力」的原則，嚴重威脅區域和平穩定，干擾國際海、空交通及商貿往來，在在凸顯言行不一的霸權心態。外交部呼籲北京當局尊重中華民國台灣存在的客觀事實，共同維護區域和平穩定，立即停止誤導國際視聽，不再無端挑釁；惟有務實理性正視透過與代表台灣人民的民選政府進行尊重與平等的對話，才能改善兩岸關係。外交部並呼籲國際社會持續以實際行動支持民主台灣，同聲譴責中國一再片面改變現狀、透過脅迫與軍事等各種手段，恫嚇他國的蠻橫舉措。台灣將與民主夥伴團結一致，共同撐起「民主保護傘」，一起面對威權主義的挑戰，守護共同價值及以規則為基礎的國際秩序，偕力維護台海和平穩定與印太區域安全。    ,https://news.ltn.com.tw/news/politics/breakingnews/5343985
藍營籲制定「晶片國安法」 許美華批：完全沒半導體製程知識的路人,政治,2026/02/15 10:40,"許美華提到，可能有人會問，如果沒有用法律訂下來，美國可能會對台灣施壓，台積電可能會擋不住壓力，被迫把最先進製程搬到美國去，許直言，如果國民黨想的是這樣，那就是完全沒有半導體製程知識的路人在講白癡話。（美聯社）針對「台美貿易協定」，國民黨主張應立即制定「晶片國安法」，明定對外輸出技術必須「落後台灣一代（N-1）」，並限制海外設廠規模。反紫光奇遊團成員許美華對此反駁，台積電對外投資一直都維持至少「N-1代」，國民黨是在刷什麼存在感？就像是完全沒有半導體製程知識的人在講「白癡話」。許美華指出，藍白兩黨現在就想盡辦法在「黑」台美關稅協議，最主要的說法就是美國掏空台灣、掏空台積電，各種毫無事實根據、已經被反駁100萬次的論調，讓人看了很想翻白眼，國民黨還呼籲要制定「晶片國安法」，明定輸出技術「N-1代」（海外製程至少落後台灣一代），雖然覺得很無言，還是決定再回應「第101萬次」。請繼續往下閱讀...許美華表示，台積電對外投資，一直維持至少N-1代，從張忠謀到劉德音、到魏哲家，一直都是這樣的，而且也是台積電跟台灣政府到共識，國民黨是在刷什麼存在感？可能有人會問，雖然一直就是這樣，如果沒有用法律訂下來，美國可能會對台灣施壓，台積電可能會擋不住壓力，被迫把最先進製程搬到美國去，許美華直言，如果國民黨想的是這樣，那就是完全沒有半導體製程知識的路人在講白癡話。許美華提到，台積電董事長魏哲家先前在公開演講中講過很多次台積電最新製程不可能搬到其他國家的原因，就是因為最先進製程的量產必須緊跟著研發，所以一定會在台灣先量產。許美華指出，台積電海外投資甚至會維持「N-1.5」這不只是台積電自己的政策，也是跟台灣政府的默契，而台積電推進每一個最新製程，都必須在台灣、只能在台灣。許美華強調，台積電每次推進新製程，都是挑戰各種不可能的任務，從台積電本身到外部無數相關團隊，都像拼命一樣，從蓋廠、上機、測試到成功，太多細節、過程極其複雜困難，工程之浩大，只有台灣的供應鏈和生態系配套能夠做得出來。其中牽涉的層面實在太多，包括在地前期製程的學習曲線、歷史記憶、周邊支援還有核心團隊人與人之間的互信基礎。許美華說：「最新製程N搬離台灣、到美國去做？隨便問問懂製程的半導體人，就會知道這根本是在開玩笑。」許美華表示，美國政府在去年台美關稅談判中，確實想要求台灣政府取消N-1的規定，希望美國在地可以產出全世界最先進的製程，以此當做川普政府的「業績」，但經過台灣談判代表與台積電多次說明後，美國政府才認清現實，接受台積電海外投資N-1政策。許美華直言：「連好大喜功的美國川普政府都知道N-1是合理的現實，國民黨現在是有什麼真知灼見，覺得需要制定專法規定『N-1』？國民黨放著年度預算不審，還十次擋下國防特別預算條例，該做的正事不做，現在為了找台美關稅談判的麻煩，說要制定專法規定『N-1』？國民黨是吃飽太閒、只會講廢話嗎？」    ",https://news.ltn.com.tw/news/politics/breakingnews/5343907
談228遭藍粉酸「又2月了嗎」 林智群爆氣：你爸媽被殺會只罵1個月？,政治,2026/02/15 10:15,二二八國家紀念館外觀。（圖擷取自「二二八國家紀念館」臉書粉專）翻拍1980年「林宅血案」電影《世紀血案》還未上映，因未獲林義雄及家屬同意、演員李千娜失言引外界議論，101董事長賈永婕日前造訪了原為林義雄宅邸的義光教會，此舉被網友大讚是「轉型正義油罐車」，同時引發許多民眾好奇並開始「惡補」台灣歷史。不過，律師林智群表示他近期發布系列關於228事件的PO文，卻有藍營支持者留言酸說「又2月了嗎？」林律師不禁反問，若你的父母被殺掉，你應該是天天罵吧？林智群今發文指出，「最近放了一些228文章，有國民黨支持者（加害者後代？）說又2月了嗎？」請繼續往下閱讀...林智群嘆說，「如果你爸爸媽媽被民進黨殺掉，你應該是天天罵吧！還等每年2月？還是你會罵個一年，然後說事情過去了提它幹嘛？」、「有些人的態度就是令人作嘔、哪天他變成被害人可又不一樣了」。貼文發布後，網友紛紛留言反擊「他們奇妙的是痛罵詛咒廢死團體，但對自己族群殺人異常寬容、非常寬容，甚至可以反過來把責任推給歷史時空，說被殺者活該的也不在少數，所有殺人都有理由、藉口跟故事」、「對殺頸案的判決憤憤不平，對228事件嘲笑不已」、「要看被誰害，如果兇手是藍白就惦惦」、「以後遇到這種沒有良知的人，先跟他談兒虐案件剴剴案，等到他氣到咬牙切齒的時候，再跟他談林宅血案。他會用他自己的話，打他自己的臉」。    ,https://news.ltn.com.tw/news/politics/breakingnews/5343892
昔日昌粉籲「找回良心」 黃國昌：堅持第三勢力道路從未改變,政治,2026/02/15 10:09,對於掃街時有民眾呼籲「找回良心」，民眾黨新北市長參選人黃國昌表示，從過去到現在，他堅持第三勢力的道路從來沒有改變過。（記者賴筱桐攝）民眾黨主席黃國昌投入新北市長選戰，昨（14日）在板橋花市拜票時，一位民眾對他說「好幾年前認識一個我很喜歡的老師，我找不到他，可不可以幫我找到，是時代力量那個」、「我希望你可以找回良心」。對此，黃國昌今天表示，他堅持第三勢力的道路從來沒有改變過，如果因為他不走「小綠」的路線，而讓某些人感到失望，他只能尊重。黃國昌今天（15日）上午到林口市場掃街拜票，對於昨有民眾呼籲「找回良心」，黃國昌受訪回應，之前不曉得在哪個場合有遇過此人，也了解其背景跟想法，對他而言，遇到不同意見的民眾他都很理性，昨天也客氣地歡迎對方到競選總部坐坐，有機會可以好好聊一聊。請繼續往下閱讀...黃國昌強調，從過去到現在，他堅持第三勢力的道路從來沒有改變過，或許有些民眾黨的支持者，希望他們變成小綠，但是不管他是在時代力量還是台灣民眾黨，「我絕對不會走小綠的路線，如果因為我不走小綠的路線，而讓某些人感覺到失望的話，那我也只能夠尊重」。他提到，民進黨2016年全面執政後，背棄過去太多的承諾，這些承諾都是最近1、2年，由台灣民眾黨爭取中國國民黨的支持幫大家完成的，例如2018年勞基法修法砍掉勞工7天假，這次也是在民眾黨跟國民黨聯手支持下，把勞工5天假期補回來，所以個別民眾的感受他都尊重，台灣應該是可以理性討論的空間。另外，網路社群平台有人揭露，昨天陳情的這名男子老家曾發生火災，向時任汐止區立委的黃國昌陳情，但未獲回應。黃國昌表示，這不可能，他的團隊服務民眾都是盡心盡力，但是對於私權的紛爭，立法委員不適合介入，團隊進行各式各樣服務案件時，界線畫得非常清楚，只要涉及公部門違法濫權，絕對追究到底，這是他的問政風格，如果是遇到私人之間的紛爭，只能尊重司法程序加以解決。民眾黨新北市長參選人黃國昌今天到林口市場掃街拜票。（記者賴筱桐攝）    ,https://news.ltn.com.tw/news/politics/breakingnews/5343953
紅藍白合攻2026現形？賴瑞隆爆：鎖定關鍵縣市為2028鋪路,政治,2026/02/15 09:49,代表民進黨角逐高雄市長的立委賴瑞隆。（資料照）中共對台工作會議日前在北京召開，據傳擬定4大核心目標，計畫透過地方選舉工作小組、統戰、網路輿論介入台灣選舉。對此，民進黨立委披露，「紅藍白」介選力道早在民進黨初選就浮現，為2028年中央政權鋪路；呼籲政府提早成立跨部會專案小組反制，黨部與候選人也應布建聯防體系因應。代表民進黨角逐高雄市長的立委賴瑞隆接受本報訪問直言，中共介選情形日益嚴重，民進黨2026縣市長提名初選時，就有來自境外網軍的影響，尤其高雄市感受到「紅藍白合作」的力道異常強大，顯示中共正透過假訊息、假民調及親中媒體帶風向，試圖攻破關鍵縣市，為2028年中央政權鋪路。請繼續往下閱讀...「這是一個非常清楚的陽謀！」賴瑞隆說，中共除了軍事威脅，更投入大量金流、以及在台灣內部的「協力者」介選，包括立法院在野黨阻擋國防預算、不審總預算等亂象，中共在背後的影子非常清楚，目的就是讓台灣內部陷入混亂。兼任民進黨政策會執行長的立委吳思瑤表示，中共介選手段已轉為檯面化，「大剌剌地預告他會介選，而且要怎麼介選」，透過在台支持統一的勢力及網路認知作戰，打擊其所謂的「台獨勢力」民進黨，轉而支持「藍白」等挺中對象。面對中共擬成立對台介選的工作專組，賴瑞隆以日本首相高市早苗的經驗為例，呼籲台灣應強化防範滲透、匪諜及打擊「紅錢」，更積極地揭露並偵辦中共的指揮系統與金流，對於違法行為應予重罰，行政與立法部門也應加速補強法規漏洞。吳思瑤提醒，政府必須超前部署進行反制，應比照過往選舉成立的「查賄小組」，針對中共透過資金或國安層面的違法介選行為，儘早啟動「反介選專案工作小組」；執法單位也必須貫徹國安相關法律，透過跨部會的投入，確保法律能量能夠伸張，並在公部門層級建立嚴密的因應機制，以對應中共專門針對台灣選舉的組織編制。至於政黨與候選人方面，吳思瑤認為，民進黨應建立反制中國介選的聯防體系，由於認知作戰是目前成本最低、效能最高的干擾方式，黨部應強化反制能量，包括各項消毒與澄清工作的部署，候選人本身也應具備高度警訊。    ,https://news.ltn.com.tw/news/politics/breakingnews/5343938
藍營「台中姊弟之爭」開撕！江啟臣喊話：過年期間不需焦慮,政治,2026/02/15 09:45,江啟臣小年夜行程滿檔，市場發春聯與民眾互動。（記者蘇孟娟攝）國民黨台中市長提名人選未定，黨中央日前邀集角逐的立法院副院長江啟臣、立委楊瓊瓔協調拍板3月民調等事項，卻有媒體爆楊瓊瓔公開宣傳民調期程，逼江啟臣妥協，楊瓊瓔昨（14）日怒發聲明，除指該報導內容失實扭曲，更挑明嗆是江啟臣陣營幕僚才是堅持推翻既有共識一方；江啟臣今則喊話，「大過年期間大家不需要焦慮」，他的態度及立場一致「團結優先、台中第一」。國民黨台中市提名作業引關注，日前黨中央特地南下台中協調，終達成識，楊瓊瓔陣營卻在會後被傳出堅持公開宣傳民調期程，江啟程若不答應就走初選，逼江妥協。請繼續往下閱讀...楊瓊瓔昨嚴正聲明，除指該報導內容失實扭曲，要求立刻更正或下架，否則不排除提告外，更挑明嗆，事實是江啟臣陣營幕僚堅持推翻既有共識，要求重新擇期、重談民調機構及時間，導致協調內容一再回到原點，進程無法向前，黨中央提名協調小組與會人員才在現場表示，若持續如此拖延，將嚴重影響整體時程，甚至不排除回歸直接初選處理，她僅表達「尊重黨中央的決定」，從未主動提出，也未強迫要求「直接初選」。針楊瓊瓔再度開撕，江啟臣今早赴北屯市場發放春聯時指出，協調當天他因另有行程，是派幕僚去，細節他不清楚，「應由會議主持人來說明」。江啟臣強調，對台中及黨內提名事項，只要是對台中好的事，他一定全力配合，他說，他的立場一貫且態度一致，就是「團結優先、台中第一」。江啟臣喊話，大過年期間，大家不需要焦慮，高興一點、開開心心過一個好年，相信今年一定比去年更好。    ,https://news.ltn.com.tw/news/politics/breakingnews/5343929
柯文哲要媒體「改過自新」葉耀元列3點邏輯破綻：又在鬼扯！,政治,2026/02/15 09:33,柯文哲。（資料照）民眾黨創黨主席柯文哲過往的幕僚「橘子」許芷瑜，目前仍滯留海外尚未歸案，「鏡週刊」記者近日爆料許芷瑜疑藏匿香港，有可能在過年前後回台投案。柯則回嗆，希望「鏡週刊」在新年要「改過自新，重新做人！」對此，美國聖湯瑪斯大學國際研究講座教授葉耀元反問，「橘子被通緝，在海外躲避司法，請問這跟鏡新聞的關聯性在哪裡？」葉耀元昨於臉書粉專「葉教授的國際事務學院」發文轉發媒體報導提及，京華城案關鍵人物「橘子」傳出年後返台，有媒體爆料指出，「橘子」目前人在香港，對逃亡生活已感厭倦，預計年後歸案。對此，民眾黨前主席柯文哲出席活動表示，去年一年，「鏡新聞」與北檢少數檢察官勾結，淪為打手，這已成全民普遍印象，他希望新的一年對方能改過自新。請繼續往下閱讀...葉耀元分析，這算是民眾黨跟柯文哲一個很典型的鬼扯方式。請讓我們用邏輯來推倒一下問題在哪裡：第1、橘子被通緝，在海外躲避司法，請問這跟鏡新聞的關聯性在哪裡？第2、請問民眾黨哪裡有掌握「鏡新聞與少數北檢檢察官勾結」的證據？有的話你們怎麼不直接提告或公布媒體呢？第3、講了一堆顛倒是非的話，然後再加一句「希望新的一年對方能改過自新」，講得好像自己很寬大一樣。少來了，多少人希望你們不要再胡搞瞎搞，把台灣政治攪成一團爛泥。「橘子」被爆過年返台交手機紀錄 柯文哲嗆：「鏡週刊」新年要重新做人阿北要睡不著了？傳「橘子」年後投案 詹凌瑀直言「土城的選擇柯文哲」    阿北要睡不著了？傳「橘子」年後投案 詹凌瑀直言「土城的選擇柯文哲」        ,https://news.ltn.com.tw/news/politics/breakingnews/5343863
邊喝水邊發文？梁文傑Threads開張火力全開 網敲碗：想買同款茶杯,政治,2026/02/15 09:00,陸委會發言人梁文傑。（資料照）陸委會副主委、發言人梁文傑於記者會上犀利且不失幽默應答，加上不時「從從容容」喝水後再回話的態度引發網友熱議。梁文傑昨於Threads平台首度發文，大頭照則是梁文傑插畫圖正在喝水，經營臉書粉專「孟買春秋」、作家喬伊斯直呼「他的頭像！」喬伊斯昨晚於臉書粉專發文指出，「梁文傑首脆，他的頭像！」政治工作者周軒也發文笑說，「深夜重磅消息。梁文傑副主委的脆發文啦！」請繼續往下閱讀...梁文傑昨晚10時許於Threads平台發布首則串文，內容提及「台美關稅議題不是我的職權。不過我也早知道聯合報會用這麼大篇幅來反對，或者說不是反對，就是找麻煩。我那個年代比較重視中國時報會『搞懂搞西』，現在的聯合重工真的更會重工。」網友看到貼文後紛紛留言，有人說「梁副第一篇文，好深奧」、「已追，雷文克勞代表」、「來朝聖梁副的首文，梁副這句更會重工直接把名詞變動詞，不愧是當年文字功力第一梯隊的」、「我好愛看陸委會的記者會，這星期還有兩場，根本是新年特別節目」，還有網友敲碗詢問「陸委會真的沒有想要開發你使用的茶杯當紀念品嗎？」     在 Threads 查看梁文傑首則PO文。（圖擷取自梁文傑Threads）梁文傑昨於Threads平台發布首則，大頭照則是梁文傑插畫圖正在喝水。（圖擷取自梁文傑Threads）    ,https://news.ltn.com.tw/news/politics/breakingnews/5343859
完成台美簽署對等貿易協定！鄭麗君小年夜清晨返國微笑祝賀「新年快樂」,政治,2026/02/15 08:39,行政院副院長鄭麗君在小年夜的清晨六時許搭乘長榮航空班機返抵國門。（記者劉信德攝）在完成台美正式簽署對等貿易協定（ART）後，行政院副院長鄭麗君在小年夜的清晨6時許搭乘長榮航空班機返抵國門。她未在桃園機場發表談話或接受媒體訪問，僅面帶微笑向在場媒體致意並表示「新年快樂」，隨後在隨行人員陪同下離去。在歷時10個月談判過程，鄭麗君此行赴美成功爭取2072項輸美產品豁免對等關稅，並確立對等關稅15%不疊加及232條款關稅適用最優惠待遇，相關內容將於美國聯邦公報載明後生效。我方後續將依《條約締結法》程序，送交國會審查。請繼續往下閱讀...鄭麗君今晨與行政院政務委員楊珍妮、國安會諮詢委員黃重諺等人搭乘長榮航空BR31班機返台。面對媒體詢問對談判成果是否滿意，她僅微笑點頭、揮手致意並致謝，再次祝賀大家新年快樂。行政院副院長鄭麗君在小年夜的清晨六時許搭乘長榮航空班機返抵國門。（記者劉信德攝）行政院副院長鄭麗君在小年夜的清晨六時許搭乘長榮航空班機返抵國門。（記者劉信德攝）鄭麗君今晨與行政院政務委員楊珍妮、國安會諮詢委員黃重諺等人搭乘長榮航空BR31班機返台。（記者劉信德攝）行政院政務委員楊珍妮。（記者劉信德攝）    ,https://news.ltn.com.tw/news/politics/breakingnews/5343857
中央執政遭藍白癱瘓  蘇巧慧籲速審總預算,政治,2026/02/15 08:20,今年度中央政府總預算案持續遭藍白卡關，影響中央施政，民進黨新北市長參選人、立法委員蘇巧慧呼籲在野黨速審總預算和各項民生法案。（資料照）台北市副市長李四川宣布將在2月底請辭投入新北市長選戰，爭取國民黨提名，讓新北市長選戰白熱化。中央施政連動地方選情，不過，今年度中央政府總預算持續遭藍白卡關，影響重大政策推動，民進黨新北市長候選人、立委蘇巧慧呼籲在野黨速審總預算和各項民生法案。蘇巧慧表示，民進黨政府一直持續努力照顧全體國人，從今（2026）年元旦開始，包括加碼租金補貼、提高基本薪資、提高生育補助、啟動長照3.0等多項福利政策都正式上路，就是希望擴大照顧民眾。請繼續往下閱讀...蘇巧慧說，她也提出「六大福利政見」，從「免費營養午餐」到「減輕醫療負擔」，從「幫長輩換假牙」到「升級敬老卡」，就是希望減輕市民朋友家庭負擔。未來，她也會持續推出更多政見，和政府一起做民眾最堅強的後盾。蘇巧慧指出，上個會期由於在野黨杯葛，政府總預算一塊錢都沒有通過審查，期盼國民黨這個會期可以遵守自己上會期的承諾，盡快審查總預算和各項民生法案。    ,https://news.ltn.com.tw/news/politics/breakingnews/5343441
籲中央發揮執行力和溝通力  陳亭妃：政策是最好選戰武器,政治,2026/02/15 08:15,面對2026年的選戰，民進黨台南市長參選人、立委陳亭妃表示，政策永遠就是最好的選戰武器。（資料照）面對2026年選戰，民進黨台南市長參選人、立委陳亭妃表示，政策永遠就是最好的選戰武器，而執政團隊最重要的是執行力和溝通力，好的政策一定要讓人民看得到、感受得到。她也期待行政院長卓榮泰和內閣團隊，持續把重心放在人民最在意的事情上，像是經濟穩定、青年就業、育兒支持，以及地方建設的落實。陳亭妃強調，民眾其實很簡單，就是希望生活過得更安心、有感覺，政府要做的就是把政策做實在、把成果講清楚。中央和地方如能更緊密合作，把資源真正帶到基層，用具體改變回應民眾需求，這本身就是對選戰最好的加分。與其過度包裝，不如把事情做好，讓人民自然給出肯定。請繼續往下閱讀...陳亭妃說，台美關稅協定正式簽署，對南部的傳產業者來說真的有感，甚至因為日韓和我們稅率一樣，我們反而變得有競爭力。陳亭妃表示，她在台南拜訪業者的時候，業者都對她說，去年台灣經濟成長這麼好，可是傳產因為關稅真的過的很辛苦，業者都拜託她立法院千萬要快速通過關稅協定，不然他們看南韓又被提高稅率心裡也很慌。至於選戰，陳亭妃認為，可以趁此機會，回顧賴總統施政近兩年來有什麼成果，救災、振興，甚至預防災害上做了哪些努力，提出哪些工程計劃，都是需要讓大家清楚的。也許執政團隊可以有一本視覺化的施政成果報告小冊子，發給鄉親，讓他們知道賴政府做了什麼努力。    ,https://news.ltn.com.tw/news/politics/breakingnews/5343420
執政團隊備戰  中市長選將何欣純盼中央推動有感政策,政治,2026/02/15 08:10,民進黨台中市長參選人、立委何欣純日前到北屯市場拜票、發春聯。（資料照）對於2026選戰，執政團隊已進入選戰模式，民進黨台中市長參選人、立委何欣純期盼，中央推動有感政策，而賴總統、行政院長卓榮泰應多下鄉，直接向人民報告政府的政策作為。不過，她也憂心藍白阻擋今年度中央政府總預算案，讓中央政策難以推動。何欣純指出，她非常重視、更堅持政府推動政策要有溫度，溫度著重於人與人之間的互動聯繫，能夠了解民眾實際生活遇到的問題，政府透過政策協助處理，要方方面面全盤配套，而不是單一機械式的思考模式，因為我們要服務的是廣大的民眾。請繼續往下閱讀...何欣純說，台灣所有民眾需求，都應顧及完整，尤其婦幼、青年、學生、農民、勞工、產業、銀髮長者等，都是政府完善照顧的一環，政策當中不只給予津貼、更給予民眾更多選擇的彈性，讓民眾「實用」、「有感」。何欣純指出，若中央執政讓人民感受到誠意、效率、有感，一定能帶動選情，這個邏輯很清楚。政策順利推動，人民才能享有政策紅利，有賴中央與地方密切合作。不過，每個政策都需要政府經費預算來支持，但今年度的中央政府總預算案，至今還沒在立法院實質審查、連討論的機會都沒有，預算不審、沒通過，中央要怎麼補助地方各種建設、照顧民眾的需求呢？何欣純強調，國家發展，從來不分黨派、沒有顏色，民生經濟最優先，她呼籲在野政黨，攸關民生經濟、國家安全、產業競爭的總預算案、國防韌性特別條例、以及台美關稅協議等，都能儘速在國會通過。    ,https://news.ltn.com.tw/news/politics/breakingnews/5343412
中央政績牽動地方選情  賴瑞隆憂詐騙及認知作戰,政治,2026/02/15 08:05,民進黨中央執政政績，攸關今年底地方選情，民進黨高雄市參選人、立委賴瑞隆提醒，詐騙及認知作戰層出不窮，政府應該謹慎面對。（資料照）民進黨中央執政政績，攸關今年底地方選情，民進黨高雄市參選人、立委賴瑞隆提醒，詐騙及認知作戰層出不窮，政府應該謹慎面對境外勢力的侵擾，避免影響台灣選舉。而詐騙受理數雖減超過30%，但仍有人受到詐騙之苦，詐騙手法日新月異，行政院的因應也要隨時跟進。賴瑞隆說，賴清德總統就任後，積極推動對國內外至關重要的政策，最新民調更顯示賴總統滿意度達45.5%，但由於藍白在立法院對許多國家重要政策的進程有多項阻擋，這也造成賴政府在推動政策上的困難。請繼續往下閱讀...賴瑞隆指出，近年來各國一致認為，台海和平穩定，是全球安全與繁榮不可或缺的要素，然而國家自主防衛能力就是國家安定重要指標。行政院提出的「國防特別預算條例草案」應加速來推動，但這項特別預算卻仍在立法院無法審查，呼籲在野黨應該以國家安全為重，唯有展現自我防衛的決心，才能確保台灣安全。賴瑞隆說明，現今民眾多仰賴網路吸收資訊，詐騙及認知作戰的事件層出不窮，這不只是台灣的問題，幾乎是每個國家面臨的重要工作。過去一年來，賴政府非常重視打詐，也積極宣導，詐騙受理數雖減少超過30%，但仍有人受詐騙之苦。打詐沒有一刻可以鬆懈，詐騙手法日新月異，行政院也要隨時跟進因應，讓詐騙無利可圖，從台灣消失。此外，賴瑞隆強調，許多國際研究都警告，台灣是認知作戰最嚴重的國家，尤其到選舉更加嚴重，2026年是台灣地方大選重要的一年，除養成人民思辨的能力外，政府更應該謹慎面對境外勢力的侵擾，避免影響台灣選舉，讓台灣選舉可以理性討論政策、競爭願景，促進城市乃至於國家的進步發展。    ,https://news.ltn.com.tw/news/politics/breakingnews/5343387
台美合作質變   涉外人士：從「買賣邏輯」升級「安全夥伴」,政治,2026/02/15 08:00,台美雙方2月12日簽署台美對等貿易協定後合影。左起：美國商務部長盧特尼克、美國貿易代表葛里爾、美國在台協會執行理事藍鶯、駐美代表俞大㵢、行政院副院長鄭麗君、行政院政委楊珍妮。（行政院提供）台美對等貿易協定（ART）農曆年前正式簽訂，賴清德總統也將親自召集成立「國家經濟戰略指導小組」，兩國經貿關係邁入新里程碑。涉外人士分析，台美合作已從單純的「買賣邏輯」，升級為以「共同防衛」為核心的安全夥伴，在安全信任、經濟互賴與產業升級三者交會下，台美關係呈現出可預期、可持續的制度化軌跡。台美合作正朝向全方位戰略化發展，我國在農曆年前正式簽署台美對等貿易協定（ART），台灣輸美產品平均關稅從35.7%大幅降至12.33%，取得對等關稅15%且不疊加最惠國稅率待遇；此外，早前第6屆「台美經濟繁榮夥伴對話」（EPPD）已簽署《矽盛世宣言》，台美也將準備成立工作小組，就供應鏈韌性、無人機系統認證等關鍵領域推動實質計畫，共同打造安全具韌性供應鏈。請繼續往下閱讀...涉外人士受訪指出，從台美實質交流面觀察，台美關係近年的深化並不只有區域情勢的驅動，台美在全球合作暨訓練架構（GCTF）下，針對民主治理、災害防救、公共衛生與社會韌性等議題深化合作已行之有年，也逐步強化台灣在民主陣營中的功能性角色。在國安戰略層面，該人士分析，近年隨著集體防禦概念的強化，台灣已從過往單純以「自付軍售」模式取得裝備，轉向被納入美國「對外軍事融資計畫」（Foreign Military Financing，FMF）的整體安全思維中，象徵台美關係已從「買賣邏輯」，升級為以「共同防衛」目標為導向的安全夥伴。這位人士說，此種轉變意味著台灣不再只是終端使用者，而是被納入美國區域安全架構的規劃中，美國最新的國家安全戰略報告已具體揭示，美國意在結合友盟國家，推動集體防禦、責任分擔，以維護印太和平穩定，台灣在區域間扮演的關鍵角色不言可喻。除了安全領域之外，經濟層面的戰略化更是關鍵。涉外人士提到，今年台美完成關稅談判並簽署「台美對等貿易協定」（ART），是台美關係正式進入「戰略經濟夥伴」階段的歷史一刻，此一定位不僅涉及貿易便利化，更涵蓋投資承諾、產業聚落布局與雙向技術合作，反映台灣在全球供應鏈重組中，被視為可信賴且不可替代的節點。涉外人士說，更重要的是，台灣自身的結構轉型為這段關係提供堅實基礎，近十年來，台灣系統性地降低對中國投資與貿易的依賴，實踐「立足台灣、布局全球」的產業戰略，使經濟成長、科技創新與中小企業韌性形成正向循環，台美關係的深化，正是在此安全信任、經濟互賴與產業升級三者交會下，呈現出可預期、可持續的制度化軌跡。    ,https://news.ltn.com.tw/news/politics/breakingnews/5342783
卓榮泰、鄭麗君出戰台北市長？  從「一元福袋」窺知動向,政治,2026/02/15 08:00,傳出行政院長卓榮泰與副院長鄭麗君可能參選台北市長，知情人士分析，從「一元福袋」就可窺知動向。（資料照）2026年百里侯之戰，民進黨陸續完成縣市長參選人提名布局，傳出行政院長卓榮泰與副院長鄭麗君可能參選台北市長，知情人士分析，卓揆不可能出戰，因為他今年連「一元福袋」都沒做，新春期間拜廟，發的還是賴總統的福袋，反觀鄭麗君，不但有署名的賀年卡片，還有斗方春聯，反而留下想像空間。無論行政院的正副院長是否出戰北市，執政團隊已進入選戰模式，將藉由府院高層地方視察行程，配合推出各項地方建設與政策利多，並強化論述過去中央資源挹注地方建設的具體成績，同時宣傳政績與政策願景。請繼續往下閱讀...事實上，民進黨籍苗栗縣長參選人陳品安1月初拜會行政院後，卓揆隨後視察苗栗醫院，宣布核定急重症醫療大樓擴建工程，21億元預算由中央全數支應。卓揆2月初到宜蘭視察鐵路高架化建設，原本農曆年前就會核定總經費超過500億元的宜蘭至羅東鐵路高架化計畫，不過，春節期間他將再度走訪宜蘭溝通，預計年後才拍板。卓揆2月初視察宜蘭時，遭國民黨批是「輔選列車」，知情人士說，執政團隊在相關規劃安排，一方面要增加黨籍參選人曝光機會，另方面又要尊重地方藍營人士，盡力會達到「藍綠平衡」。他並強調，衛福部豐原醫院綜合式長照機構去年底落成啟用時，要選台中市長的民進黨立委何欣純、國民黨立委楊瓊瓔都出席，雖立法院副院長江啟臣未出席，卓揆當時還特地請江的夫人劉姿伶站在他的旁邊，可見卓揆的用心。對於卓揆在年底選戰的角色，政院人士表示，行政院提出重大建設計畫及各項福利政策，都是不分黨派，都是以國家整體長遠發展與國人健康作為施政目標，不論是否是執政縣市，也不分南北，「均衡台灣」是行政院的目標。民進黨立委何欣純日前在社群平台秀出行政院副院長鄭麗君寄來的賀卡。（取自何欣純FB）    ,https://news.ltn.com.tw/news/politics/breakingnews/5343382
蔡英文春節唯一合體蘇巧慧 「老戰友」請託成關鍵,政治,2026/02/15 07:44,前總統蔡英文日前欣賞紀錄片《冠軍之路》，導演龍男・以撒克・凡亞思（右）與立委蘇巧慧共同出席映後。（蘇巧慧辦公室提供）2026新北市長選戰升溫，民進黨由兼任新北市黨部主委的立委蘇巧慧上陣，春節期間馬不停蹄衝刺。據了解，除規劃與總統賴清德、副總統蕭美琴及行政院長卓榮泰等府院要角共同參香，蘇巧慧更獲得前總統蔡英文唯一公開合體加持，前行政院長蘇貞昌的請託成為關鍵。新北市長選戰呈現民進黨蘇巧慧、國民黨李四川、民眾黨黃國昌三方角力。相較於競爭對手，蘇巧慧選戰經驗豐富且擁有三屆立委資歷，加上父親蘇貞昌的奧援，日前已推出首波6大福利政見和紙本政績文宣，於空戰上先聲奪人。請繼續往下閱讀...在藍白合動向未明之際，蘇巧慧趁春節全力搶攻陸戰。年前規劃走訪近30個市場掃街拜票，年節期間則預計前往20處宮廟參香並發放福袋。透過高頻率的基層互動，爭取選民支持。據本報掌握，蔡英文於大年初一（17日）安排多場參香行程。上午10時將赴每年春節固定參香的台北市覺修寺；下午轉往新北市，依序在13時20分赴五股賀聖宮、14時30分板橋慈惠宮，以及14時55分板橋接雲寺，與蘇巧慧一起參香祈福。知情人士說明，蔡英文今年春節目前並無與其他參選人公開合體的計畫，僅在新北市因「老戰友」蘇貞昌特別請託，故安排陪同蘇巧慧參香。事實上，蘇巧慧去年11月獲民進黨徵召提名前夕，蔡英文曾與蘇貞昌發布參觀淡江大橋的影片，並盛讚這是中央地方合作典範，被視為以政績牌助攻的起手式。蔡英文日前也參加小英之友會包場，與蘇巧慧及其丈夫、導演龍男・以撒克・凡亞思欣賞紀錄片《冠軍之路》。除了蔡英文的加持，府院高層春節期間亦密集走訪新北。賴清德預計17日前往新北萬里忠福宮、昭靈宮及林口竹林山觀音寺參香發福袋；蕭美琴則於18日赴新店太平宮、永和保福宮祈福；卓榮泰18日也將前往三重義天宮及汐止濟德宮。    ,https://news.ltn.com.tw/news/politics/breakingnews/5343841
2026百里侯選情初探》國民黨2縣市恐藍天變綠地,政治,2026/02/15 05:30,國民黨台中市長人選掀「姊弟之爭」，但黨內認為無論是江啟臣或楊瓊瓔出馬，都有勝算。（資料照）面對今年的百里侯戰局，目前掌握全台十五塊地方執政版圖的國民黨，黨內人士評估，六個尋求連任的選區都可望順利連任，而九個卸任交棒的藍營執政縣市中，嘉義市及彰化縣恐面臨「淪陷」的高度危險。至於目前非藍營執政的七選區，除了確定禮讓民眾黨的新竹市及可望重新回到藍營手上的金門縣，其他五個南部直轄市、縣市都難以樂觀。力拚維持現有15席執政版圖據國民黨內分析，目前準備交棒的藍營執政地區中，新北市如果未來是兩人對決的態勢，藍白陣營勝選應無問題，差別只在領先幅度多寡，如果藍白推出人選是劉和然、黃國昌，應該會小贏，若人選是李四川，則有明顯領先優勢，但若最後意外出現三腳督情況，國民黨即便是李四川出馬也難回天，「穩穩跑掉十五趴的選票，哪有可能會贏！」請繼續往下閱讀...至於同樣屬於藍白合作選區的宜蘭縣，黨內人士評估，如果是立委吳宗憲出線，並獲得白營支持，選情將相對穩定，且國民黨有信心民眾黨不敢再背負藍白合破局的罪名。至於嚴重紛擾的新竹縣，據分析，藍營向來有六成左右票源的優勢，因此拿下縣長應該不成問題，即便藍營出現分裂，評估應該也能拿下四成五選票，只是贏得不太漂亮，但黨中央一定會喬出一人參選，「如果誰脫黨參選，就開除誰，黨中央會決定棄保，不會被動等待棄保！」台中市部分，黨內認為，無論最後是江啟臣或楊瓊瓔出馬角逐，應該都能繼續掌權，只有贏多贏少的差別﹔至於花蓮縣、台東縣等傳統國民黨優勢地區，黨內評估維持藍天不成問題。彰縣謝家內訌 選情「不甚樂觀」目前讓國民黨最感悲觀的執政地區就屬彰化縣與嘉義市。熟知地方生態的黨內人士證實，彰化縣可以用「不甚樂觀」形容，關鍵就在謝家的內部問題，雖然黨中央看好立委謝衣鳯，但因謝衣鳯的弟弟謝典霖要連任議長，謝母反對女兒選縣長，加上謝典霖近日自爆風波，已經造成謝家「內傷」。至於嘉義市，由於現任市長黃敏惠與王美惠互動良好，在許多藍營人士眼中早已宛如「淪陷區」。嘉市綠藍交好 宛如「淪陷區」至於目前非藍色執政的嘉義縣、台南市、高雄市及屏東縣，國民黨都不敢樂觀，有人私下感嘆，「能拉近差距就不錯了」；澎湖縣部分，黨內認為同樣處於劣勢，但如果由現任議長陳毓仁出馬，難保沒有翻盤機會。至於原屬民眾黨執政的金門縣，黨內評估立委陳玉珍已勝券在握。而基隆市、台北市、桃園市、苗栗縣、南投縣、連江縣等六個國民黨尋求連任的選區，黨內人士信心滿滿說，除非有怪事發生，否則應該都能連任。    ,https://news.ltn.com.tw/news/politics/paper/1743910
李貞秀國籍爭議》柯批刁難 要求出示「中配從政流程圖」陸委會：可參考中華人民共和國國籍法辦理,政治,2026/02/15 05:30,民眾黨不分區立委李貞秀雙重國籍爭議，民眾黨創黨主席柯文哲昨受訪批評陸委會「刁難」，如果政府一開始就說陸配不能從政，民眾黨就不會提名李貞秀。（記者塗建榮攝）民眾黨中配立委李貞秀雙重國籍爭議持續未解，前民眾黨主席柯文哲昨天受訪時，對於陸委會不採信李貞秀所提除籍證明書一事抨擊說，陸委會就是在「刁難」，如果政府從開始就說陸配不能從政，民眾黨當初就不要提名李貞秀。對此，陸委會回應表示，「任何人要放棄國籍，都要按照該國法律申請。李貞秀女士可以參考中華人民共和國國籍法相關規定辦理。」請繼續往下閱讀...柯文哲昨到台北市圓山捷運站出口發送春聯、紅包時，被問到陸委會不採信李貞秀所提除籍證明一事，柯認為，他不必特別回答，因為李自己會回答，而且應該會把證件直接拿出來。柯文哲也強調，政府本來就應該替老百姓解決問題，陸委會要告訴大家，應該怎麼去做，最好把流程圖都寫出來，不然指導或協助大家辦程序。隨後他話鋒一轉表示，「大家都曉得，這個就是刁難，程序沒有辦法辦嘛！」他還說，大家不要在過年期間討論這個問題，並奉勸政府認真做事情就好，「為何故意在小事情上這樣搞？不然一開始就說陸配不能從政，民眾黨當初就不要提名她（李貞秀），程序都走完了，現在才說不可以！」李貞秀前天前往陸委會痛批民進黨政府打壓陸配，還授權陸委會幫她辦理放棄中國籍；陸委會副主委梁文傑隨後召開記者會回應，歷來不管哪個國家配偶要放棄本國籍都是自己辦理，陸委會不會代任何人辦理相關程序，因此會歸還李貞秀的「授權書」。    ,https://news.ltn.com.tw/news/politics/paper/1743913
2026百里侯選情初探》民眾黨「保1」再尋求開疆闢土,政治,2026/02/15 05:30,民眾黨已提名前立委陳琬惠、張啟楷及黃國昌，分別征戰宜蘭縣、嘉義市與新北市，但涉及後續「藍白合」問題，選情尚難逆料。（資料照）插旗新北嘉市宜蘭面對年底縣市長選戰，民眾黨已提名前立委陳琬惠、張啓楷及黃國昌，分別征戰宜蘭縣、嘉義市與新北市，但涉及後續「藍白合」問題，選情尚難逆料，目前較看好的是民眾黨原本執政的新竹市選情，儘管市長高虹安日前因涉案退黨，但國民黨已確定在竹市禮讓，因此，民眾黨的百里侯席次至少「保一」，再尋求開疆闢土。基於藍白合架構，尚待國民黨人選出爐後，才能進行後續藍白的提名整合，因此，陳琬惠、張啓楷及黃國昌是否能率藍白聯軍參選縣市長，仍在未定之天。請繼續往下閱讀...值得一提的是，先前因涉嫌詐領助理費而官司纏身的高虹安，去年底在高院二審改判無罪後已復職；國民黨早在去年底就表態會在竹市「禮讓」，接下來就待高虹安恢復黨籍後接受黨中央徵召。至於宜蘭縣長選情，代表民眾黨參選的陳琬惠說，她有七、八成把握能在藍白合下出線、勝選；陳強調，在宜蘭深耕已久、四年歷練中還有兩年立委資歷，豐富問政能力是她一大優勢，更自認是「藍白最大公約數」，直言她的「南港東移」、門診中心等政策勝過其他候選人，而在宜蘭選民「選人不選黨」趨向下，中間選民對她接受度高，間接提升她選戰信心。前立委張啓楷對於從藍白合出線，也表達「五成以上」的樂觀預期。他強調自己兼具專業和問政成績，尤其在立院為嘉義市爭取六十六億元統籌分配款，搭配他三十年媒體、城市行銷經驗，以及AI城市、廣建社宅等具體政策，由他對決民進黨參選人王美惠，最終獲得勝選並非空談。    ,https://news.ltn.com.tw/news/politics/paper/1743911
2026百里侯選情初探》民進黨布局藍白亂區拚翻轉,政治,2026/02/15 05:30,2026大選戰鼓擂起，民進黨現有15位縣市長人選就戰鬥位置，全力搶攻藍白「亂區」。（資料照）二〇二六大選戰鼓擂起，民進黨現有十五位縣市長人選就戰鬥位置。綠營鎖定「五+N」目標，將此役視為二〇二八年賴清德總統連任前哨戰，提早步局選將並強化政績論述，利用對手整合艱困的空窗期，全力搶攻藍白「亂區」。針對選戰布局節奏，民進黨高層說明，由於民進黨今年在多數縣市屬於挑戰者，提早起步以時間換取空間，讓參選人盡快招兵買馬、爭取曝光，也能讓黨內加速進行整合，並與行政部門對接，產出切合地方需求的建設清單與政見。請繼續往下閱讀... 「五+N」戰略守成更要突破在「五+N」戰略目標下，民進黨除固守嘉義縣、台南市、高雄市、屏東縣及澎湖縣等五個執政縣市外，更積極尋求翻轉機會。民進黨政策會執行長吳思瑤直言，二〇二二年戰果已是谷底，二〇二六年不僅要守成，更要「突破再突破」，且此戰可視為二〇二八年賴總統連任的前哨戰，具關鍵戰略意義。點名新北宜蘭中市基隆台東彰化搶先機民進黨副祕書長何博文對選情抱持「審慎樂觀」態度，因為執政團隊在經濟與國防上表現亮眼，且民進黨在多個選區已展現整合優勢。他盤點，宜蘭縣由律師林國漳出戰、展現空前團結，反觀國民黨仍搞不定議長張勝德與立委吳宗憲；台中市的何欣純聲勢看漲、內部整合迅速，國民黨則陷入「姊弟鬩牆」亂局；新北市的蘇巧慧也迅速提出政策願景，展現強大氣勢。此外，基隆市方面，議長童子瑋地方服務和個人形象俱佳；台東縣由立委陳瑩出戰，盼藉其原住民身分與父親、前台東縣長陳建年的政績，有助吸納原民族群的認同；彰化縣陳素月先行起跑，而國民黨目前則是一團亂。針對苗栗縣與南投縣等艱困選區，民進黨分別推派律師背景的縣議員陳品安，以及返鄉參選的牙醫温世政，力圖以「奇兵」策略一新耳目，相當具有競爭力。不管藍白合不合 都當一對一來打至於尚未提名的七個縣市，將於農曆年後攤牌。黨內人士評估，台北市與桃園市為重中之重，目前正強力遊說強將，人選可能與整體黨政人事連動；花蓮縣研議與無黨籍議長張峻合作的可能性，仍待多方溝通；新竹縣則看準藍營初選混亂且面臨分裂，民進黨則有隨時都能上陣的在地優秀人選，「就看國民黨狀況如何」。面對在野黨整合動向未明，何博文強調，民進黨定調「不管藍白合不合，都當作一對一來打」，不會寄望對手分裂，將以具體政績與政見爭取認同。    ,https://news.ltn.com.tw/news/politics/paper/1743909
立院24日開議》國籍戶籍雙重爭議 卓揆恐不接受李貞秀質詢,政治,2026/02/15 05:30,行政院長卓榮泰14日前往消防署救災救護指揮中心，慰勉春節留守值勤人員。（記者叢昌瑾攝）民眾黨中配立委李貞秀就任前未放棄中國籍，參選前也未註銷中國戶籍，內政部是否在農曆春節後，發函中選會撤銷李貞秀資格，備受關注。而立法院廿四日開議後，行政院長卓榮泰將赴立法院進行施政方針報告並備質詢，在李貞秀的「雙重爭議」下，卓揆恐不會接受李貞秀的質詢。李貞秀已宣誓就任民眾黨不分區立委，仍未放棄中國籍，而依國籍法規定，解職機關是立法院，執政團隊當時研判，立法院不會解除李貞秀職務，傾向若李一年內未提出放棄中國籍證明，再依法處理。請繼續往下閱讀...不過，由於李貞秀受訪時竟自爆，「二〇二五年初放棄中國戶籍是請父親代為申請完成」，陸委會日前也證實，李在二〇二三年登記成為參選人時具備「雙重戶籍」，並不符合兩岸條例參選資格規定。陸委會並坦言，選務機制出現漏洞。因為戶籍有爭議，執政團隊對李貞秀案重新檢討定調。據分析，違反國籍法的部分，要立法院才能撤銷李貞秀的立委資格，但戶籍的部分，中選會就能解決。陸委會已表明，農曆年後將與中選會、內政部開會，建立跨機關合作機制來解決。屆時內政部是否會發函中選會，要求撤銷李貞秀資格，備受關注。據指出，中選會在處理李貞秀的立委資格上，接連有違法疑慮。不僅在二〇二三年十月未發現李貞秀的參選有問題，今年二月一日在委員人數不足、無法召開委員會議的情形，竟還公告李貞秀遞補當選民眾黨不分區立委，並稱日後會召開委員會議追認這項遞補案。知情人士表示，中選會雖然在公告前，曾詢問相關機關意見，但最後顯然未採納。對於卓揆是否接受李貞秀質詢？政院人士表示，行政團隊是一體的，國家也只有一個，無論是國籍法或兩岸條例的規定，都是法治國家對於國家忠誠義務的最基本要求，也對於所有的民選公職人員一體適用，政府會用最嚴格的標準來依法行政。    ,https://news.ltn.com.tw/news/politics/paper/1743912
台美ART完成簽署 美駐中使館秀台美官員開心合影,政治,2026/02/15 05:30,台美於美東時間2月12日簽署台美對等貿易協定。（取自美國駐中使領館X）台美正式簽署對等貿易協定（ART），美國貿易代表署（USTR）於社群平台X發布多則相關推文，以及行政院副院長鄭麗君及美國貿易代表葛里爾等雙方官員合照，美國駐中使領館亦在其X帳號轉發相關推文與照片。台美歷經十個月談判後，十三日在鄭麗君、葛里爾及美國商務部長盧特尼克等人見證下，由我國駐美代表俞大㵢與美國在台協會（AIT）執行理事藍鶯共同簽署台美對等貿易協定。請繼續往下閱讀...根據協定內容，台美對等關稅十五％且不疊加，以及二三二關稅最優惠，也爭取到逾二千項輸美產品豁免對等關稅，輸美平均關稅將降至十二．三三％。根據中央社報導，美國貿易代表署除了與行政院同步發出新聞稿，並於X上撰文說明，該貿易協定強化「我們的供應鏈韌性」，並為美國農民、牧民及製造商在亞洲創造更多機會。文章同時附上四張台美官員互動的照片，包括葛里爾、盧特尼克、藍鶯、鄭麗君、俞大㵢及行政院政務委員楊珍妮。美國貿易代表署於另兩則推文提到，台灣將降低對美國工業及農業出口的貿易壁壘，以及台灣將增加採購美國產品，包括價值四四四億美元的液化天然氣與石油，一五二億美元的民用飛機與引擎，二五二億美元電力設備。隨後，美國駐中使領館也在其X帳號轉發上述三則推文與照片，並以簡體中文翻譯原文內容，引發關注。台美於美東時間2月12日簽署台美對等貿易協定。（取自美國駐中使領館X）    ,https://news.ltn.com.tw/news/politics/paper/1743914
李逸洋拜會自民黨「黨三役」要角 討論深化台日合作,政治,2026/02/14 23:00,駐日代表李逸洋近日拜會日本執政黨自由民主黨「黨三役」成員，圖左為總務會長、參議員有村治子。（擷取自李逸洋臉書）駐日代表李逸洋近日拜會日本執政黨自由民主黨「黨三役」成員，包括總務會長有村治子與政務調查會長小林鷹之，就國際局勢、中國威脅、印太戰略布局及台日科技產業合作深入交換意見。日本自民黨「黨三役」是黨內僅次於總裁（黨主席）的3大核心幹部，包括幹事長、總務會長及政務調查會長，3人負責黨務運作與政策擬定。請繼續往下閱讀...李逸洋在臉書發文指出，有村治子已經擔任參議員25年，是日本最有名氣的女性政治家之一，也是日本國會知名「親台派」，2021年COVID-19（2019冠狀病毒疾病）疫情期間，她在參議院提案，促成全體議員一致通過支持台灣參與世界衛生組織（WHO）的決議，意義重大。雙方會談也聚焦國際情勢、中國威脅、台日關係，以及台日未來如何深化合作。李逸洋另拜會政調會長小林鷹之，就日本首相高市早苗政府的經濟財政政策、印太戰略布局，以及半導體等高科技產業鏈合作方向交換意見。李逸洋表示，身為自民黨青壯派代表人物的小林鷹之於2024、2025年兩次參選自民黨總裁，但高市不因總裁選舉競爭而分派系，延攬不同陣營要角出任「黨三役」及內閣重職，完全不計較選舉恩怨，展現大公無私、為黨為國舉才的寬大心胸，促成自民黨內部團結。他指出，這些拜會顯示台日高層互動持續深化，雙方在區域安全與科技產業合作上的共識日益明確，未來將持續推動具體合作，共同因應中國擴張帶來的挑戰。小林鷹之去年曾率日本眾議員訪團來台。（資料照，記者王藝菘攝）    ,https://news.ltn.com.tw/news/politics/breakingnews/5343798
哽咽求黃國昌「找回良心」...背後故事曝！老家大火求援被無視,政治,2026/02/14 21:30,黃國昌到板橋花市拜票，一名男子突然出現，哽咽著拜託黃國昌「找回良心」。（圖翻攝自黃國昌YT）民眾黨主席黃國昌參選新北市長，最近四處掃街拜票都遇到民眾當面開嗆，相當尷尬。今天（14日）上午到板橋拉票，一名戴著漁夫帽的男子突然上前哽咽著拜託黃國昌「找回良心」、「找回以前的自己」，直播畫面馬上在網上瘋傳掀起熱議。今晚男子身分曝光，原來是位曾對黃國昌期待相當大的16歲學生，當年住家因故失火，家人找黃國昌求援卻遭無視。黃國昌今天到板橋花市拜票，這名戴著漁夫帽的男子對黃國昌說「好幾年前認識一個我很喜歡的老師，我找不到他，可不可以幫我找到，是時代力量那個」，黃國昌有些尷尬地回應「歡迎你，歡迎你，隨時到競選總部來找我」，男子接著又說「我希望你可以找回良心」，講話的過程中還一度哽咽。請繼續往下閱讀...這段畫面隨即被節錄瘋傳，在網上掀起熱議。公民團體「蔥蕉小隊」跳出來分享這位男子的故事，政治工作者周軒今晚轉發出來，引發討論。原來這位男子是只有16歲的高中生，黃國昌是他的「政治初戀」，可以說是黃國昌讓他開始熱衷、關心起政治，曾經是個名副其實的鋼鐵昌粉，而且真心認為黃國昌很帥，蒐集了一大堆黃國昌的照片，甚至希望自己有天也能夠成為像黃國昌這樣「優秀」的人。據了解，這位同學的老家在汐止，也就是黃國昌過去在時力擔任區域立委的選區，同學的家人也都是黃國昌的持者。後來他們的老家遭逢天燈引發的火災，家裡長輩向時任立委黃國昌求援，希望他能幫忙協調賠償事宜，但是黃國昌沒有理他們，這件事也曾經上新聞。之後同學一家搬到土城，他也從小學生、國中生，一路成長到高中。而這幾年黃國昌的言行大大轉變，傷透這位同學的心。當「蔥蕉小隊」網路上募集「昌粉轉黑」故事的時候，該同學用稚嫩的文筆寫道：「大概是在2024的8月到12月，我才完全脫離黃國昌的陰影。我開始審視他加入民眾黨後的行為，才發現這個人已經變了，他現在講的話和理念，完全不是我印象中的那個黃國昌」。「蔥蕉小隊」慨歎：「今天最初也是最終的情人節告白，告別他的政治初戀，再也找不回來的，正義的國昌老師。」另外，周軒提醒，這位同學只有16歲，還是未成年，「今天下午瘋狂肉搜這位未成年同學的民眾黨帳號們，你們夠了嗎？不過，我們已經通通備份了」。    ,https://news.ltn.com.tw/news/politics/breakingnews/5343767
小草酸「低智青鳥報學歷」 竟釣出NASA知名科學家留言嗆爆！,政治,2026/02/14 19:47,郭正光博士時常在Threads上「海巡」。（圖翻攝自郭正光IG）部分藍白支持者彷彿跟民進黨有不共戴天之仇，這些「挺台派」、「正統中華民國派」在他們眼裡似乎「智商有缺陷」，常常嗆對方是「青鳥」，近日更有「小草」在網上嗆聲「青鳥」報學歷，沒想到竟釣出台灣人公共事務會會長、美國國家航空暨太空總署（NASA）科學家郭正光博士的「超派」留言，讓上萬人讚爆！今天（14日）凌晨有小草在Threads上發文嗆聲：「有沒有青鳥是台灣國立大學畢業生，又拿了博士學位的？報名出來！哪個研究所畢業的？指導教授是什麼名字？還是祇（只）會說自己是台灣國立法委員的那個叭哺（應指民進黨立委王義川）？」請繼續往下閱讀...該貼文曝光後到現在，讚數只有可憐的100多讚，可卻有近千名網友湧入灌爆，不少人報出豪華學歷，並自豪表示「我就是青鳥」，狠狠洗臉原PO。最讓人意外的是，該貼文竟然還釣出已經76歲的郭正光博士，霸氣留言：「你爺爺我就是台大畢業、美國德州農工大學（Texas A&M University）博士，在NASA上班！我是青鳥，更是課金青鳥！怎麼樣？」郭正光在Threads上「海巡」還跳出來打臉小草讓大批網友嗨翻，馬上就有上萬人按讚「居然是大名鼎鼎的郭正光博士」、「爺爺您不要這樣，這株草年紀看起來沒比您小多少，卻是底層草，您這樣會把它踩到土裡阿！」、「朝聖，釣出大咖的」、「來看小草變植物人的現場」、「有一種突然召喚出神龍攻擊的感覺」、「雜草快來回啊！」、「原PO呢？怎麼不回了？你爺爺叫你啊」。郭正光出身台灣新竹，是NASA的資深科學家，1980年就進入休士頓詹森太空中心（NASA Johnson Space Center）服務。郭正光不僅是優秀的科學家，年輕時他在美國半工半讀時，認識到228事件的歷史，進而加入美國的台獨組織，投身台灣民主化運動的行列，也因此成為國民黨專制時期的黑名單，被迫流亡海外。小草在網上嗆聲青鳥報出自己的學歷，結果釣出郭正光。（圖翻攝自Threads）    ,https://news.ltn.com.tw/news/politics/breakingnews/5343743
鄭麗文聲援陷偽造文書案黨公職 張斯綱意外收紅包直誇細膩,政治,2026/02/14 19:03,張斯綱曝，去年涉入偽造文書案的同志，包括他自己在年前收到鄭麗文的紅包與打氣小卡。（擷取自張斯綱臉書）去年國民黨反制大罷免，於台北市推動罷免民進黨立委吳思瑤、吳沛憶，卻陷入死亡連署、偽造文書爭端，多名黨公職被搜索約談。也在約談名單內的國民黨台北市議員張斯綱今（14）日透露，收到黨主席鄭麗文兩千元紅包；鄭並透露，黨部已成立「司法正義律師團」並積極籌措專款基金。張斯綱表示，放年假前收到一個很特別的紅包，裡面是鄭麗文的一封短信及2000元，這是鄭麗文針對去年遭到官司纏訟的黨公職人員一份溫暖的問候。他回憶，去年端午前夕，因為罷免吳思瑤差點被起訴，「收到這份紅包後十分驚喜，很少有黨主席有這麼細膩的心思」。請繼續往下閱讀...鄭麗文信中寫道：「親愛的戰友與同仁：民進黨以司法打擊異己、政治迫害，許多本黨（指國民黨）志工、黨工夥伴背負的官司來自民進黨的司法迫害。但是，國民黨越挫越勇『打斷手骨顛倒勇』，黨部已經成立『司法正義律師團』並積極籌措專款基金，全力地支援、救援遭受司法迫害的志工與黨工，不讓各位孤單。不能讓民進黨看清，把國民黨當成『軟土深掘』。讓我們團結一致，堅定腳步與信心，贏回正義與光明、迎向希望。」去年同樣陷入案件的國民黨台北市松山、信義區議員擬參選人滿志剛表示，他也有收到五千元紅包，據了解應該是視被司法迫害程度情節不同有不同的金額；不過他決定，只將卡片抽出，將這五千元回捐給黨部，幫助中央的「司法正義律師團」，也幫助那些還陷在案件當中的同志。    ,https://news.ltn.com.tw/news/politics/breakingnews/5343724
大罷免官司藍營黨工收到慰問金 李乾龍證實,政治,2026/02/14 19:00,國民黨副主席兼秘書長李乾龍。（資料照）國民黨台北市議員張斯綱今天在臉書po出，自己收到黨主席鄭麗文的一封信以及2000元紅包，國民黨副主席兼秘書長李乾龍今晚證實確有其事，他強調，這是鄭麗文給去年大罷免訴訟被約談、起訴、羈押的黨工們的一份心意，金額從2000元到7000、8000元不等。李乾龍指出，因為國民黨今年重新發放年終獎金，他最近向鄭麗文建議，應該針對因為去年大罷免而被約談、起訴、羈押的黨工們，再額外提供一份慰問金，這件事情從發想到執行，在短短5天之內搞定，並責成各地方黨部以現金紅包，並附帶一封鄭麗文的慰問信，送到每一位相關黨工的手上。請繼續往下閱讀...李乾龍表示，國民黨去年受罷免案訴訟影響的黨工人數大約200多人，這次慰問金總共發出近200萬元，每個收到慰問金的黨工按照被約談、緩起訴、被起訴或羈押，金額從2000元到7000、8000元不等。他還說，張斯綱雖然去年只是被約談，但這2000元慰問金等於是給他「壓壓驚」，但最重要的還是鄭麗文的一份心意與慰問信。    ,https://news.ltn.com.tw/news/politics/breakingnews/5343733
習近平春節團拜2度提台灣！ 「設立台灣光復紀念日」列政績,政治,2026/02/14 17:52,中國國家主席習近平。（美聯社）中共中央、中國國務院今天（14日）舉辦春節團拜會，中國國家主席習近平發表談話時，兩度提及台灣，還將「設立台灣光復紀念日」列作2025年的政績。據中共官方消息，今上午在北京人民大會堂登場的春節團拜會，習近平「代表黨中央和國務院，向全國各族人民，向香港特別行政區同胞、澳門特別行政區同胞、台灣同胞和海外僑胞拜年」。習近平宣稱，去年中國面對複雜多變的國際和國內形勢，依然「迎難而上」，整體經濟實力、科技實力、國防實力、綜合國力「躍上新台階」、「社會大局保持穩定」。請繼續往下閱讀...習近平還將「設立台灣光復紀念日」列成去年的政績，「我們勝利召開黨的二十屆四中全會，擘畫了『十五五』發展藍圖。隆重紀念中國人民抗日戰爭暨世界反法西斯戰爭勝利80週年，設立台灣光復紀念日，慶祝西藏自治區成立60週年、新疆維吾爾自治區成立70週年，在粵港澳三地聯合舉辦第十五屆全國運動會，進一步凝聚起推進中國式現代化的磅礡力量。」    ,https://news.ltn.com.tw/news/politics/breakingnews/5343671
美國為何看重「共軍犯台時間表」  她揭讓華府睡不著的弱點！,政治,2026/02/14 17:08,許多民眾擔憂隨著中共犯台時間表越來越近，台灣若不盡早強化自衛能力恐無法應對。（路透檔案照）賴政府提出的1.25兆軍購特別預算屢遭藍白封殺，引發美國高度關切，許多國民也擔憂隨著2027中共犯台時間表越來越近，台灣若不盡早強化自衛能力恐無法應對。作家顏擇雅近日針對「台灣是否需要憂慮2027」這個議題分享自己的看法，並直言「足以嚇阻共軍的軟硬體設備，台灣絕對付得起，在國防上面，該花的錢就應該花！」顏擇雅近日在臉書轉貼她在某媒體的專欄文章，討論台灣是否需要憂慮2027年備受國際關注的攻台時間表。首先她提到總統賴清德去年底提出1.25兆軍購時表明「北京當局以2027年完成武統台灣的準備為目標，加速侵略台灣的軍事整備」，賴總統這種說法的依據就是來自美國。請繼續往下閱讀...2027攻台時間表最早是前美軍印太司令部司令戴維森（Philip Davidson）2021年在美國會聽證會上稱中共在6年後可具備攻台能力；2023年喬治城大學一場研討會上，時任中情局（CIA）局長伯恩斯（William Burns）說的更直接，稱有情報顯示，習近平已命令軍方要在2027年做好攻台準備。難道美國真的相信解放軍會在2027年大舉進犯台灣？其實並不是這樣的，伯恩斯當年在同一個場合有補充表示，他的意思不是指2027年即侵台時間點，而是要強調中國有多麼認真在提升軍力。那美國這麼強調2027年，是準備好2027年要跟中國打一仗？答案則是完全沒有，正因為沒有準備後，才會出現「戴維森窗口（戴維森是第一個提出2027攻台時間表的人）」這個新詞，所謂「窗口」指的是一段時間，通常定義為2025年至2035年，這段期間與其說是中國最可能侵台時間，不如說是美國最不想見到中國侵台的時間。顏擇雅表示，窗口在2025年打開，並不是中國之前不想打台灣，而是美方研判中國軍機、軍艦、飛彈總數是在這個時間點後來居上，足以在西太平洋阻絕美軍馳援。窗口將在2035年關閉，原因也不是中國將放棄武力犯台，而是美方研判自己正在趕製的軍機、軍艦、飛彈系統將在此時陸續交貨上線，壓制中方不再是問題。換句話說，「戴維森窗口」就是一個讓美方睡不著的弱點窗口（window of vulnerability）。其實，以美國250年歷史來看，在強敵之前有一個這麼大弱點，還不能馬上補強，這種焦慮對美國來說是很新的體驗，是從來沒有過的。這一切都是因為蘇聯瓦解，冷戰結束後美國成為世界上唯一超級大國好幾年，當時怎麼也沒想到後來會冒出另外一個威權崛起的挑戰，更糟的是美國製造業外移，如今五角大廈拿到經費要大買特買戰機戰艦了，才發現好多廠商已不在美國，交貨速度太慢。正是因為這種焦慮，川普政府才會要求盟友大增軍費，同時希望台積電有4成產能是在美國。顏擇雅順帶提了一下藍白陣營傳散的疑美論，許多人解讀美國其實是打算放棄台灣，但她直言，如果美國真的要棄台，直接躺平就好了，何必有「戴維森窗口」的焦慮？至於中共，看到前陣子張又俠倒台的消息後，顏擇雅認為這預示著針對軍方的另一波清洗已開始，中南海高層互相猜疑，大家提心吊膽的，是要如何攻打台灣，美方焦慮的弱點窗口，可能不是習近平珍視的「機會」。顏擇雅接著說，目前看來中共只想複製國共內戰的成功經驗，「1948年秋之後，共軍就勢如破竹，1年不到就拿下整個大陸。有榜樣在前，習近平理想的侵台方式，一定不是諾曼第登陸那種硬碰硬，因為不符合毛澤東名言『不打無把握的仗』。」那什麼是共軍認知的有把握的仗？其中一個例子就是平津戰役尾聲，解放軍以90萬大軍包圍北平，採取「圍而不打、隔而不圍」策略，國民黨軍隊自動投降，「如今時不時環台軍演，應該是想複製北平模式」。另外一個例子是上海，1949年上海戰役後，城市陷入嚴重的金融混亂、惡性通貨膨脹，市民期待共軍進城恢復秩序，「這種勝利印證了毛澤東名句：『政治是不流血的戰爭，戰爭是流血的政治』。」另外，台灣有一派支持繼續阻擋軍購的人，理由是「不能跟中國軍備競賽」。顏擇雅直言，台灣從來沒必要跟中國搞什麼軍備競賽，只要讓解放軍沒把握渡海佔領就夠了，而且以目前科技發展，渡海戰對攻方來說只會愈來愈難。總結上述內容，顏擇雅最後表示，台灣好像不必特別擔憂2027，因為「我們已在戰爭裡面」。    ,https://news.ltn.com.tw/news/politics/breakingnews/5343544
國籍與戶籍「雙重爭議」  卓榮泰恐不接受李貞秀質詢,政治,2026/02/14 16:57,立法院24日開議，行政院長卓榮泰將赴立法院進行施政方針報告並備質詢，在中配立委李貞秀的「雙重爭議」下，卓揆恐不會接受李貞秀的質詢。（資料照）民眾黨中配立委李貞秀就任前未放棄中國籍，參選前也未註銷中國戶籍，內政部是否在農曆春節後，發函中選會撤銷李貞秀資格，備受關注。而立法院24日開議後，行政院長卓榮泰將赴立法院進行施政方針報告並備質詢，在李貞秀的「雙重爭議」下，卓揆恐不會接受李貞秀的質詢。李貞秀3日宣誓就任民眾黨不分區立委，仍未放棄中國籍，而依照國籍法規定，解職機關是立法院，執政團隊當時研判，立法院不會解除李貞秀職務，傾向若李一年內未提出放棄中國籍證明，再依法處理。因此當時媒體5度追問是否通令各部會不接受李貞秀質詢，也不提供她密件資料，行政院並不願鬆口。請繼續往下閱讀...不過，由於李貞秀受訪時竟自爆，「2025年初放棄中國戶籍是請父親代為申請完成」，陸委會日前也證實，李在2023年登記成為參選人時具備「雙重戶籍」，並不符合兩岸條例參選資格規定，陸委會也坦言，選務機制出現漏洞。因為戶籍有爭議，執政團隊對李貞秀案重新檢討定調。據分析，違反國籍法的部分，要立法院才能撤銷李貞秀的立委資格，但戶籍的部分，中選會就能解決。陸委會已表明，農曆年後將與中選會、內政部開會，建立跨機關合作機制來解決。屆時內政部是否會發函中選會，要求撤銷李貞秀資格，備受關注。據指出，中選會在處理李貞秀的立委資格上，接連有違法疑慮。不僅在2023年10月未發現李貞秀的參選有問題，今年2月1日在委員人數不足、無法召開委員會議的情形，竟還公告李貞秀遞補當選民眾黨不分區立委，並稱日後會召開委員會議追認這項遞補案。知情人士表示，中選會雖然在公告前，曾詢問相關機關意見，但最後顯然並未採納。對於卓揆是否接受李貞秀質詢？政院人士表示，行政團隊是一體的，國家也只有一個，無論是國籍法或兩岸條例的規定，都是法治國家對於國家忠誠義務的最基本要求，也對於所有的民選公職人員一體適用，政府會用最嚴格的標準來依法行政。民眾黨中配立委李貞秀（中）。（資料照）    ,https://news.ltn.com.tw/news/politics/breakingnews/5343571
自由說新聞》尷尬瘋傳！還原黃國昌掃街遭民眾「靈魂拷問」！他一句酸爆,政治,2026/02/14 16:53,全新的視界！新聞話題不漏接，快訂閱YouTube 【自由追新聞】，記得開啟小鈴鐺哦！    ,https://news.ltn.com.tw/news/politics/breakingnews/5343654
曾在網路激烈互罵！他被陸委會折服道歉  梁文傑笑回：有印象,政治,2026/02/14 16:38,陸委會發言人梁文傑。（資料照）陸委會副主委、發言人梁文傑，在進入陸委會後犀利不失幽默的發言風格廣獲好評。近日一名網友在Threads上表示，他想為了15年前在網路上和梁文傑筆戰道歉，他透露，當時是因為前南韓總統朴槿惠爭議事件而互罵，而梁文傑也現身貼文下方，親自留言表示對此事「好像有點印象」。一名網友昨日在Threads上發言表示：「我真心誠意的，為十五年前在網路上跟梁文傑先生筆戰而道歉。」他還說，看梁文傑講話簡直就是一種享受，肯定梁文傑近期在陸委會的表現。請繼續往下閱讀...貼文下方，有網友好奇問「好奇你們當初筆戰的主題是什麼？」原PO則回，當時是因為朴槿惠的事情開始互罵。梁文傑認為朴槿惠的當選，實在是對於轉型正義而言委實一大諷刺，而他當時則「嘴」梁文傑「父債子償，壞人的孩子也是該死的孽種，梁議座的思想可真是先進啊」，結果兩人就開始互噴。他也補充：「用上帝視角現在看起來，還真給梁文傑先生說對了。」該文章引發網路熱議，網友也紛紛表示：「發現民進黨支持者最大優點是做錯後懂得認錯」、「不需要道歉啦，也許就是因為那麼多的筆戰，才讓梁文傑的功力大增」、「我覺得有跟梁副筆戰的經驗也是很榮幸了」；還有網友說：「道歉需要勇氣，希望梁先生有看到。」沒想到，沒過多久，梁文傑就親自在貼文下方回應：「這件事我好像有點印象。」他還說，這事是「互相吐槽求進步」，與網友一笑泯恩仇。相較於陸委會上的表現，梁文傑於社群網路上相當低調。雖然有在使用Threads，不過從未發表文章，也甚少回應網友留言。除了這次回應「筆戰對手」外，過去僅有在前行政院長張俊雄過世時，曾在高雄市議員黃文益的貼文下方留言表達不捨。     在 Threads 查看    ,https://news.ltn.com.tw/news/politics/breakingnews/5343606
情人節限定！陳素月開箱「高市早苗巧克力」 謝衣鳯告白「馬到成功」,政治,2026/02/14 16:23,民進黨彰化縣長參選人陳素月以感恩的心，在情人節大方秀出力挺她的鄉親寄來的「高市早苗首相紀念巧克力」心情顯得格外美麗。（圖擷取陳素月臉書）今天是西洋情人節，民進黨提名的彰化縣長參選人、立委陳素月，以及國民黨呼聲最高的熱門人選、立委謝衣鳯，不約而同都在臉書貼文，都走溫馨感性路線，展現平易近人的一面。綠營定於一尊的選將陳素月，今天在臉書開箱了1份別具意義的情人節禮物，也就是熱心鄉親特地寄來給她的「高市早苗首相紀念巧克力」。請繼續往下閱讀...陳素月表示，這份巧克力不僅是為了慶祝日本政治家高市早苗的勝利，更象徵著台灣與日本之間堅定的互信與友好情誼。她在貼文中特別強調，這份甜甜的禮物背後，其實代表著維繫區域和平穩定的共同期盼。除了展現知性魅力，也大方祝福大家情人節快樂。國民黨提名人選仍未明朗，不過，一直被點名、自己也表態參選的謝衣鳯同樣展開溫柔攻勢，她在臉書曬出1張她手持「馬到成功」的春聯照片，附上「年要到了，愛也準備好了。今天，你最想把祝福送給誰？」向鄉親及網友告白，她感謝每一份陪伴與支持，她要與鄉親一起迎接新的一年。國民黨立委謝衣鳯臉書上曬出一張手持「馬到成功」春聯的照片，笑容燦爛地向鄉親告白。（圖擷取謝衣鳯臉書）    ,https://news.ltn.com.tw/news/politics/breakingnews/5343643
李四川胞弟恐嚇案盤根錯節！ 溫朗東揭韓國瑜、李四川、李賜福與建商徐家康利益衝突,政治,2026/02/14 16:21,台北副市長李四川（左）、立法院長韓國瑜（右）。（資料照，本報合成）剛宣布要投入爭取參選新北市長的台北市副市長李四川，被指親弟李賜福等人勒索垃圾清運業者，不法獲利576萬元，已被檢方依恐嚇取財等罪起訴。網紅四叉貓翻出李四川的惡霸親弟李賜福派了他姪子「李昀南」（亦是李四川的姪子）去工地潑漆、放沖天炮、撒冥紙、破壞泵車管線、砸玻璃、塞雜物到油箱......等，李四川的姪子「李昀南」甚至被查獲車子裡放有兩把武士刀的過往事蹟。對此，名嘴溫朗東再揭疑點，指出為何李四川跟韓國瑜離開高雄市府兩年後，李四川弟弟就跟徐家康的工地暴力圍事，中間關聯為何？徐家康檯面下跟李四川、李賜福的真正關係為何？被暴力圍事，為何不願出庭？溫朗東在臉書PO文表示，李四川胞弟圍事恐嚇案，我今天閒著，了解案情，發現了意想不到的關聯，發動圍事的委託者李賜福，是國民黨新北市長候選人李四川的親弟弟，被害人徐家康，是2019年韓國瑜雲林違建農舍的幕後買家，也是承攬小琉球爭議建案的高雄建商，這已經不是為了泵車圍事，而是高雄、小琉球的巨大建築利益網。請繼續往下閱讀...溫朗東指出，根據屏東地方法院114年度簡字第1376號判決，李四川胞弟李賜福經營兆福工程行，與他人共有一台加壓泵車。李賜福不滿泵車被用於建商徐家康的工地，請外甥李昀南及「五甲進仔」的不詳人士出面「協調」，李四川家族是小琉球在地家族。李賜福和李昀南長期在當地活動，李賜福還在小琉球經營麻花卷店家，開幕時李四川曾送賀詞，韓國瑜2019年選總統，到小琉球，也跟李四川、李賜福同桌吃飯。溫朗東續指，2022年12月至2023年1月，李昀南等人對工地發動六次攻擊：噴紅漆「欠錢還錢」、潑漆、撒冥紙、放鞭炮沖天炮、剪斷泵車管線、砸碎泵車玻璃、往油箱丟石頭、砸吊車窗戶。有人在工地大喊「都不要做了」。期間還帶約十人搭船赴小琉球KTV與徐家康「談判」。警方另在李昀南車上搜出管制武士刀兩支、模擬槍、空包彈，四人認罪，簡易判決，全部可易科罰金，委託者李賜福始終只是證人，不是被告。溫朗東分析，這份簡易判決，疑點重重：一、泵車的權利義務「與徐家康及順鑫開發有限公司顯然無涉」。法官自己認定跟徐家康沒關係，但六次行動全打他的工地。為了一台泵車，動員這種規模，說不通；二、李賜福是整條指揮鏈的起點和受益者，但只以證人身分出現，未被起訴。「五甲進仔」參與全部行動和談判，偵查超過一年，始終未查明身分；三、搜出的三張本票、兩支無SIM卡手機，全部以「難證明相關」跳過，未追查內容；四、告訴人徐家康經法院合法傳喚不到庭，放棄向已認罪的被告求償。一個同時被銀行追討738萬元貸款的人，為什麼放棄這筆錢；五、工地地址被異常完整地遮蔽，連鄉名都隱匿。但判決書留下了「鳳凰工地」四個字。溫朗東補充，「鳳凰工地」是什麼？2020年，鳳凰旅遊宣布在小琉球白沙尾漁港旁興建十層樓觀光飯店，委託鑫富都建設施工。這是小琉球唯一的十層樓建築，引發居民自救會1500人連署反對。鑫富都建設的負責人，就是徐堃富，鑫富都建設的登記地址，與被圍事的順鑫開發一模一樣，都在高雄鼓山區。而屏東地方法院另一份民事判決直接載明：「徐家康即徐堃富」。判決書中的「鳳凰工地」，顯然就是圍事案的施工現場。溫朗東說，2019年7月，韓國瑜妻子李佳芬的雲林古坑農舍被檢舉違建，成為全國新聞。同年8月，農舍以800多萬元售出，市場行情約1800萬。多個媒體追查，買方為徐堃富的妻子，也就是說：2019年在李佳芬農舍風暴中出手接盤相救的人，和2022年被李四川家人暴力圍事的人，是同一人。溫朗東列出時間軸，李四川2018年12月出任高雄市副市長。徐家康是高雄在地建商；2019年8月，李四川副市長期間，徐家康妻子買下李佳芬的爭議農舍；2020年6月韓國瑜被罷免，李四川解職。同年鑫富都正在小琉球飯店建案做工程；2022年12月，李四川轉任台北市副市長，同月，他的弟弟李賜福對徐家康在小琉球的工地發動圍事。溫朗東直言，李賜福作為小琉球在地勢力，對有政治人情鏈的建商發動暴力圍事，代表雙方的裂痕已經大到撕破臉，徐家康是高雄建商，李四川在高雄副市長期間，兩人有哪些往來？為何李四川跟韓國瑜離開高雄市府兩年後，李四川弟弟就跟徐家康的工地暴力圍事，中間關聯為何？徐家康檯面下跟李四川、李賜福的真正關係為何？被暴力圍事，為何不願出庭？事情的嚴重性，已經不是一台泵車、「弟弟是地方惡霸」的層級。而是，韓國瑜、李四川、李賜福與建商徐家康的內部利益衝突。    ,https://news.ltn.com.tw/news/politics/breakingnews/5343634
酸爆李貞秀「授權陸委會」 林楚茵情人節po梁文傑合照「授權放閃」,政治,2026/02/14 16:09,針對李貞秀宣稱，她公開授權陸委會全權代為辦理行政院要求的「陸配放棄國籍事宜」，不少網友紛紛用「我授權…」來造句狠酸李貞秀。林楚茵則是曬出與梁文傑的夫妻合照直言「今天授權放閃」。（圖擷自臉書）民眾黨中配立委李貞秀的國籍、戶籍爭議近日持續延燒，她昨（13）日於陸委會前開記者會稱1999年已註銷在中國湖南的戶籍，並宣稱「授權陸委會」全權代為辦理陸配放棄國籍的事宜，引發外界質疑，不少網友甚至紛紛用「我授權……」來造句狠酸李貞秀。民進黨立委林楚茵則是曬出與陸委會副主委梁文傑的夫妻合照直言「今天授權放閃」，讓網友狂刷一排「情人節快樂」。針對李貞秀宣稱，她「公開授權陸委會」全權代為辦理行政院要求的「陸配放棄國籍事宜」，期盼所有紛擾到她為止。網友紛紛在社群「照樣造句」狂酸「我授權內政部將她驅逐出境」、「授權立法院解職李貞秀」、「授權政府取消李貞秀台灣身分證」，還有網友稱「我授權民眾黨立刻原地解散」。請繼續往下閱讀...林楚茵則在臉書貼出與梁文傑同框的合照，並稱「今天授權『放閃』！適逢西洋情人節！楚茵 & 梁副發言人用這張合體照，感謝大家滿滿愛的支持」。她也祝福民眾「不論有情人或單身，祝大家馬年幸福滿滿」。在發文底下網友紛紛祝他們「情人節快樂」，並大讚「謝謝你們夫妻一起守護台灣」、「台灣人之福」、「超閃！」、「真的很適配」，有網友更稱「我們授權美麗的楚茵立委為我們獻上愛的親親」、「為什麼以前都沒發覺梁文傑這麼帥？還覺得林楚茵怎麼會喜歡他？現在才發覺， 梁副是靠內在的； 林委員有眼光！」    ,https://news.ltn.com.tw/news/politics/breakingnews/5343449
鄭麗君直播聲量「垂直上衝」！ 他揭貿易協定簽署泛藍焦慮爆表,政治,2026/02/14 16:02,台美於美東時間2月12日簽署對等貿易協定後合影。圖左起為美國商務部長盧特尼克、美國貿易代表葛里爾、美國在台協會執行理事藍鶯、駐美代表俞大㵢、行政院副院長鄭麗君、行政院政委楊珍妮。（圖擷自美國貿易代表署官方X）台美完成簽署對等貿易協定（ART），我國爭取到2072項輸美產品豁免對等關稅。時常評論時勢臉書粉專「聲量看政治」依據近10日YT直播聲量數據，今發布「鄭麗君直播聲量暴衝：關稅成果落地，泛藍焦慮浮上檯面」PO文詳細解析。粉專「聲量看政治」發文分析，根據近10天的YT直播聲量顯示，鄭麗君（行政院副院長）處理台美關稅協議的政策過程，讓她個人在直播的聲量上有飛躍的成長。尤其2月8日之後，曲線幾乎垂直上衝，這是因為是「關稅談判的成果」已經有所顯現。請繼續往下閱讀...當對等關稅的產業影響評估被大量的討論，而且在最終落實簽訂合約，相關議題就從口號變成具體成果。這一波，鄭麗君等於主動定義了談判成果的意義。由於關稅直接關係到出口貿易、就業環境、薪水成長。當鄭麗君正式簽訂對等關稅，等於把國際經貿變成民生問題。過去經貿談判常被批評黑箱或模糊，但這次，她透過直播公開說明條件、程序與影響，等於提前堵住「不透明」的攻擊路線。而聲量暴衝，本質是成果具體化後的自然反應。「泛藍觀看暴增：支持還是焦慮？」數據裡最醒目的，是泛藍觀看數大幅上升，主要在於焦慮上升。當執政黨在經貿議題取得突破，泛藍原本認為自己掌握的政治優勢就被動搖了。泛藍陣營自然會高度關注，試圖找漏洞或重建泛藍的批判論述。這是一種政治焦慮的表現。當藍營選民大量投入鄭麗君為關鍵字的直播討論，代表他們需要確認，這一波的關稅談判這是否真的有效？是否會改變產業格局？焦慮本身就是承認影響力的證據。如果鄭麗君的關稅成功沒有政治威脅，不會被反覆觀看。「關稅成果動搖了誰？」長期以來，泛藍習慣主打「兩岸經濟優勢」與「穩定對外關係」。但當對等關稅成果落地，這套論述肯定會被挑戰。如果台美經貿關係穩定推進，藍營「只能靠中國市場」的論述就會被削弱，進而引發支持者內部的心理拉扯。直播數據顯示，泛藍高度聚焦鄭麗君與台美關稅的議題動向，他們已經意識到經濟議題的主導權正在轉移，政治焦慮來自於失去了關稅的話語權。「這波聲量數據的真正意義」，從鄭麗君這10天的聲量，雖然是泛藍暴增，但由於關稅成果是無庸置疑的好，它背後呈現的意義有3點。第一，關稅成果有機會成功把經濟議題拉回執政優勢。第二，泛藍觀看暴增顯示其內部出現政治焦慮與分裂。第三，關稅成果變成可被感知的政治實力。當對手開始大量關注鄭麗君，不是因為鄭麗君的聲音大，而是因為鄭麗君的關稅談判結果改變了台美關係的遊戲規則。這10天的曲線其實意味著，當關稅成果確定之後，經濟論述的主導權已在重新分配，重回執政黨的主導權，而泛藍的焦慮，就是最誠實的數據證明。    ,https://news.ltn.com.tw/news/politics/breakingnews/5343524
侯友宜任內最後一次與警圍爐 市警局搬遷後舊廳舍轉型宿舍,政治,2026/02/14 15:58,新北市長侯友宜（中）今天由警察局長方仰寧（左二）陪同，到警察局勤務大樓，與保大留守人員們提前圍爐，致贈同仁們水果鼓勵。（記者吳仁捷翻攝）新北市長侯友宜今天依慣例在春節前，由新北市警察局長方仰寧陪同，到勤務大樓慰勞留守的保大、交大等單位員警，侯友宜提到，今年是他任內最後一年，也是最後一次跟官警們圍爐，他感謝警察弟兄姊妹全年無休；侯友宜還說，未來市警局搬遷到第二行政大樓，舊廳舍仍將提供警方使用，部分空間將轉型宿舍，為服務全國最多人口、最辛勞的基層官警爭取更優質的備勤空間及最大福利。春節年假第一天，新北市長侯友宜由警察局長方仰寧陪同，到警察局中和勤務大樓，慰問保安大隊、交通大隊留守同仁，與他們提前圍爐共餐，由於今年為侯友宜任期最後一年，警察局等單位預計於今年下半年搬遷到新啟用的新北第二行政中心，侯友宜除對基層維護治安、交通辛勞致謝，期許未來進駐新廳舍，延續、擴大守護市民的能量使命。請繼續往下閱讀...侯友宜說，警察同仁總在市民歡慶時堅守崗位，從「新北歡樂耶誕城」到俗稱春安的「加強重要節日安全維護工作」，幾乎沒有休息，尤其新北市人口全國最多，治安、交通工作也是相當繁重；侯友宜逐一介紹新北市近年爭取的淡江大橋等重大建設，透露未來警察局遷入三重第二行政大樓後，舊廳舍將繼續保留給警察局，也轉型員警宿舍使用，市政府將全力支持添購更好裝備，保障員警執勤安全，期勉大家能留在新北工作。侯友宜與方仰寧送給官警們平平安安、大吉大利的蘋果與橘子，送上新春福袋，包括警友會理事長黃志彰、義警大隊長陳汪全、民防大隊長吳建亨等警友、義警幹部都出席，致贈春節加菜金，為執勤同仁加油打氣。新北市警察局長方仰寧表示，在重要節日安全維護期間，全體同仁全力投入，確保轄區治安平穩、交通順暢及民眾安心。更強調不論現址或未來搬遷，都將持續全力維持穩定新北治安交通，讓新北市民都能在優質安全的環境中生活，並預祝同仁勤務平安、工作順利、新年快樂。新北市長侯友宜今天到警察局勤務大樓，與保大留守人員們提前圍爐，與警察局長方仰寧（左二）致贈同仁們加菜金鼓勵。（記者吳仁捷翻攝）新北市長侯友宜今天到警察局勤務大樓，與保大留守人員們提前圍爐。（記者吳仁捷翻攝）    ,https://news.ltn.com.tw/news/politics/breakingnews/5343623
揭李四川親弟是「環保蟑螂」 四叉貓揭肉搜過程：隨便翻都有,政治,2026/02/14 15:55,四叉貓PO出小琉球環保蟑螂李賜福與台北市副市長李四川同框的照片。（圖擷取自臉書）剛宣布要投入爭取參選新北市長的台北市副市長李四川，被網紅四叉貓劉宇爆料，親弟李賜福等人勒索垃圾清運業者，不法獲利576萬元，已被檢方依恐嚇取財等罪起訴。對此，四叉貓就分享，他發現琉球惡霸是李四川親弟的過程。四叉貓在臉書發文表示，起因是2月13日有一個琉球惡霸，勒索576萬元被起訴羈押的新聞，然後當天早上十點左右，某個新聞記者群組裡面就在討論，說該琉球惡霸可能是李四川的親戚或弟弟，但有記者早上去詢問幕僚，被幕僚否認，所以記者們都不確定該惡霸是否真的跟李四川有關係。請繼續往下閱讀...四叉貓指出，當天他人在台中，剛好沒事就到網咖包了3小時，好奇之下肉搜了李四川，再用惡霸的臉書放進去比對，什麼合照、同桌、名片、賀禮等等全部找出來，藉此確定惡霸李賜福就是李四川的親弟，所以才發了那篇爆料文。四叉貓分享，臉書的資料很充足，李四川的兄弟姊妹名字隨便翻都有，再把這些名字丟進司法判決書系統，誰有前科誰是地方惡霸一目了然。而昨天李四川回應媒體說這些爆料是選舉鬥爭，讓他氣得直呼，「拜託！果然是沒選舉過的菜比巴耶！這根本只是參選起手式而已」。    ,https://news.ltn.com.tw/news/politics/breakingnews/5343604
橘子將返台投案恐是真的！ 潘俊霖爆：長輩無法原諒柯一家人,政治,2026/02/14 15:44,柯文哲嗆「鏡週刊」新年「改過自新，重新做人」。（記者塗建榮攝）有記者近日爆料，前台北市長柯文哲的幕僚「橘子」過年期間可能返台投案，柯文哲則嗆《鏡週刊》新年「改過自新，重新做人」。曾長期為柯貼身拍攝、綽號「金牌霖」的潘俊霖在臉書發文曝光橘子家世，表示她從小不愁吃穿，家中長輩疼愛有加，如今替柯文哲擔負著亡命天涯四處逃亡的日子，時間久了自然家中長輩會無法原諒柯文哲一家人。潘俊霖今日在臉書發文表示，他一直覺得橘子不會、也不需要中飽私囊，「她只是一個被交辦工作的年輕人」。潘俊霖透露，橘子是台灣史上首位醫學博士杜聰明後代，家中長輩世代從醫累積了不少財富，有著許多土地。橘子的長輩們除了在目前居住的中山區外，連陽明山都還有閒置的房地產。請繼續往下閱讀...潘俊霖表示，橘子不菸不酒，更從未聽聞橘子有賭博等不良嗜好，家中長輩更是對她疼愛有加，以前橘子也常常跟他說她阿嬤的銘言「只要錢能解決的事情，都是小事」。潘俊霖指出，一個從小不愁吃穿的人，替柯文哲擔負著亡命天涯四處逃亡的日子，時間久了自然家中長輩會無法原諒柯文哲一家人，所以他相信相關的傳聞。    ,https://news.ltn.com.tw/news/politics/breakingnews/5343568
慰勉海巡 卓榮泰：年後全面檢視福利政策,政治,2026/02/14 15:37,行政院長卓榮泰今（14）日前往新北市八里區北部地區機動海巡隊慰勉相關人員。（圖由行政院提供）行政院長卓榮泰今（14）日前往新北市八里區北部地區機動海巡隊慰勉相關人員，頒發加菜金。卓榮泰說，政府加速新式造艦計畫，盼在硬體上加速改善外，福利、勤務環境也會全面檢討加強，行政院秘書長張惇涵已主動表示過年後，政府將做全國的相關人員福利政策重新檢討，希望大家辛苦工作時，人民也更願意用納稅錢、國家也更需要把海巡同仁的生活安排照顧得更好，他也懇託海巡珍惜每一份人民託付的任務與使命。卓榮泰指出，近期參加許多海洋委員會海巡署破獲毒品的場合，海委會主委管碧玲也經常利用週四行政院會來請命海委會經費，也經常用通訊軟體告訴他海巡署破獲多少毒品、執行多少海上救難，她將海上救難、查緝走私、防範毒品當作生命最重要部分，大家如此投入工作，一定能把工作做得更好。請繼續往下閱讀...卓榮泰說，海象差時執勤，靠近船隻要登船的那刻是最危險的時刻，但海巡義無反顧保衛國家，維護我海疆秩序、海域主權與安全；灰色地帶的侵擾事件不斷發生，且都充滿敵意與惡意，數量體積也許比我更具優勢，但海巡同仁仍為國家使命不懼威脅站在第一線，總統、行政院盼在過年期間向各位致謝，也會用實質行動表示對海巡的支持，海纜安全、海上漁全守護、主權維護各方面，還需多多仰賴海巡。「當國人在團圓的時候，很多我們的弟兄姊妹們還要執行業務執行工作」，卓榮泰表示，他要用最誠摯的心情代表國家像海巡致謝，國家會與海巡同在，「挺海巡護台灣，挺台灣要護海巡」。行政院長卓榮泰今（14）日前往新北市八里區北部地區機動海巡隊慰勉相關人員。（圖由行政院提供）    ,https://news.ltn.com.tw/news/politics/breakingnews/5343602
許智傑化身愛情導師！5句「金句情話」釣出張博洋狂笑,政治,2026/02/14 15:26,許智傑今發文祝福所有情侶們情人節快樂，並分享多則「金句情話」。（圖擷取自「高雄小金剛許智傑」臉書粉專）今天（14日）是西洋情人節，立委許智傑今發文祝福所有情侶們情人節快樂，並分享多則「金句情話」，包括「我最喜歡的『酒』，是和你的天長地久」、「新年要到了我想換個造型，沒你不行」，幽默風趣的PO文引網友討論。高雄市議員張博洋今轉發許智傑臉書貼文，許智傑在文中「今天是情人節，祝所有閃光們情人節快樂」。請繼續往下閱讀...許智傑接著說，「以下提供各種情話，不管是準備告白的還是想耍浪漫的，我想我就幫到這了」。情話範例如下：1.「用鐵做的門叫鐵門，用幸福做的門叫我們。」2.「我最喜歡的酒，是和你的天長地久。」3.「跟你剪刀石頭布我只會出剪刀，因為你是我的拳布。」4.「新年要到了我想換個造型，沒你不行。」5.「我的優點很多但只有一個缺點，就是缺點你。」張博洋發文笑稱，「我笑到不行哈哈哈哈哈哈，只好分享了哈哈哈哈哈哈」，其他網友看到貼文也紛紛留言，有人說「讚餒！」、「祝你們情人節快樂」。今天（14日）是西洋情人節。（路透）立委許智傑。（資料照）    ,https://news.ltn.com.tw/news/politics/breakingnews/5343557
春節連假首日 何欣純市場掃街發送「馬上發吉馬有春」小紅包,政治,2026/02/14 15:23,春節連假首日，何欣純到大里內新市場掃街拜年。（圖由何欣純服務處提供）春節連假正式展開，民進黨台中市長參選人、立法委員何欣純製作2026「馬上發吉馬有春」1元福袋，選在首日走進大里內新早市掃街拜年，親手發送象徵好運的1元小紅包，向攤商與採買年貨的民眾送上新春祝福，現場人潮絡繹不絕，許多民眾排隊領取福袋、互道恭喜，洋溢濃濃過年喜氣。何欣純指出，今年生肖為馬，因此福袋設計以「心繫台中，吉馬有春」為主題，將名字中的「欣」字化為粉紅色小馬的心型尾巴，象徵服務從「欣」出發、時刻掛念市民需求，立體造型正面則是背著「發」字元寶的橘色小馬，祝福台中市民「馬上發」，也承諾未來入主市府將馬不停蹄為市民服務為台中創新局。請繼續往下閱讀...談到為何選在市場拜年，何欣純表示，市場是最有年味的地方，也是觀察民生經濟的重要窗口，過年期間人潮滿滿，象徵生意興隆、財氣流動，更能真切感受基層期待與生活脈動，走進市場不只是拜年，更是與民眾交流、了解地方需求的重要時刻。從農曆除夕到大年初四，將展開一連5天走春行程，走訪台中市各地宮廟向民眾拜年，並持續發送福袋與祝福，邀請市民一同感受年節喜氣，相關走春路線與時間，將透過社群平台公布，歡迎民眾一起參與。而春節過後仍將持續規畫市政願景，預計3月與各區議員共同公布一系列政策藍圖，逐步提出城市發展方向，盼打造更繁榮、更宜居的城市，對於國民黨市長人選未定，何欣純說，過年要說好話，用祝福的心，祝福他們一切順利圓滿。何欣純發送1元小紅包，祝福新的一年百業興旺、經濟活絡。（圖由何欣純服務處提供）何欣純製作的2026「馬上發吉馬有春」1元福袋。（圖由何欣純服務處提供）    ,https://news.ltn.com.tw/news/politics/breakingnews/5343587
李貞秀爭議柯文哲批刁難 陸委會：可參考中華人民共和國國籍法辦理,政治,2026/02/14 15:20,民眾黨不分區立委李貞秀雙重國籍爭議，民眾黨創黨主席柯文哲今受訪批評陸委會「刁難」，如果政府一開始就說陸配不能從政，民眾黨就不會提名李貞秀。（記者塗建榮攝）民眾黨不分區立委李貞秀雙重國籍爭議持續未解，陸委會不採信李貞秀所提除籍證明書，今日引來前民眾黨主席柯文哲抨擊「就是在『刁難』」，並要求陸委會告訴大家該怎麼做，「最好把流程圖都寫出來」，對此，陸委會回應表示，「任何人要放棄國籍，都要按照該國法律申請。李貞秀女士可以參考中華人民共和國國籍法相關規定辦理。」李貞秀昨天前往陸委會痛批民進黨政府打壓陸配，還要求陸委會幫她辦理放棄中國籍，陸委會副主委梁文傑隨後召開記者會回應，歷來不管哪個國家配偶要放棄本國籍都是自己辦理，陸委會不會代任何人辦理相關程序，因此會歸還李貞秀的「授權書」。    ,https://news.ltn.com.tw/news/politics/breakingnews/5343582
美媒專訪！ 林飛帆：藍白屢封殺軍購 將向世界傳達1錯誤訊號,政治,2026/02/14 14:49,國安會副秘書長林飛帆。（資料照）藍白持續封殺賴政府1.25兆軍購特別預算，引發國人不滿，美國也高度關切。國安會副秘書長林飛帆近日接受美媒《戰情室》（War Room）專訪，道出總統賴清德提出的軍購條例重要意義，以及台灣在野黨屢次杯葛產生的負面影響。林飛帆13日接受曾訪問過副總統蕭美琴的《戰情室》主持人溫特斯（Natalie Winters）專訪，並於臉書分享專訪重點摘要。首先就是台灣已經「沒有時間等待」，林飛帆直言，面對中國國家主席習近平下令解放軍在2027年達成具備攻台能力的準備，台灣正在跟時間賽跑，必須加速建構不對稱戰力、多層次嚇阻能力，承擔起自我防衛的責任。請繼續往下閱讀...林飛帆表示，日本、菲律賓等國都正在大幅增加國防預算來應對威脅，台灣絕不能成為區域安全的破口，「我向Natalie和美國的聽眾強調，台灣並非被動的等待救援，我們正透過國防整備與全社會韌性計畫，將防衛意志轉化為實際行動。這些工作，我們並非停留在言論或是倡議，而是現在進行式。」不過面對藍白一再阻擋，林飛帆忍不住慨歎在野彷彿活在另一個宇宙，「Natalie特別關心如果這項國防特別預算沒有通過，會對北京和世界傳遞什麼樣的訊號。我向她說，當多數民意支持強化國防，部分在野黨卻沈溺於綏靖主義，近期國民黨赴中的言論附和北京論述，印證我們的擔憂。若預算受阻，將向國際傳達『台灣防衛決心動搖』的錯誤訊號，也會讓北京更大膽以軍事挑釁台灣，並把國民黨當作有用的『協力者』弱化台灣。」    ,https://news.ltn.com.tw/news/politics/breakingnews/5343535
內政部：過半受租金補貼家戶 房租負擔減逾4成,政治,2026/02/14 14:48,內政部指出，「300億元中央擴大租金補貼」專案有效減輕民眾租屋負擔。（資料照，新北市城鄉發展局提供）內政部今天指出，自民國111年7月實施「300億元中央擴大租金補貼」專案，截至去年9月底止，掌握租金補貼有效租約已達71.7萬餘件，租金補貼金額占租金比率的中位數為42.4%，代表有一半以上受補貼家戶，房租負擔直接省下超過4成。內政部今天發布新聞稿指出，為落實對全國租屋族群的照顧，於111年7月正式實施「300億元中央擴大租金補貼」專案，截至114年9月底止，掌握租金補貼有效租約已達71.7萬餘件，較113年3月底增加23.9萬件，成長率50.1%，並針對單身青年、新婚、育有未成年子女、社會弱勢及經濟弱勢戶加碼補貼，有效減輕民眾租屋負擔。請繼續往下閱讀...內政部指出，租金補貼申請者以女性承租人占55%較多。年齡部分，以未滿25歲族群占28.6%、25至34歲占23.9%，及35至44歲占16.3%為多數；婚姻狀況則以未婚者占53.3%居多，其中未婚者普遍偏好「分租套（雅）房」，占65.1%，而有偶者因需較大空間，多承租「整戶（層）」房型，占81.9%。內政部另指出，補貼金額占租金比率的中位數為42.4%，代表有一半以上受補貼家戶，房租負擔直接省下超過4成，並對經濟弱勢戶、社會弱勢戶及單身青年加碼照顧，分別讓房租負擔減輕7成、近5成及近4成，有效減輕弱勢民眾及單身青年負擔。內政部表示，除有效減輕民眾負擔外，將持續擴大租金補貼效益，定期發布租金統計，讓租金補貼契約的租金資訊，成為民眾租屋時的參考。    ,https://news.ltn.com.tw/news/politics/breakingnews/5343444
阿北要睡不著了？傳「橘子」年後投案  詹凌瑀直言「土城的選擇柯文哲」,政治,2026/02/14 14:44,柯文哲（中）。（記者塗建榮攝）民眾黨創黨主席柯文哲過往的幕僚「橘子」許芷瑜，目前仍滯留海外尚未歸案，「鏡週刊」記者今爆料許芷瑜疑藏匿香港，有可能在過年前後回台投案。對此，媒體人詹凌瑀開酸，「土城的選擇柯文哲」。詹凌瑀今於臉書發文提到，據傳出「橘子」許芷瑜人就在香港，而且家屬正在勸她年後回台投案。請繼續往下閱讀...詹凌瑀直指，「柯文哲之前一直想把她定調成單純『愛玩的小朋友』，企圖切割，但如果這個經手核心金流的關鍵人物真的回來交代實情，阿北這下恐怕真的要睡不著覺了」、「土城的選擇柯文哲」。許多網友看到PO文後留言表達不同看法，有人說「希望她能好好現身別被滅口了」、「杜聰明的不肖子孫」、「她回不回來，對柯文哲的案件而言，已經不是那麼重要了。和她自己的未來，和被藏起來的贓款有關而已」、「應該串證完了啦，愛玩的小女孩」。另，針對「鏡週刊」的爆料，柯文哲說，過年期間他不要講壞話，希望「鏡週刊」在新的一年要「改過自新，重新做人」，在2025年台北地檢署少數幾個檢察官勾結「鏡週刊」，淪為民進黨的打手，這就是全民的普遍印象，他希望「鏡週刊」在新年可以改過自新。「橘子」被爆過年返台交手機紀錄 柯文哲嗆：「鏡週刊」新年要重新做人陳盈助300萬 妙天千萬 柯都認了交給橘子「橘子」許芷瑜通緝犯資料明細。（圖擷自法務部調查局官網）    ,https://news.ltn.com.tw/news/politics/breakingnews/5343467
民進黨力拚光復宜蘭 林國漳競總主委將由林向愷出任,政治,2026/02/14 14:40,林國漳（右1）、陳金德（左2）等人向林向愷（右2）請益，並請他出任競總主委。（讀者提供）2026年縣長選戰，民進黨力拚光復宜蘭，競選總部主委相當重要；民進黨縣長參選人林國漳昨到礁溪拜會定居宜蘭的經濟學者林向愷，請他擔任競總主委並獲得首肯；林國漳說，林向愷有學術聲望，對經濟議題多有研究，希望爭取更多支持。林向愷特別關心高鐵議題，他談到高鐵特區規劃攸關宜蘭百年大計，他願全力協助讓宜蘭更好。林國漳在行政院政委陳金德、縣黨部主委邱嘉進等人陪同下，昨到定居礁溪的林向愷請益，並請他擔任競總主委。林國漳說，林向愷素有學術聲望，且是新宜蘭人，對於經濟議題多有研究，林教授不是傳統政治人物，希望以他學者形象，爭取更多人支持。請繼續往下閱讀...林國漳表示，林向愷曾擔任過高雄市財政局長，也擔任過台北悠遊卡公司董事長，都做的有聲有色，這次向他請益希望接任競總主委，很謝謝林教授願意接受。林向愷退休後搬來宜蘭定居，是新宜蘭人，據轉述，他願意為宜蘭奉獻心力，讓宜蘭更好；他尤其關心高鐵議題，認為高鐵延伸宜蘭非常重要，高鐵特定區的規劃更攸關宜蘭百年大計，他期勉林國漳當選後要把縣政做好，他也願全力協助。    ,https://news.ltn.com.tw/news/politics/breakingnews/5343559
藍營批台美ART恐引食安風險 食藥署回擊：談判沒退讓,政治,2026/02/14 14:18,食藥署長姜至剛強調，台美對等貿易協定簽訂後，食安相關審查及把關標準不降、裁量權未退讓。（資料照）台美對等貿易協定（ART）拍板，台灣關稅降至15%，更守住不疊加底線，不過藍營隨即開火，質疑食安恐鬆動、審查權被架空，直言民眾恐得扛風險。對此，食藥署今（14）日強調，食安標準不降、裁量權也沒有退讓。立法院國民黨團指出，ART表面是關稅協商，實際恐牽動食安與醫療體系，尤其在藥品與醫材領域，憂心台灣採認美國食品藥物管理局（FDA）審查結果，恐形同放棄本土把關；在食品方面，也質疑美豬美牛開放及查廠機制恐被弱化，影響國人食安。請繼續往下閱讀...針對30月齡以下美牛內臟開放爭議，衛福部長石崇良今天受訪時重申，美國早在2013年已被世界動物衛生組織（WOAH）列為狂牛症「風險可忽略國」，理論上全牛齡、各部位皆可輸入，此次調整是依循國際規範，並考量國人飲食習慣，對部分敏感部位仍未開放，並非全面放寬。食藥署署長姜至剛補充，此次協商以科學風險評估為基礎，僅開放部分品項，如絞肉及心、肝、腎等內臟，並排除敏感部位。他也強調，產地標示制度維持不變，無論包裝、散裝或餐飲場所皆須標示來源，民眾仍可自行選擇；邊境查驗與風險管理機制也未改變，必要時仍可針對業者查廠。此外，食品添加物未納入此次協定，姜至剛說，現行著色劑、防腐劑等標準維持不變；基因改造食品查驗與標示制度也未調整，食安把關「沒有退讓」。在藥品與醫材審查方面，姜至剛指出，審查參考美國FDA核准結果，目的是減少重複審查、加速新藥上市，但仍會評估族群差異、適應症與臨床使用情形，並保有最終核准裁量權，並非「直接放行」。至於醫療器材，即使已取得FDA許可，仍須在台申請查驗登記，並可視風險要求補充資料或加強監測。至於化粧品部分，姜至剛說，協定未要求放寬禁限用成分或改變管理制度，仍維持現行上市前登錄、成分管理與上市後稽查機制，預防原則與安全底線未受影響。他也強調，ART採行的是國際常見的監管合作模式，目的在於提升審查效率，而非放寬標準或讓渡主權。    ,https://news.ltn.com.tw/news/politics/breakingnews/5343540
春節前赴台北港基地慰勉 卓榮泰感謝海巡長年堅守海域安全,政治,2026/02/14 14:16,行政院長卓榮泰今天到海委會海巡署台北港基地慰勉，頒發加菜金並與海巡人員餐敘。（記者吳仁捷翻攝）行政院院長卓榮泰今天視察海巡署艦隊分署台北港基地，聽取簡報、並了解北部地區機動海巡隊勤務環境，卓榮泰還體驗操船模擬機操作，頒發加菜金慰勉第一線海巡同仁，感謝海巡同仁春節之際，仍堅守崗位、全年無休守護我國海域安全。卓榮泰今天由海委會主委管碧玲、海巡署長張忠龍等人陪同，到新北市八里台北港海巡署艦隊分署慰勉並聽取海巡署春節勤務簡報，海巡署表示，海巡署北部地區機動海巡隊以台北港海巡基地為據點，為艦隊分署所屬外勤單位中艦船艇數量、人力編制最多之主力單位，承擔北部重要海域巡護、海上治安維護、漁權保障及救生救難等多項核心任務，執勤範圍廣泛、勤務量能繁重，長期站在第一線守護海疆安全。請繼續往下閱讀...卓榮泰慰勉時表示，海巡人員年節堅守崗位，在打擊走私、海上救援、維護海域秩序及海洋生態保護等面向，皆扮演關鍵角色，守護國人生命財產安全，更彰顯國家主權與海洋權益的重要價值；他特別感謝海巡同仁家屬長期的支持，讓第一線人員能無後顧之憂執行任務，強調政府未來將持續挹注資源與設備、改善勤務環境，強化執勤安全與效能，並預祝全體同仁新年快樂、闔家平安。管碧玲表示，感謝院長春節前夕親臨，為第一線海巡同仁加油打氣，無論寒風刺骨的海域或環境艱困岸際，海巡同仁始終挺身在前，勇敢承擔起守護海疆的重任。管碧玲強調，在院長支持下，未來長達8年600多億的「海空一體，精銳海巡」計畫，為海巡的轉型帶來新的里程碑，包括水下到高空，海巡將進化為具立體偵巡實力部隊，加速持續強化海巡團隊專業能力與服務品質，阻絕境外越界襲擾、維護國家主權、海域安全、精準執法，持續為國人帶來安心與希望。行政院長卓榮泰今天到海委會海巡署台北港基地慰勉，頒發加菜金給基層人員。（記者吳仁捷翻攝）行政院長卓榮泰今天到海委會海巡署台北港基地慰勉，卓榮泰體驗操船模擬機。（記者吳仁捷翻攝）行政院長卓榮泰今天到海委會海巡署台北港基地慰勉，海委會主委管碧玲感謝總統、院長支持海巡強化「海空一體，精銳海巡」計畫。（記者吳仁捷翻攝）    ,https://news.ltn.com.tw/news/politics/breakingnews/5343530
陳其邁走春參香發紅包  民眾期盼更上層樓,政治,2026/02/14 14:06,民眾楊仁和是陳其邁粉絲，清晨5時30分就來排隊搶頭香。（記者陳文嬋攝）春節連假首日，高雄市長陳其邁今到鳳山區五甲龍成宮走春參香，發送開運小紅包，民眾期待他更上層樓；立委許智傑致詞稱陳其邁以後做更大會再來，陳其邁笑回沒做市長也是要來，率領市府團隊以超人之姿，向民眾拜早年，祝福大家馬上幸福。市長陳其邁今天率領市府團隊展開走春參香行程，將走訪鳳山、三民及鼓山等區廟宇，首站到鳳山區五甲龍成宮參香，在主委吳東居等人陪同下，發送高雄「超人精神一馬當先」開運小紅包，現場民眾大排長龍。請繼續往下閱讀...民眾楊仁和清晨5時30分就來排隊搶頭香，他是市長陳其邁粉絲，獲悉市長要來發紅包，趁放假一大早從小港區出發，騎機車到五甲龍成宮排隊，很開心領到市長紅包，期盼陳其邁更上層樓；蔡姓婦人從臉書獲悉市長陳其邁要發紅包，她肯定陳其邁當市長很認真，又是擔任市長最後一年，7時30分趕來領紅包，期待他能更上層樓。立委許智傑致詞感謝市長陳其邁把高雄建設這麼好，雖然是最後一年，笑稱「以後做更大會再來」，又補充「做比市長更大會再來」，眾人齊聲高喊「好」！他強調高雄AI首都要繼續努力，銜接市長陳其邁政績。陳其邁回覆沒做市長也要來，反虧許智傑「我與你一樣，市長落選也是來」，他說，沒當市長也是要來，因為「我們都作伙」，「鳳山與高雄是我們共同的家」。陳其邁致詞表示，他祈求媽祖保佑國家進步、繁榮，立法院減少衝突，朝野可以合作，帶動經濟繁榮、國家進步；並感謝廟方照顧社會弱勢，每年發放生育津貼、青年學子獎學金。陳其邁也親率市府團隊向民眾拜早年，並深深一鞠躬，感謝大家5年來支持，他祝福大家馬上幸福、馬上成功，並以超人力霸王姿勢，祝福大家新年快樂！陳其邁率領市府團隊以超人之姿，向民眾拜早年，祝福大家馬上幸福。（記者陳文嬋攝）市長陳其邁與立委許智傑是高中同學經常互虧。（記者陳文嬋攝）陳其邁與廟方合影留念。（記者陳文嬋攝）    ,https://news.ltn.com.tw/news/politics/breakingnews/5343528
不爽冬奧台灣隊成「中華台北」！ 美國老爹1段話講到網友心坎,政治,2026/02/14 14:05,美國老爹痛罵「為什麼整個世界總是對著一個霸凌者低頭哈腰？」（「鬍鬚大叔．明哥」授權使用）2026米蘭科爾蒂納冬季奧運如火如荼進行中，受到中國打壓，台灣選手僅能以「中華台北」名義參賽。1名旅美部落客分享，他的美國老爹對此痛罵「為什麼整個世界總是對著一個霸凌者低頭哈腰？」更表示，大家都心知肚明為何會這樣（變成中華台北），只是選擇沒看到。他將這段話分享到粉專後，引發網友共鳴。旅美部落客臉書粉專「鬍鬚大叔．明哥」今日發文，表示他的美國養父（老爹）非常關注冬奧，看到台灣選手以「中華台北隊」名義出賽時，忍不住表示「中華台北是什麼鬼東西？我一直搞不懂，為什麼整個世界總是對著一個霸凌者低頭哈腰，卻抹去一個小島原本就應該擁有的名字叫台灣。」請繼續往下閱讀...老爹還說，大家其實都心知肚明為什麼會變成這樣，只是選擇假裝沒看到。這是把懦弱包裝成外交。講到激動處，他表示：「不好意思爆個粗口，但如果你問我，中國可以去操他媽的。你不能因為自己聲音大、拳頭硬，就想強迫全世界跟著你改寫現實。尊重不是靠恐嚇得來的，是爭取來的。而這整齣戲，說穿了，只不過是拿台灣當代價的政治鬧劇。」明哥分享這段話，引發網友共鳴，在貼文下方紛紛留言表示：「每次看到台灣人爭光，還得用那可悲的名字稱呼，就覺得被中華民國4個字殘害很久，更討厭這個名字，和把它帶來的該死國民黨」、「欣賞老爹真性情」。有網友在下方嗆聲：「瞎編的，我在美國那麼久，90%美國人都不知道台灣是什麼？常誤會是泰國」。明哥則直球回嗆：「因為你是標準在美國的台灣人，根本沒有美國朋友。」他還說，自己就是住在美國，且住得比他久，「我身邊的朋友和同事全都是美國土生土長的各種不同膚色的美國人，而且他們都是社會精英，每個都很清楚台灣是個國家。」    ,https://news.ltn.com.tw/news/politics/breakingnews/5343519
新竹漁港列禁放區不得施放爆竹煙火 市政府提醒違者最重可罰30萬元,政治,2026/02/14 13:58,新竹市政府表示，新漁漁港等10種特定場所及區域內，禁止施放爆竹煙火，違者最重可處30萬元罰鍰。（記者廖雪茹攝）新年假期開跑，新竹漁港過去屢見民眾違法施放爆竹煙火。新竹市政府表示，漁港等10種特定場所及區域內，禁止施放爆竹煙火，違者最重可處30萬元罰鍰；農曆春節及元宵節期間，警消將加強執行新竹漁港聯合巡邏勤務，針對執意違法的民眾將依法舉發，以維護公共安全。新竹市長高虹安表示，新竹市擁有300多年歷史的百年古城，有豐富的文化古蹟，又緊鄰新竹科學園區，市府已正式公告將竹市32處高人口密集社區（戶數達500戶以上）及43處古蹟暨其周邊道路，劃設為全日管制施放爆竹煙火區域，確保民俗歡慶節日、敬神祈福公共安全及公共安寧。請繼續往下閱讀...高虹安提醒市民，施放爆竹煙火遵守「1不2要」原則，「1不」是指不要在法令限制場所區域內施放爆竹煙火，「2要」則是要在合法的時段內施放，並選擇經檢驗合格張貼認可標示的煙火商品，保障自身安全，安心歡慶年節。消防局提醒，依據《新竹市爆竹煙火施放管制自治條例》，除農曆小年夜、除夕、天公聖誕及元宵節，因應民俗敬神、祈福施放，開放延長施放排炮、連珠炮等一般爆竹煙火到翌日凌晨1時，其餘時間每日6時前、22時後均不得施放爆竹煙火，違規施放將依法處以3萬元以上15萬元以下的罰鍰；在漁港等10種特定場所及區域內，禁止施放爆竹煙火，違規者將依照場所類別，分別處以3萬元以上15萬元以下，或新臺幣6萬元以上30萬元以下罰鍰。勞工及青年處表示，針對市府各項防制措施及施放爆竹煙火相關法令規定，已翻譯成英文、印尼、越南等國語言，將同步宣導外籍移工遵守規定，避免觸法。新竹市政府已正式公告，新竹漁港等場所依法不得施放爆竹煙火。（新竹市政府提供）新竹市爆竹煙火施放管制自治條例中有明訂合法施放時間。（新竹市政府提供）    ,https://news.ltn.com.tw/news/politics/breakingnews/5343511
美國37名跨黨派議員致函立法院發起人是他！本人親曝背後原因,政治,2026/02/14 13:16,共和黨籍參議員芮基茲。（彭博）藍白聯手封殺「國防特別預算條例」1.25兆元，近日引起美國關切。美國37名跨黨派國會議員聯名致函立法院長韓國瑜和執政黨與在野黨主席，希望盡速通過國防特別預算。該行動發起人為共和黨籍參議員芮基茲（Pete Ricketts），他今日也在X上發文解釋為什麼會發起這封信函。芮基茲台灣時間14日早上8點左右在X上發文，分享了外媒針對37名議員聯名致函台灣立法院的相關報導，他表示：「來自共產中國對台灣的威脅從未如此巨大。這就是為什麼我發起了一封跨黨派信函，與參眾兩院的36位同事聯名，促請台灣通過完整的國防特別預算。」請繼續往下閱讀...文末，芮基茲也期許，若大家齊心協力，就能應對當前的局勢，並成功嚇阻共產中國的侵略。芮基茲同時也是美國聯邦參議院外交委員會亞太小組主席，曾於2025年4月16日至19日率跨黨派訪團抵台訪問，期間會晤了賴清德總統，交流議題聚焦於台美產業新布局、加強經濟與安全鏈結，強調雙方優勢互補與穩定印太區域和平芮基茲解釋：「來自共產中國對台灣的威脅從未如此巨大。這就是為什麼我發起了一封跨黨派信函，與參眾兩院的 36 位同事聯名，促請台灣通過完整的國防特別預算。」（取自X）    ,https://news.ltn.com.tw/news/politics/breakingnews/5343319
時力與民進黨合作？新竹選情受關注 王婉諭：保持開放態度,政治,2026/02/14 13:11,新竹選情受到關注，外界傳聞民進黨與時代力量可能合作，時代力量黨主席王婉諭（中）強調，該黨保持著開放的態度，希望盡可能整合藍綠之外的勢力。（記者廖雪茹攝）2026年地方選舉，新竹選情受到關注，時代力量黨主席王婉諭今天受訪表示，黨持續為年底選舉做準備，無論是她本人或是各選區，都希望持續地為大新竹的朋友們服務；至於外界傳聞民進黨與時代力量可能合作，王婉諭強調，時力保持著開放的態度，希望盡可能整合藍綠之外的勢力。王婉諭今早陪同同黨擬提名的新竹縣第二選區竹北東區議員參選人張育慈，以及新埔鎮民代表參選人林旭良，前往竹北市場拜票。王婉諭受訪表示，新竹縣的佈局，是今年選舉的重中之重。尤其，新竹市是時代力量第一個黨團，且大新竹有多非常多的問題待解決，從居住環境、交通困境、教育等等，所以新竹縣成立黨團會是今年的重要目標，將傾全力推出最優秀的候選人。請繼續往下閱讀...對於媒體追問王婉諭會投入竹北還是竹市選舉？王婉諭表示，「不論是新竹縣的首長或者是竹北市，又或者是新竹市的首長，都有人把我納入評估，我非常感謝大家的肯定。整體來說，我們都是持續地在做準備，也希望能夠讓大家有耳目一新的感覺。希望大家的支持，不論是對我或是時代力量，我們都希望能夠持續地來為大新竹的朋友們來做服務」。至於傳言民進黨有找時代力量談合作？王婉諭說，時代力量一直都是保持著開放的態度，希望儘可能地把藍綠之外的勢力能夠整合，協調出一組最適合的候選人。「但是目前還沒有一個明確的接觸或是明確的計畫，所以我們自己的心態是：準備好自己，然後保持我們的主體性，並且持續地深耕地方為大家服務，才是最重要的」。    ,https://news.ltn.com.tw/news/politics/breakingnews/5343476
再揭李四川親弟一家惡行！ 四叉貓：工程行潑漆、車放2把武士刀,政治,2026/02/14 13:05,台北市副市長李四川。（資料照）剛宣布要投入爭取參選新北市長的台北市副市長李四川，被指親弟李賜福等人勒索垃圾清運業者，不法獲利576萬元，已被檢方依恐嚇取財等罪起訴。對此，網紅「四叉貓」表示，李四川的惡霸親弟李賜福派了他姪子「李昀南」（所以也是李四川的姪子）去工地潑漆、放沖天炮、撒冥紙、破壞泵車管線、砸玻璃、塞雜物到油箱......等，李四川的姪子「李昀南」甚至被查獲車子裡放有兩把武士刀。四叉貓在臉書PO文表示，李四川的惡霸親弟「李賜福」在屏東琉球鄉開了很多間公司，根據《臺灣屏東地方法院 114 年度簡字第 1376 號刑事判決》，屏東縣兆福工程行的老闆李賜福。請繼續往下閱讀...四叉貓指出，李賜福派了他姪子「李昀南」（所以也是李四川的姪子），去工地潑漆、放沖天炮、撒冥紙、破壞泵車管線、砸玻璃、塞雜物到油箱......等，李四川的姪子「李昀南」甚至被查獲車子裡放有兩把武士刀。四叉貓直言，請問現在能喊他們李家就是琉球的地方惡霸家族嗎？如果還不行的話他下一篇再喊。四叉貓PO出《臺灣屏東地方法院 114 年度簡字第 1376 號刑事判決》。（圖擷取自 臉書）四叉貓PO出《臺灣屏東地方法院 114 年度簡字第 1376 號刑事判決》。（圖擷取自 臉書）四叉貓在臉書PO文表示，李四川的惡霸親弟「李賜福」在屏東琉球鄉開了很多間公司（圖擷取自 臉書）    ,https://news.ltn.com.tw/news/politics/breakingnews/5343439
北市古亭花海盛放結合動漫文化 蔣萬安化身1日Coser攝影師,政治,2026/02/14 13:05,蔣萬安化身1日攝影師拍攝Coser。（記者方賓照攝）今（14日）春節連假開跑，台北市古亭河濱公園花海也盛放中，台北市水利工程處今也邀請國內高人氣Cosplayer——Chihiro千尋、Genko玄子、Tsun越尊等宣傳；台北市長蔣萬安則化身「一日攝影師」，順便特訓拍照技巧。蔣萬安今天首度挑戰一日攝影師，在專業攝影師指導下掌鏡，為Coser們捕捉花海中的最美瞬間，展現有別於以往的「暖男視角」，更在拍攝前與Coser們比出愛心手勢，向市民祝賀情人節、新春快樂。他笑說，剛好今天情人節，今天就是特別來訓練一下，平常自己都拍三寶比較多，怎麼拍怎麼好看，當然太太也是怎麼拍怎麼漂亮。請繼續往下閱讀...蔣萬安今一身專業攝影裝備，包含攝影背心、單眼相機，專注聽攝影師講解光圈、構圖與採光技巧等。今日現身的Coser陣容堅強，包含以《葬送的芙莉蓮》芙莉蓮一角廣受粉絲喜愛的Genko玄子、詮釋《燕雲十六聲》曹敬觀音的Chihiro千尋，以及扮演同作休塔爾克的Tsun越尊等，皆以精緻服裝與專業肢體語言重現角色神韻。蔣萬安說，古亭花海是台北市推動水岸休憩空間的重要成果，今年特別以年輕族群喜愛的動漫文化為包裝，希望透過更多不同的族群視角，讓更多人看見河濱公園的美麗景致。水利處表示，今年古亭花海以粉紫色系為主視覺，醉蝶花與維多利亞鼠尾草交織出如夢似幻的紫色波浪，成為攝影愛好者與社群使用者的絕佳背景。水利處規劃「初春限定拍攝點」，邀請所有愛好攝影以及市民大小朋友，一同來古亭花海走春拍照打卡，為2026開春留下最繽紛的畫面。蔣萬安化身1日攝影師拍攝Coser。（記者方賓照攝）蔣萬安化身1日攝影師拍攝Coser。（記者方賓照攝）    ,https://news.ltn.com.tw/news/politics/breakingnews/5343461
黃國昌板橋拜票再被嗆「超速仔」 尬笑畫面曝光 網諷過街老鼠,政治,2026/02/14 13:02,今上午黃國昌與白營市議員參選人一同到板橋出席活動，過程中又再度被多位民眾嗆聲「超速仔」，直播畫面被網友轉貼到threads上，引發網友嘲諷「過街老鼠」、「真的活該被嗆」。（圖擷自YouTube）新北市長選戰逐步升溫，民眾黨主席黃國昌近日持續到地方掃街造勢，卻屢屢遭到民眾痛罵嗆聲，今上午黃國昌與白營市議員參選人一同到板橋出席活動，過程中又再度被多位民眾嗆聲「超速仔」，直播畫面被網友轉貼到threads上，引發網友嘲諷「過街老鼠」、「真的活該被嗆」。黃國昌自宣布投入參選新北市長選戰後，在掃街拜票時常常被民眾當面嗆聲，包含在新店、汐止都遇到民眾或是攤商對他開罵，今上午黃國昌與爭取連任的市議員陳世軒，以及其他3名市議員參選人一同到板橋拜票，但就在與現場民眾合照的過程中，直播影片又再度拍到有民眾連番嗆他「超速仔」，黃國昌與其他白營人員一度轉頭看是誰，但隨即又回頭繼續尬笑，場面好不尷尬。請繼續往下閱讀...這段畫面也被轉貼到threads上，網友紛紛留言酸「真的每天被嗆耶，有夠下係下井」、「笑死，嗆臭俗仔是什麼全民運動？」、「不是剛好一起來！是有在關注政治的人99%都想罵他一聲臭俗辣」、「在立法院高高在上、不可一世，進到民間才知道自己其實臭不可聞」、「自己的國蔥自己嗆」、「黃國昌在挑戰新北市全區走透透都有超速仔嗆聲如影隨行的副本」、「想看黃國長達成被全新北市嗆臭俗辣的成就」，有網友更諷刺「請各位新北市民一定要唯一支持黃國昌，全力票投蘇巧慧」。    ,https://news.ltn.com.tw/news/politics/breakingnews/5343422
藍台中市長提名傳鄭麗文「隔江打盧」 盧秀燕駁：與鄭主席情同姊妹,政治,2026/02/14 12:37,春節年假第一天，盧秀燕慰問清潔人員辛勞。（圖由民眾提供）藍營台中市長提名協調話題持續延燒，外界盛傳黨中央藉提名紛爭「隔江打盧」，將壓力轉嫁地方，引發政治揣測，市長盧秀燕今（14）日面對詢問語氣堅定，直接回應「不會」，並強調自己與黨主席鄭麗文關係「情同姊妹」，彼此有商有量、互相尊重，外界不必見縫插針。國民黨台中市長提名遲未定案，近日由中國國民黨中央出面協調，促成江啟臣與楊瓊瓔兩陣營就民調機制取得共識，確定3月進行全民調，並由3家民調機構執行，儘管協調已有結果，過程中仍傳出角力與權力運作的各種說法，甚至有評論指稱黨主席鄭麗文藉協調「隔江打盧」，讓地方承擔壓力。請繼續往下閱讀...對此，盧秀燕今春節年假第一天，到環保局南屯區清潔隊，慰問清潔人員辛勞時，明確否認相關揣測表示，與黨主席之間始終維持充分溝通，重大決策皆彼此商量，關係建立在信任與尊重之上，外界不需過度解讀政治互動，更不必刻意製造對立。江楊3月全民調 盧秀燕：相信不會網內互打被問到若不是她出手協調，台中市長提名恐延至5月底？盧秀燕未否認，表示有結果最重要，昨天的確協調成功，2人認真優質的候選人同意3月份舉辦全民調，現在就是他們初選最後衝刺階段，且他們都是非常優質成熟有實力的政治，相信在初選中會保持君子之爭，不會「網內互打」，奠定未來勝選的基礎。    ,https://news.ltn.com.tw/news/politics/breakingnews/5343434
影片曝光！ 黃國昌拜票遇男子哭求 「找不到時代力量那個、拜託你找回良心」,政治,2026/02/14 12:28,有民眾對著黃國昌說「好幾年前認識一個我很喜歡的老師，我找不到他，可不可以幫我找到，是時代力量那個。」、「我希望你可以找回良心。」黃國昌則尷尬回應，歡迎隨時來他的競選總部找他。（圖擷取自Mr.柯學先生 臉書）民眾黨主席黃國昌備戰新北市長選戰，常常有民眾在他掃街拜票的過程中當面嗆聲。黃國昌在板橋花市拜票與民眾合照時，有民眾對著黃國昌說「好幾年前認識一個我很喜歡的老師，我找不到他，可不可以幫我找到，是時代力量那個。」、「我希望你可以找回良心。」黃國昌則尷尬回應，歡迎隨時來他的競選總部找他。臉書粉專「Mr.柯學先生」擷取黃國昌YouTube直播頻道的段落，影片中有1名戴著帽子的民眾在與黃國昌合照前對著黃國昌說「好幾年前認識一個我很喜歡的老師，我找不到他，可不可以幫我找到，是時代力量那個。」黃國昌回應「歡迎你，歡迎你，隨時到競選總部來找我，真的謝謝你。」該男子回應「我希望你可以找回良心。」請繼續往下閱讀...網友們看到貼文後紛紛表示「哈哈，那個時代力量的已死了啦還找」、「情何以堪？不勝唏噓啊！」、「找不到了，他良心早被啃了」、「很多人應該跟這個選民一樣頗傷心的」、「最狠的嗆聲往往都是以支持者的姿勢出現」。https://www.youtube.com/live/WXk-Wg-igqs?si=Bf5wySCjdRzo6_lg&t=1443    ,https://news.ltn.com.tw/news/politics/breakingnews/5343371
台美關係寫新頁 美中西部7州友台力量爆發式賀年,政治,2026/02/14 12:23,伊利諾州聯邦眾議員佛斯特祝賀新年快樂。（取自X）台美經貿及各項雙邊關係寫下新頁，美國各地友台力量也顯著擴大。美國中西部7州多達60多位政要首長，首度共同在Youtube與社群媒體祝賀台灣民眾與當地僑胞農曆新年快樂，期許提升台灣與美國中西部夥伴關係，馬力全開。美國中西部伊利諾、印第安納、愛荷華、密西根、明尼蘇達、俄亥俄及威斯康辛等7州國會議員、州市首長、州府官員、州市議會「友台連線」共同主席及議員等，多達62位美國中西部及國會兩黨政要，近日共同以錄影方式，向在美中西部僑胞及2300萬台灣民眾祝賀農曆「金馬新年」萬馬奔騰、平安快樂。請繼續往下閱讀...美國中西部政要包括伊利諾州聯邦眾議員佛斯特（Bill Foster）、台裔副州長侯炳文（Grace Hou）、明尼蘇達州副州長佛蘭納根（Peggy Flanagan）、農業廳長皮特森（Thom Petersen）、芝加哥市市長強森（Brandon Johnson）、印第安納州州務卿莫拉萊斯（Diego Morales）、經發廳總裁李察遜（Josh Richardson）熱情參與錄影連線。俄亥俄州州務卿拉羅斯（Frank LaRose）、沃倫（Warren）市市長佛蘭克林（William D. Franklin）、愛荷華州州務卿培特（Paul Pate）、州參議長辛克雷（Amy Sinclair）等多位市長、各州市議會兩黨領袖及「友台連線」共同主席，以錄影方式向在美中西部僑胞及國人祝賀馬年吉祥、新年快樂。駐芝加哥辦事處長類延峰表示，誠摯向轄區內所有僑胞及台灣鄉親致上新年祝福。過去一年台美經貿達到前所未有的戰略高度，台灣與美中西部關係持續深化，在經貿、科技、教育及人文交流都有豐碩成果，展現台美共同價值與堅實夥伴情誼。他說，展望未來，期盼台美合作如駿馬奔馳、蒸蒸日上，為台美民眾創造更多福祉。伊州聯邦眾議員佛斯特祝賀台灣人民及在美中西部僑民馬年吉祥。副州長侯炳文、審計長孟多薩（Susana Mendoza）、台裔州眾議員楊啟華（Janet Yang Rohr）及密西根州州眾議員麥克唐納（Sharon MacDonell）等人以中文祝賀大家「新年快樂」，期待雙邊關係持續深化。明州副州長佛蘭納根及農業廳長皮特森代表明州向台灣致賀，並重申台灣與明州農業貿易夥伴的重要性。印州州務卿莫拉萊斯期待台灣及印州持續鞏固夥伴關係，並邀請台灣友人一同慶祝今年美國建國250週年。伊州州參議員路易斯（Seth Lewis）及威州州眾議員史塔布斯（Shelia Stubbs）祝賀今年為台灣總統直選30週年，期待雙邊姊妹夥伴關係持續強化。俄州州務卿拉羅斯憶及過去訪台美好回憶，祝所有台灣民眾新年駿馬奔騰。愛州州眾議員威爾遜（Elizabeth Wilson）笑稱家人長年訪台，對台灣印象深刻良好。俄州參眾議院「友台連線」兩黨共同主席安東尼（Nickie Antonio）、馬修斯（Ty Mathews）；密州眾院「友台連線」共同主席摩根（Jason Morgan）；伊州參議院兩黨領袖萊特福特（Kimberly Lightford）、柯蘭（John Curran）及威州眾院「友台連線」共同主席麥蓋爾（Tip McGuire）、艾倫（Scott Allen）等多位各州參眾院領袖；芝加哥市議會「友台連線」共同主席芮里（Brendan Reilly）等跨黨派州市議員，也都祝賀台灣人民新年快樂，並重申深化台美雙邊情誼的支持。美國中西部計有62位聯邦眾議員、副州長、市長、州務卿、農經首長、跨黨派州市議會領袖、「友台連線」共同主席等政要，向台灣民眾及中西部僑胞表達溫暖誠摯的新年祝賀，彰顯台美中西部人民深厚情誼。伊利諾州聯邦眾議員佛斯特。（美聯社）    ,https://news.ltn.com.tw/news/politics/breakingnews/5343423
管碧玲連3年為海巡做年菜  感謝春節衛疆不打烊,政治,2026/02/14 12:07,海委會主委管碧玲（中）與海巡署長張忠龍（左一）、艦隊分署長黃宣凱（右一）登長濱艦製作年菜，慰勞海巡基層。（海委會提供）除夕將至，海委會主委管碧玲率海巡署長張忠龍、艦隊分署長黃宣凱登上長濱艦，親手製作年菜慰勞海巡基層。這也是她連續3年為海巡人員下廚料理，用媽媽的愛感謝海巡守護國家。春節除夕圍爐將至，海洋委員會主委管碧玲昨天與海巡署長張忠龍、艦隊分署長黃宣凱，3人同登長濱艦親手製作年菜慰勞海巡基層，這也是她連續3年為海巡人員親自下廚料理。她堅持獅子頭要純手工揉捏出筋，加入大量蔬菜烹煮，滿滿的疼惜與關懷入味，用媽媽的愛，謝謝海巡守護國家。請繼續往下閱讀...繼龍年春節前到桃園二三岸巡隊烹飪紅燒獅子頭、蛇年到新北第二一岸巡中隊製作黃金蛋捲，管碧玲馬年擴大陣容，全副圍裙、帽套親手料理清燉獅子頭、炸年糕與水餃，為年節期間仍需值勤長濱艦人員準備年菜。她也頒發加菜金給所有年節出勤的海巡艦艇人員，預祝全體海巡人員新年快樂。管碧玲表示，海巡春節期間捍衛海疆不打烊，過去一年海巡成功救援約600人，其中包含上百名外籍人士。在治安維護方面，全年查獲毒品等不法物資達13噸，並持續強化海上查緝作為，展現守護國家安全的專業與韌性。海巡比陸域警察更辛苦的是，必須在遼闊海域及岸際工作，環境更加艱困，因此在全國人民團圓圍爐年節，不能忘記堅守崗位的海巡弟兄姐妹。管碧玲今年再度拿出招牌料理清燉獅子頭，她提示3大秘訣，絞肉先以蔥薑水攪拌，這是肉丸子軟嫩口感的第一關鍵；第二秘訣是堅持純手工揉捏出筋，並裹上一層太白粉水，讓獅子頭鎖住肉汁與定型；第三招則是下鍋煮滾後立即撈出，一定要加入大量白菜、紅蘿蔔完整包覆。滷40分鐘顆顆飽滿、吸飽湯汁的獅子頭才能正式上桌。長濱艦長梁乃文表示，在海上能吃到管碧玲與長官們的親手料理，感到非常溫暖，有媽媽、爸爸的味道。艦上大副林政佑分享，弟兄們光是在滷製過程就已食指大動，開蓋後香氣四溢的獅子頭馬上被分食一空，甚至連滷白菜湯底都沒剩下，「管媽招牌拿手菜果然有一套」。管碧玲今年再度拿出招牌料理清燉獅子頭。（海委會提供）海委會主委管碧玲致贈加菜金給長濱艦梁乃文艦長。（海委會提供）    ,https://news.ltn.com.tw/news/politics/breakingnews/5343338
民調角力風波延燒！被指涉逼江啟臣妥協 楊瓊瓔怒發3聲明反擊,政治,2026/02/14 12:04,被指涉逼江啟臣妥協，楊瓊瓔今天怒發3聲明反擊。（資料照，記者張軒哲攝）國民黨台中市長提名協調風波持續延燒，黨中央昨天邀集立法院副院長江啟臣、立委楊瓊瓔協調，雙方確定3月民調，卻有報導指楊陣營公開宣傳民調期程，逼江啟臣妥協，楊瓊瓔今（14）日怒發3聲明，痛批該報導內容失實扭曲，更強調台中不能再被內耗，國民黨更不應在不實報導中被撕裂，而江啟臣今天上午到台中市第三公有零售市場向民眾及攤商拜年並發春聯，被問及此議題時沒有回應。楊瓊瓔今天表示，報導聲稱國民黨副祕書長兼組發會主委李哲華出席協調會，但實際上對方根本未到場，與會名單都能誤植，足以令人質疑整篇內容查證是否嚴謹，若連人員出席都寫錯，其餘「內幕」可信度自然大打折扣。請繼續往下閱讀...第二點聲明則針對「協調破局就直接初選」的說法，楊表示「這並非我方立場」，實際情況是江陣營幕僚堅持推翻既有共識，要求重新擇期、重談民調機構及時間，導致協調內容一再回到原點，進程無法向前，黨中央提名協調小組才提醒，若持續拖延將影響整體時程，不排除回歸初選機制。楊瓊瓔表示，在此情況下，他們僅表達「尊重黨中央決定」，從未主動提出，也未強迫要求「直接初選」，然而，相關報導卻刻意顛倒因果，將責任全數推諉於他們，甚至指稱幕僚「嗆聲」，將她描繪成刁難、固執、不肯協調的一方，這樣的描述，不只是偏頗，而是對事實的嚴重扭曲。第三，這根本不是所謂「內幕揭露」，而是錯誤事實的堆疊與抹黑，媒體可以有立場、有評論，但不能捏造事實、顛倒黑白，將她一貫尊重制度、配合協調的態度，刻意包裝成「強硬逼迫」、「拒絕協調」，並對她的幕僚進行人格化攻擊，已對她本人之名譽與政治人格造成實質傷害。楊瓊瓔表示，要求相關媒體立即更正或下架錯誤百出的不實報導，還原完整、真實的協調過程。若未獲合理更正與公開說明，將不排除依法提告，以正視聽，她一再強調，台中不能再被內耗，國民黨更不應在不實報導中被撕裂。但團結，從來不該建立在扭曲事實、抹黑他人的基礎之上。江啟臣今天上午到台中市第三公有零售市場發春聯，對此議題沒有回應。（記者許國楨攝）    ,https://news.ltn.com.tw/news/politics/breakingnews/5343411
西洋情人節選將拜票「搏感情」 竹北市場濃濃選戰味,政治,2026/02/14 12:01,國民黨新竹縣長提名初選白熱化之際，爭取黨提名的副縣長陳見賢，今天一早由竹北市民代表戴佩如（左）等多組人馬，在竹北等市場拜票。（記者廖雪茹攝）農曆春節連假首日適逢西洋情人節，新竹縣竹北市場一早好熱鬧，卻選戰氣氛濃厚，除了忙著採買年貨的民眾，包括國民黨、民眾黨和時代力量選將，都不約而同，來到人潮最多的傳統市場拜票、發紅包，爭取曝光率。國民黨新竹縣長提名初選白熱化之際，爭取黨提名的副縣長陳見賢，今天一早發動小蜜蜂策略，派出多組人馬，包括夫人陳玉貴、縣議員蔡志環、竹北市民代表戴佩如等多位黨籍民代，同步在竹北、仁義等市場拜票，沿途向攤商與採買民眾發小紅包，尋求鄉親支持。請繼續往下閱讀...陳見賢的對手、國民黨立委徐欣瑩，團隊表示今天安排私下拜會行程，全力衝刺。民眾黨由新竹黨部主委邱臣遠領軍，先後前往竹東、竹北市場發紅包、拜票，包括竹縣議員林碩彥、竹北市民代表游雅婷、竹東議員提名人鍾心渝、湖口議員提名人陳岫玫等共同出席，展現從網路直播到實體走訪，「空陸合一」的同步推進。時代力量黨主席王婉諭今天一早也來到竹北、竹東市場，陪同同黨準備投入參選新竹縣議員第二選區竹北東區的張育慈及新埔鎮鎮民代表林旭良，向市場鄉親拜年，並發放「吃好睡好」春聯，希望將這份簡單卻又暖心的祝福分送給每一位朋友。時代力量黨主席王婉諭（中）今早到竹北市場向鄉親拜年，並發放「吃好睡好」春聯。（記者廖雪茹攝）民眾黨由新竹黨部主委邱臣遠（中）領軍，前往竹北市場發紅包、拜票。（記者廖雪茹攝）    ,https://news.ltn.com.tw/news/politics/breakingnews/5343414
張惇涵舉珍奶讚對美談判 網友熱議他謎之微笑 洪申翰：也是很想喝啦,政治,2026/02/14 11:56,台美正式簽署對等貿易協定，行政院昨召開記者會，秘書長張惇涵舉起一杯「珍珠奶茶」稱讚談判團隊「有為有守」。而在同一時間在張後方的勞動部長洪申翰卻露出「謎之微笑」，引發網友熱議。（圖擷自threads）台美正式簽署對等貿易協定（ART），行政院昨日召開記者會說明時，行政院秘書長張惇涵在會中舉起一杯「珍珠奶茶」表示，這正是談判團隊「有為有守」最好的印證。而在張惇涵舉起珍奶時，在他後方的勞動部長洪申翰卻露出「謎之微笑」，引發網友熱議，對此洪申翰也發文說明當下的想法，並笑回網友「也是很想喝啦」。洪申翰對此在threads發文說明，指「晚上實在太多人來問，到底我在秘書長後面，一下表情僵硬，一下又在笑什麼了？」請繼續往下閱讀...洪申翰表示，其實，是在秘書長那麼精彩的發言的那幾分鐘，心情很複雜地快速回憶到，幾年前當立委時，和酪農們一起奮戰爭取進口乳一定要和本土鮮乳作出標示區隔的記憶。想到那時候，食品進口商透過各種管道，來施壓要我辦公室放棄的情景。好在，當時還是有堅持了。很感謝那時候互相補位的同事和戰友們。洪申翰指出，就在秘書長舉起珍珠奶茶的那一剎那，突然很強烈感受到，這就是盡力過，就會默默累積的政治啊！只是我沒意識到當時的表情，居然是這樣笑成這麼傻氣的。對此網友紛紛留言「快樂如此簡單，只需要一杯珍奶」、「實在搶戲，剛好與惇涵的面無表情相當互補」、「申翰部長的笑容真的太迷人」、「你可能不知道這一笑讓飲料店營業額多了多少」、「行政團隊的堅持，終於收穫豐盛的果實，我眼淚都快掉下來，一秒被部長傻笑收回」、「原來還有這一段故事，幫臺灣酪農產出的鮮乳正名，難怪部長笑得那麼開心。」此外，張惇涵在留言區認證「太魔性！」，也有網友笑問「部長發誓不是想喝珍奶嗎！！！！」，洪申翰則坦承「也是很想喝啦」。     在 Threads 查看    ,https://news.ltn.com.tw/news/politics/breakingnews/5343375
重溫8年前撩妹金句  蔣萬安尬喊：有點不好意思,政治,2026/02/14 11:55,蔣萬安臉書今天貼出情人節祝福影片。（擷取自蔣萬安臉書）今（14日）是情人節，台北市長蔣萬安秀浪漫挑戰土味情話。幕僚翻出他8年前的撩妹影片，讓本人看了都忍不住尷尬直喊「有點不好意思」。蔣萬安今在臉書貼出情人節影片，片中可見8年前、還有些青澀模樣的蔣萬安在節目上撩一名身材火辣的女藝人，對她說「烤肉你都先烤什麼？我都先考慮你」。請繼續往下閱讀...片中，蔣萬安還問高雄市議員陳美雅「你知道我學生的時候最喜歡什麼課？我最喜歡愛上你的每一刻」。不過因都是照稿念，也被幕僚吐槽是「無情撩妹機器」，沒有感情只有背稿。蔣萬安也撩過立委李彥秀，問她搭高鐵喜歡靠走道，還是靠窗？「我喜歡靠著你」，讓李彥秀笑彎腰，直呼不敢相信蔣萬安會說出這種話。最後，蔣萬安也向民眾送上祝福：「今天是情人節，也是春節的開始，祝有情人終成眷屬，單身的朋友也不要擔心，眼睛一閉馬上就過了。新的一年，祝大家新年快樂、萬事如意、馬到成功，也祝大家情人節快樂。」蔣萬安臉書今天貼出情人節祝福影片。（擷取自蔣萬安臉書）蔣萬安臉書今天貼出情人節祝福影片。（擷取自蔣萬安臉書）    ,https://news.ltn.com.tw/news/politics/breakingnews/5343388
春節連假首日 黃偉哲發紅包巧遇謝龍介,政治,2026/02/14 11:48,台南市長黃偉哲在高鐵站發放紅包，巧遇國民黨不分區立委謝龍介。（記者吳俊鋒攝）今天是農曆春節連續假期首日，初步估計台南雙鐵約10萬人返鄉，市長黃偉哲今天到站區發放紅包，為民眾賀歲，巧遇國民黨不分區立委謝龍介，雙方互相祝福，場面歡樂。黃偉哲今天上午到高鐵台南站發放「金馬伍吉」的紅包、春聯，向返鄉市民與造訪遊客拜年，期盼每個人都現在有錢，新的一年諸事順利、發大財。請繼續往下閱讀...黃偉哲一路從大廳發放到2樓票匣口，受到民眾簇擁，爭相領取，氣氛熱烈，有些外籍旅客對於台灣年節特有的紅包、春聯，感到很新奇。黃偉哲說，今天為年假首日，也是西洋情人節，無論返鄉或出遊，希望大家都有快樂、美好的旅程，農曆新春期間，一切順利、平安，到時候也不要忘了來看台灣國際蘭展。黃偉哲表示，台南美食小吃與歷史景點等深受遊客喜愛，年假時人潮眾多，建議多加利用大眾運輸與接駁轉乘，選擇公車、鐵馬或步行的方式漫遊市區每個角落的風景，減少壅塞，且低碳、健康，切身感受獨有的城市風貌與文化魅力。市府交通局長王銘德指出，高鐵、台鐵於連假期間都加開班次，今天有購票的到站旅客就超過9萬人，實際數目應該更多，國道客運也推估增加25%。王銘德提到，春節期間將與雙鐡、國道客運保持密切聯繫，掌握長途人流移動的情形，全力因應。昨天的年假前最後上班日，市區8小時交通量約16萬車次，略較去年增加9%；大台南公車運量計約3.3萬人次，略較去年增加3%。台南市長黃偉哲在高鐵站發放紅包，向民眾拜年。（記者吳俊鋒攝）台南市長黃偉哲在高鐵站發放紅包，與民眾自拍合影。（記者吳俊鋒攝）    ,https://news.ltn.com.tw/news/politics/breakingnews/5343380
警政署長關心春節連假交通疏運 頒贈獎勵金慰勉鐵警堅守崗位,政治,2026/02/14 11:45,"警政署長張榮興今（14）日由鐵路警察局長陳錦坤陪同下前往臺北分局臺北分駐所，頒發工作獎勵金慰勉年節留守員警與去年一整年為鐵路治安、交通付出的辛勞表示感謝。（記者劉慶侯翻攝）註：警提供近來，交通運輸安全是國人最重視的治安項目。警政署長張榮興為感謝鐵警春節年假期間仍不辭辛勞堅守崗位維護鐡路治安，今（14）日由鐵路警察局長陳錦坤陪同下前往臺北分局臺北分駐所，頒發工作獎勵金慰勉年節留守員警與去年一整年為鐵路治安、交通付出的辛勞表示感謝。署長表示，春節是民眾返鄉團聚、出遊的重要時光，臺鐵及高鐵各車站湧現眾多人潮，感謝鐵路警察加強編排站區、月臺、平交道巡守及護車勤務，以維護乘車秩序及旅客安全。並關心員警體力調節及輪休情形，強調警察工作特殊，春節期間肩負鐵路治安、交通工作，對於沒有辦法休假返家與家人團聚同仁，特別囑咐幹部加強關懷及照顧。請繼續往下閱讀...署長關心鐵警所轄臺、高鐡車站人潮狀況，今（14）日臺鐵高鐵共構車站（南港、臺北、板橋、新烏日、左營）及臺鐵（新竹、臺中、彰化、臺南、高雄、花蓮）、高鐵（桃園、臺中、臺南）等主要車站均湧現大量返鄉人潮，特囑咐鐵警持續加強臺、高鐵各站區、月台與平交道秩序、人潮疏導與安全維護，即時掌控行車狀況，確保旅運安全；另針對車站易見置物櫃詐騙案件更提醒鐵警同仁加強巡查防制。鐵路警察局長陳錦坤表示，因應春節連假期間疏運旅客需要，臺鐵公司自2月12日起至2月23日止，全線加開各級列車總計323班次（西線116班次、東線177班次、南迴線30班次）；另高鐵公司自2月13日起至2月23日止，共加開395班次列車（南下170班次、北上225班次），總計11天提供2,162班次列車的疏運服務。鐵警將全力配合臺、高鐵公司運輸，除投入警力強化春節連假臺、高鐵疏運，並動員臺、高鐵公司站務人員、保全、替代役及志工民力資源，全面淨化鐵路站車場域，提高現場緊急應變處置，並嚴防搭乘臺（高）鐵及捷運轉乘旅客人潮推擠與踩踏事件，確保鐵運安全，請民眾安心。    ",https://news.ltn.com.tw/news/politics/breakingnews/5343367
時力拚竹縣組議會黨團 王婉諭：竹北、竹東及湖口至少提名4議員參選人,政治,2026/02/14 11:43,時代力量黨主席王婉諭（中）今天一早陪同同黨參選人張育慈（左）及林旭良（右），向竹北市場及天后宮的鄉親拜年。（記者廖雪茹攝）春節連假首日，時代力量黨主席王婉諭今天一早來到竹北市場，陪同同黨準備投入參選新竹縣議員第二選區竹北東區的張育慈及新埔鎮鎮民代表林旭良，向鄉親拜年，並發放「吃好睡好」春聯；王婉諭宣布，時力將在竹北市東、西區、竹東及湖口等地，至少提名4席縣議員參選人，力拚在新竹縣議會中組成黨團，攜手竹市議會黨團共同為大新竹的幸福努力。王婉諭表示，過年前夕，來到竹北市場跟大家拜個早年的同時，也鄭重向鄉親報告這次時代力量對於新竹縣選戰的規劃願景。過去幾年以來，時代力量扎根新竹縣，沒有一刻缺席，未來當然也會持續替地方打拚，從基層改變政治。請繼續往下閱讀...王婉諭說，這屆選舉時代力量會為鄉親推薦最好的人選，包含今日首度亮相的擬參選人，新竹縣第二選區竹北東的張育慈，她是竹北長大的在地人、中央大學客家社會文化碩士，曾經在新竹縣政府服務等處歷練，也擔任時代力量的媒體聯絡人，黨內規劃在竹北市東西區、竹東及湖口提名縣議員參選人，力拚在議會中組成黨團。鄉鎮市民代表的部分，除了在新埔鎮第四選區提名林旭良參選鎮民代表外，未來會持續公布更多優質的參選人，絕不會讓鄉親失望。王婉諭強調，時代力量要在新竹市以外，力拚第二個議會黨團，用百分百的力量來監督新竹縣政府，透過優質、專業的問政內容，替人民把關縣政，做鄉親最大的靠山。未來，期盼時代力量新竹縣、市議會黨團連袂合作，共同解決大新竹遇到的困境、回應民眾的期待。    ,https://news.ltn.com.tw/news/politics/breakingnews/5343360
卓榮泰視察春節運輸 喊出台美關稅談判定案後「百工百業再衝一波」,政治,2026/02/14 11:39,因應返鄉出遊車潮，行政院長卓榮泰今（14）日前往交通部高速公路局視察春節連假國道疏運辦情況。（記者黃子暘攝）農曆春節在即，因應返鄉出遊車潮，行政院長卓榮泰今（14）日前往交通部高速公路局視察春節連假國道疏運辦情況。卓榮泰指出，今年休假比往年提早一天，返鄉車流量應有所分散，初二到初四的交通挑戰利用AI技術、大數據分析提前因應、即時反映，政府也透過交通建設幫台灣打通「任督二脈」；目前國家正在最好的年代，政府將逐步推動AI新十大建設等，將台灣建造為亞洲資產管理中心，盼台美關稅談判定案後，「百工百業能夠再衝一波」，回應內需並爭取海外訂單。卓榮泰向春節將留守執勤的高公局、警方同仁致謝，他也說，很感謝交通部長陳世凱透過活潑創新的方式宣導長者換照等交通政策，初二到初四的交通挑戰，目前利用科技做好因應與即時反應，去年至今，政府也有前往視察中豐、五股交流道、台61線新北段、台66線平交路口改善、花蓮馬太鞍溪鋼便橋等施作或完工等等，並盼國道1號楊梅至頭份段拓寬工程、國道7號高雄路段新建工程可在年後如期如質推動；相關交通建設盼打通台灣任督二脈，以服務商務、旅遊、返鄉民眾。請繼續往下閱讀...卓榮泰也責成相關單位留意春節期間工地施工號誌、交維狀況，也呼籲大眾善用國道客運優惠，並可善用「高速公路1968」掌握氣候、路況等資訊。「我最近常說，我們國家正在最好的年代」，卓榮泰表示，現在有最好的國際合作，經濟發展也達到前所未有的狀況，AI高科技產業、傳統產業今年1月外銷訂單都有顯著成長，政府上半年將持續加碼跨國勞動力引入、高端科技人才培育等，逐步把台灣打造成亞洲資產管理中心，更盼台美談判定案後百工百業再衝一波，極力推升內需、爭取海外訂單拓展海外版圖，隨之而來的國際貿易、旅遊也請交通部持續加強。因應返鄉出遊車潮，行政院長卓榮泰今（14）日前往交通部高速公路局視察春節連假國道疏運辦情況。（記者黃子暘攝）    ,https://news.ltn.com.tw/news/politics/breakingnews/5343376
基層反彈了！國民黨早有軍購版本 藍營人士爆被「他們」擋下,政治,2026/02/14 11:38,國民黨主席鄭麗文。（資料照）藍白10度聯手封殺1.25兆國防特別預算，不過，民眾黨立法院黨團總召陳清龍11日同意讓政院版草案付委，讓壓力來到國民黨一方。對此，立委葉元之日前在政論節目中表示，其實已有人提出過自己的版本，但「不知道為什麼」在上個會期結束前就是沒有提，藍營人士經營的粉專「不演了新聞台」更直接爆料，國民黨軍購版本規模超過8000億元，上個會期早就準備好了，但卻被黨主席鄭麗文、立委張顯耀擋下來。藍白聯手阻擋1.25兆國防預算，令國人相當不解，有藍委近日自掏腰包做民調，結果有超過6成民意支持增加國防預算，遠高於不贊成的29%。此外，美方加大壓力，日前有37名跨黨派議員致函立院要求通過預算案，加上白營已經同意政院版本付委。有媒體報導，藍營基層已經動搖，不懂為何中央要阻擋國防預算。請繼續往下閱讀...葉元之日前在政論節目中表示，國民黨要不要有自己的版本，一直以來都有在討論，據他了解，立委徐巧芯應該有個版本，「但是不知道為什麼」在上個會期結束前就是沒有提，他也表示，都是黨團幹部在運作，背後什麼原因他並不清楚。粉專「不演了新聞台」則發文表示，國民黨版的軍購特別條例中分為無人機系統與火砲飛彈等兩大部分，規模超過8000億元，「早就備好了，上個會期尾聲原本就要提案，卻被鄭麗文，張顯耀等人擋下。」粉專痛批，現在民眾黨團也同意院版付委，再加上自己的版本，請問鄭麗文，張顯耀你們可以放過大家，讓黨團送出國民黨版，讓委員們好好問政立法了嗎？    ,https://news.ltn.com.tw/news/politics/breakingnews/5343285
蔡正元挺高金稱：若我在北京明天導彈就到凱道 網轟鼓吹武力攻台,政治,2026/02/14 11:31,蔡正元聲稱，若中國在高金的案子上無所作為、沒有辦法處理，就不要再講「統一台灣」。蔡正元還稱，如果是他在北京當家，「你敢辦高金素梅，我明天導彈就到凱達格蘭大道」。（圖擷自YouTube）無黨籍立委高金素梅因涉詐領助理費等案遭檢調搜索偵辦，前國民黨立委蔡正元卻聲稱，若中國在高金的案子上無所作為、沒有辦法處理，就不要再講「統一台灣」。蔡正元還稱，如果是他在北京當家，「你敢辦高金素梅，我明天導彈就到凱達格蘭大道」。相關言論引發網友批評。針對高金素梅涉貪遭查，蔡正元在接受中國主持人「三妹」訪問時聲稱，他要看中國大陸在高金素梅的案子上「能幹嘛」，如果無所作為的話，「那大陸以後就不要再講什麼我要統一台灣了啦！回家睡覺啦！」。請繼續往下閱讀...蔡正元表示，台灣很多人都在看，「你這麼軟弱、你這麼無能」，如果是他在北京當家，「我跟你講，你敢辦高金素梅，我明天導彈就到凱達格蘭大道」。蔡正元也稱，這不是激進，這是在展示自身的力量，並質疑中國現在最大的問題是扮演熊貓，造成沒有人會怕，反觀美國則是在扮演白頭鷹，眾人儘管不喜歡，但是仍會感到害怕，所以只能乖乖的配合。他也嗆「高金素梅都保護不了，你能幹嘛？」。對此「我是台灣人．台灣是咱的國家」臉書粉專也轉貼蔡正元發言的影片，並批「公然鼓吹發動戰爭是犯罪行為，這段影音提供給予檢調作為證物。現行犯罪證確鑿，可直接逮捕。除暴安良是公民應盡的義務」。在發文網友也紛紛質疑「唯恐台灣不亂？」、「這政府不辦嗎？太可惡了！」、「為什麼中國要保護高金，中國的人？」、「他的意思就是高金是老共在台灣的代表，敢抓她，就打飛彈過來」，也有網友嗆「腦子有洞，鼓吹中國武力打台灣」、「還沒有抓進去關喔」。    ,https://news.ltn.com.tw/news/politics/breakingnews/5343223
聲援高金素梅 洪秀柱：揭竿起義伐無道、誅濫權！,政治,2026/02/14 11:28,前國民黨主席洪秀柱。（資料照）無黨籍立委高金素梅因涉嫌利用人頭詐領助理費、利用人頭輸入中國製快篩，還疑利用原住民多族群文化交流協會詐領補助，昨天被台北地檢署諭知100萬元交保，前國民黨主席洪秀柱今日在臉書以「揭竿起義，伐無道、誅濫權！」為題發文聲援高金素梅，並痛批民進黨濫用司法手段粗暴、動作高調，早已超出比例原則，「這不是單純司法調查，而是赤裸裸的政治示警：誰敢監督、誰敢質疑，就準備承受國家機器的輾壓！」洪秀柱指出，自從民進黨執政以來，以惡法箝制在野，以行政權凌駕立法權，以政治意志踐踏憲法精神，到了賴清德總統上任，更是毫不掩飾地將司法化為武器，羈押在野黨主席，強推大罷免，讓台灣空轉1年多，社會撕裂、民生停擺。請繼續往下閱讀...洪秀柱表示，當司法檢調成為執政者對付政敵的刀劍，當「國安」成為無限上綱的萬用藉口，當政治協商被棄如敝屣、對話機制蕩然無存，我們還能假裝這只是政黨攻防嗎？今天可以對付在野黨，明天就能對付任何不順從的團體與個人，連長年為原住民族發聲、為兩岸和平奔走的高金素梅，都能被如此粗暴對待，這已經不是個案，而是對整個在野力量的全面威嚇。她還說，中國史上第一次大規模平民起義的秦朝陳勝、吳廣揭竿而起，喊出「伐無道，誅暴秦」，不是為了動亂，而是因為退無可退，「今日的台灣，不該走到那一步，但若執政者繼續把司法當武器、把反對者當敵人，把國家機器當成鬥爭工具，人民終將明白若不挺身而出，便只能任人宰割，『人為刀俎，我為魚肉』。」    ,https://news.ltn.com.tw/news/politics/breakingnews/5343369
自曝遭地方人士性騷！美女里長洪佳君站出來 民眾送暖讓她淚崩,政治,2026/02/14 11:24,里民、戰友送暖讓洪佳君忍不住淚崩。（記者甘孟霖攝）台北市萬華區華江里長洪佳君日前於臉書自曝遭到地方上資深前輩性騷擾，經過數日沉澱，她已經完成相關報案程序，並於今天（14日）召開記者會。現場有許多里民都來送暖，高喊「洪佳君加油」，年輕里長夥伴也獻花，讓她一度淚崩。至於是否公開加害人？洪說，尊重檢察官要求「偵查不公開」，她不會在現在讓情緒影響程序。洪佳君今在選區議員洪婉臻陪同下於華江里辦公處召開記者會，許多里民都守候在會場等待，一進場就高喊「洪佳君加油」、「性騷零容忍」，增添幾分溫馨氛圍。請繼續往下閱讀...洪佳君說，這件事情於2月11日發生後已經過去4天，每一天都讓她感到十分漫長，甚至直到昨天晚上，她的情緒仍舊處於崩潰狀態，無法停止大哭，也很擔心身邊的家人們是否受到牽連，白天或許可以透過忙碌讓自己分心，但晚上閉上眼睛，恐懼揮之不去，這幾天每天都夜不成寐，只睡兩小時。她說，要站出來真的很不容易，她也曾經想要退縮，性騷不只證據搜集困難，也可能因權力不對等不敢申訴，更要面對報案時的二度傷害。不過，在近期深入了解案情後，她發現受害者不只她一人，這件事情已經不只是她的事情，因此她選擇站出來，就是要強調性騷零容忍，不要再有下一個受害者，更感謝家人們的支持，讓她撐下來。洪婉臻說，性騷零容忍，尤其權勢性騷更不能被接受，她也已經要求市府相關局處包含警察局、產發局等，務必保全相關證據，絕不能讓影像丟失，基於偵查不公開原則，也希望司法勿枉勿縱，還給一個公道。洪佳君同時是「台北市76人年輕里長聯誼會」幹部，聯誼會今也到場聲援並獻上鮮花、擁抱，並共同喊出口號「性騷零容忍、洪佳君加油」來聲援，讓洪佳君一度淚崩。涉性騷萬華最美里長 地方知名林男被警搜索法辦里民、戰友送暖讓洪佳君忍不住淚崩。（記者甘孟霖攝）自曝遭地方人士性騷後，洪佳君今出面召開記者會。（記者甘孟霖攝）自曝遭地方人士性騷後，洪佳君今出面召開記者會。（記者甘孟霖攝）    ,https://news.ltn.com.tw/news/politics/breakingnews/5343361
「橘子」被爆過年返台交手機紀錄 柯文哲嗆：「鏡週刊」新年要重新做人,政治,2026/02/14 11:10,台灣民眾黨創黨主席柯文哲（中）率北市議員參選人14日圓山捷運站出口發春聯，會前受訪。（記者塗建榮攝）前民眾黨主席柯文哲今天上午在妻子陳佩琪、民眾黨台北市公職人員與議員參選人陪同下，到台北市圓山捷運站一號出口發送春聯、紅包與發財金。針對「鏡週刊」記者爆料，柯文哲的幕僚「橘子」目前在香港，過年期間可能返台，而且有交出過去柯文哲會見對象記錄的手機，他反嗆說，希望「鏡週刊」在新年要「改過自新，重新做人！」對於媒體關切柯文哲今天偕同妻子陳佩琪現身，是否稍後要一起去約會？柯文哲則說，今天是「西洋情人節」，他帶陳佩琪一起出來，是為了避免陳佩琪在家中寫臉書，「帶她去哪裡不重要，重點是不要待在電腦桌前面。」他並祝福大家新的一年馬上幸福、馬上快樂。請繼續往下閱讀...有關「鏡週刊」的爆料，柯文哲說，過年期間他不要講壞話，希望「鏡週刊」在新的一年要「改過自新，重新做人」，在2025年台北地檢署少數幾個檢察官勾結「鏡週刊」，淪為民進黨的打手，這就是全民的普遍印象，他希望「鏡週刊」在新年可以改過自新。    ,https://news.ltn.com.tw/news/politics/breakingnews/5343342
黃國昌掃街民眾狂嗆 吳靜怡：從咆哮影帝變成街頭小媳婦,政治,2026/02/14 11:10,"民眾黨主席黃國昌。（資料照）民眾黨主席黃國昌宣布投入參選新北市長選戰後，在掃街拜票時常常被民眾當面嗆聲，對此，媒體人吳靜怡表示，黃國昌一離開立委，從咆哮影帝變成街頭小媳婦，沒有組織的民眾黨彷彿被黨主席帶著到處去裸奔！國昌只是沒有羽毛的母雞罷了。吳靜怡在臉書PO文表示，黃國昌人人敢嗆成為超速仔，政治光環的破窗效應！「反對政治」能有選票嗎？當黃國昌走出立法院咆哮舞台、走進市場與街頭，情勢突然翻轉，從攤商到路過鄉親，「你到底能幫市民什麼？」黃國昌多次愣住避答，一次次就像是過街老鼠、人人敢嗆，形成破窗理論，當一個破窗沒有被修復，會讓人認為可以繼續朝窗戶丟石頭，黃國昌威權形象破裂，被叫超速仔、嗆他也沒事、黃國昌的支持多在網路，他逐步從「可以被嗆的人」慢慢變成「必須被討厭的人」。請繼續往下閱讀...吳靜怡指出，更關鍵的是，新北的政治結構正在變動。2024年總統大選中，新北市開票結果為「柯文哲／吳欣盈：645,105票（26.24%）、賴清德／蕭美琴：948,818票（38.59%）、侯友宜／趙少康：864,557票（35.17%）」黃國昌在戰術上忽略了，賴清德在新北市的得票率不僅第一，甚至超越了在地執政八年的侯友宜。若黃國昌只想用「反賴清德」、「反民進黨」成為藍白和當選的主軸線，當然，勢必一定會受到大量的反撲！吳靜怡續指，在日本最新的國會選舉中，高市早苗的勝出，其實正好反映了「反對高市」結盟的在野黨全面潰敗，執政黨以高市路線為主軸，高度集中於國防、安全、經濟與國家戰略，並成功將選戰論述轉化為「治理願景」，這都能印證「反對政治」已經成為輸家方程式，藍白還要繼續嗎？吳靜怡直言，黃國昌的處境，或許不只是個人問題，而是當代政治的一面鏡子——在社群媒體與議場中成名的政治人物，終究還是要回到街頭，你會罵政府，但你能不能帶領國家？黃國昌一離開立委，從咆哮影帝變成街頭小媳婦，沒有組織的民眾黨彷彿被黨主席帶著到處去裸奔！國昌只是沒有羽毛的母雞罷了。    ",https://news.ltn.com.tw/news/politics/breakingnews/5343281
李貞秀雙重國籍爭議  柯文哲批陸委會「刁難」,政治,2026/02/14 11:10,民眾黨不分區立委李貞秀雙重國籍爭議，民眾黨創黨主席柯文哲今受訪批評陸委會「刁難」，如果政府一開始就說陸配不能從政，民眾黨就不會提名李貞秀。（記者塗建榮攝）針對民眾黨不分區立委李貞秀雙重國籍爭議持續未解，前民眾黨主席柯文哲今天上午在台北市圓山捷運站一號出口發送春聯、紅包與發財金時受訪表示，有關陸委會不採信李貞秀所提除籍證明書，他認為不必在這個地方特別回答，因為李貞秀自己會去回答，而且應該會把證件直接拿出來，並抨擊陸委會就是在「刁難」，如果政府一開始就說陸配不能從政，民眾黨當初就不會提名李貞秀。柯文哲強調，政府本來就應該替老百姓解決問題，陸委會要告訴大家，應該怎麼去做，最好把流程圖都寫出來，不然指導或協助大家辦程序。請繼續往下閱讀...隨後他話鋒一轉表示，「大家都曉得，這個就是刁難，程序沒有辦法辦嘛！」他還說，大家不要在過年期間討論這個問題，並奉勸政府認真做事情就好，「為何故意在小事情上這樣搞？不然一開始就說陸配不能從政，民眾黨當初就不要提名她（李貞秀），程序都走完了，現在才說不可以！」此外，對於媒體詢問是否對民眾黨台北市選情有信心？柯文哲說，「當然有」，民眾黨在台北市6個選區，每一個選區只提名1位參選人，選票集中，而且參選人的條件都是菁英，標識清楚，很容易輔選，希望6個選區的民眾黨議員全部當選。李貞秀爭議柯文哲批刁難 陸委會：可參考中華人民共和國國籍法辦理台灣民眾黨創黨主席柯文哲（中）率北市議員參選人14日圓山捷運站出口發春聯。（記者塗建榮攝）    ,https://news.ltn.com.tw/news/politics/breakingnews/5343333
談李貞秀國籍爭議 黃國昌：強迫個人完成政府做不到的事強人所難,政治,2026/02/14 11:08,民眾黨新北市長參選人黃國昌今（14）日在拜票行程中受訪。（記者黃子暘攝）民眾黨不分區立委李貞秀昨提出除籍證明書，因時間點等問題，大陸委員會副主委梁文傑表示不予採信。民眾黨新北市長參選人黃國昌今（14）日在拜票行程中受訪，又點名總統賴清德；他說，民進黨政府在前總統蔡英文時期就無此問題，賴清德政府就180度轉變，且李貞秀案的困難是對方（中國）根本就不受理，「如果說連政府自己都做不到的事情，然後要強迫一個人去完成這種客觀上面根本不可能完成的任務，我覺得是強人所難啊」。黃國昌指出，台灣法律應有一致性，不要「初一十五不一樣」，蔡英文、前陸委會主委邱太三任內就沒這問題，賴清德政府就突然180度轉變，對法律的解釋、適用跟過去完全不同，讓人無所適從。請繼續往下閱讀...「如果說連政府自己都做不到的事情，然後要強迫一個人去完成，這種客觀上面根本不可能完成的任務我覺得是強人所難啊」，黃國昌表示，李貞秀已經宣示效忠中華民國及中華民國憲法，也明確提出要除去中華人民共和國國籍申請文件，「那現在實際上面的困難是對方根本就不受理」，如果連陸委會、海峽交流基金會這種扮演兩岸人民溝通、傳遞文書的重要管道都做不到，要怎樣強人所難？    ,https://news.ltn.com.tw/news/politics/breakingnews/5343344
田秋堇還原林宅血案真相 粉專痛批：再次證明費思兔團隊謊話連篇,政治,2026/02/14 11:08,監察委員田秋堇。（資料照）翻拍1980年「林宅血案」電影《世紀血案》還未上映，因未獲林義雄及家屬同意、演員李千娜失言引外界議論，林義雄時任助理田秋堇近期接受媒體人陳信聰節目還原當年血案現場。對此，臉書粉專「姆士捲」表示，「看了田秋堇和林家血案的採訪，除了揪心之外，再次證實世紀血案費思兔團隊謊話連篇」。粉專「姆士捲」今發文指出，「費思兔團隊謊話連篇，完全沒有任何照會授權就逕自拍攝，甚至欺騙團隊的演員，從一開始就居心不良，據說現在好像還想改名重來。」請繼續往下閱讀...「姆士捲」指出，田女士訪談中委婉地表示，劇中據說有個扮演她的角色，應該先找她聊聊，知道她大概是怎麼樣的人，再去進行詮釋，「現在越去細究蘇敬軾和費思兔的目的和動機，就越覺得這一切根本都是，某種認知作戰的phase two」。網友看到貼文後引發討論，有人說「背後的人目的根本不是還原歷史吧」、「正常這種類似紀錄片或是事件翻拍，最基本都要詢問當事人或當事人後代，結果卻完全沒有！」     在 Threads 查看林宅血案筆錄還原！田秋堇遭警「一句話刺心」 賈永婕怒轟：沒有良心粉專「姆士捲」今發布圖卡。（圖擷取自「姆士捲」臉書粉專）    ,https://news.ltn.com.tw/news/politics/breakingnews/5343236
偕子弟兵掃板橋花市獨不見陳彥廷 黃國昌：他需要一點時間準備,政治,2026/02/14 11:06,民眾黨籍參選人黃國昌今日陪同子弟兵前往板橋花市發放情人節小物並受訪。（記者黃子暘攝）新北市長選戰開打，民眾黨籍參選人黃國昌今（14日）前往板橋花市發放情人節小物，席間受訪。素人陳彥廷爆冷打敗黃國昌子弟兵周曉芸、將獲民眾黨提名參選三重、蘆洲區新北市議員選舉，今日黃國昌攜爭取連任的市議員陳世軒、另外3名市議員參選人子弟兵拜票，唯獨不見陳彥廷身影；被問及此事，黃國昌讚陳彥廷靦腆、正直，也說陳彥廷認為自己需要一點時間準備。被問及陳彥廷一事，黃國昌說，陳昨天就有來找他、組織部等幹部商談蠻久，陳彥廷是「一個非常好的年輕人，大家也可以看得出來，他雖然有一點靦腆，但是非常的正直、非常的客氣、溫文爾雅」；黃指出，陳彥廷昨天表示希望再給他一點時間準備，黃國昌則認為陳彥廷接下來要面對高密度競選活動，心理建設與工作、生活現狀需要做些調整，希望大家再給他一點時間，也盼陳儘速準備好自己，能夠參加民眾黨的競選活動。請繼續往下閱讀...另外，被問及如何看待國民黨籍對手、台北市副市長李四川胞弟爆發「環保蟑螂爭議」？黃國昌為李四川喊話，成年人為自己行為負責，勿因選舉過度渲染他人行為，李四川是「大家非常敬重的一位長輩」，在新北、高雄、台北市副手任內表現傑出受肯定，台灣民主選舉就事論事、提出政策願景爭取選民認同，因為選舉把家人事情拿來政治攻擊大可不必。    ,https://news.ltn.com.tw/news/politics/breakingnews/5343327
插旗新北、嘉義、宜蘭 民眾黨縣市長「保１」再尋求開彊闢土,政治,2026/02/14 11:00,民眾黨已提名黨主席黃國昌參選新北市長，但尚待藍白整合，確定最終由哪一黨代表藍白參選新北市長。（資料照）面對年底縣市長選戰，民眾黨已提名前立委陳琬惠、張啟楷及黃國昌，分別征戰宜蘭縣、嘉義市與新北市，但涉及後續「藍白合」問題，選情尚難逆料，目前以民眾黨原本執政的新竹市選情被看好，儘管市長高虹安日前因涉案退黨，但國民黨已確定在竹市禮讓，因此，民眾黨的百里侯席次至少「保1」，再尋求開彊闢土。台灣民眾黨目前一共3人參選縣長，分別為去（2025）年底先後接受徵召的宜蘭縣陳琬惠、嘉義市張啟楷，以及本（2）月初辭任立委，正式參選新北市長的黨主席黃國昌；但基於藍白合架構，尚待國民黨人選出爐後，才能進行後續藍白的縣市長提名整合，因此，上述3人是否能率藍白聯軍參選縣市長，仍在未定之天。請繼續往下閱讀...值得一提的是，先前因涉嫌詐領助理費而官司纏身的新竹市長高虹安，去年底在高院二審改判無罪後，目前已申請復職；儘管柯文哲日前在竹北掃街時表示高會先專心於市政，但國民黨早在去年底就表態會在竹市「讓賢」，也就是說，竹市將是民眾黨在「藍白合」中的選戰主場，就待高虹安恢復黨籍後接受黨中央徵召。至於宜蘭縣長、嘉義市長選舉，民眾黨各候選人評估倒是樂觀許多。代表民眾黨參選宜蘭縣長的陳琬惠說，她有7、8成把握自己能在藍白合下出線、勝選；她強調，她在宜蘭深耕已久、4年歷練中還有2年立委資歷，豐富問政能力是她一大優勢，更自認是「藍白最大公約數」，直言她的「南港東移」、門診中心等政策勝過其他候選人，而在宜蘭選民「選人不選黨」趨向下，中間選民對她接受度高，間接提升她選戰信心。代表民眾黨參選嘉義市長的前立委張啓楷，對於從藍白合出線競選，也給出「5成以上」的樂觀預期。他分析，從總統票與政黨票結構來看，嘉義市藍白合計已高於民進黨，只要人選整合得好，勝算自然提升；他強調自己兼具專業和問政成績，尤其在立院為嘉義市爭取66億元統籌分配款，搭配他30年媒體、城市行銷經驗，以及AI城市、廣建社宅等具體政策，由他對決民進黨參選人王美惠，最終獲得勝選並非空談。    ,https://news.ltn.com.tw/news/politics/breakingnews/5343116
鄭麗文將遭黨內逼宮？王瑞德稱：本土派大老秘密協議要推她,政治,2026/02/14 10:50,國民黨主席鄭麗文（見圖）上任以來爭議不斷，親中言論備受外界質疑。名嘴王瑞德發文稱，「本土派一堆大老已在秘密基地完成協議，年底將逼宮並推出共同人選領導大局」，引發網友熱議。（資料照）國民黨主席鄭麗文上任以來爭議不斷，親中言論備受外界質疑。名嘴王瑞德發文稱，「本土派一堆大老已在秘密基地完成協議，年底將逼宮並推出共同人選領導大局」，引發網友熱議。王瑞德在threads發文稱，「我做了一個夢。因為不滿資歷能力不足的大姐頭，一天到晚只想和敵寨大檔頭眉來眼去，本土派一堆大老已在秘密基地完成協議，年底將逼宮並推出共同人選領導大局」。請繼續往下閱讀...王瑞德還說，「是女的，但不姓盧」。該文發出後引發網友議論，紛紛留言「果然害金主賠錢是政治上最不能承受之重」、「可是…國民黨有哪一位女性不是跟中國眉來眼去的？」、「可是我希望大姐頭繼續在那邊佔著才能夠凸顯照妖鏡的重要」，細看留言有不少人都點名黃敏惠。也有網友直言，「問題是現在國會的藍委有人在聽主席的嗎？所以重點還是要把國會拿回來！」、「選舉金流如果由傅崐萁控制，推誰結果都一樣」    ,https://news.ltn.com.tw/news/politics/breakingnews/5343288
賴清德滿意度短短5個月漲10％！ 黃暐瀚曝3大結論,政治,2026/02/14 10:43,總統賴清德。（資料照）去年大罷免大失敗後，總統賴清德與民進黨聲勢降至谷底。媒體人黃暐瀚引述幾份民調表示，短短5個月，賴清德的民調漲了10%；另外，去年一名藍委自費做民調，在國防預算議題上，有57%民眾贊成，今年更持續提高。黃暐瀚也綜合相關民調表示，結論很簡單，第一、賴清德民調持續上升。第二、破六成國人支持增加國防預算。第三、國人支持軍購，但擔心不能準時到貨。黃暐瀚昨日在臉書發文，引述媒體以及立委牛煦庭過去3個月自費做的兩次民調。他表示，2025年8月媒體民調中，賴清德滿意度28%，不滿意度55%；但在牛13日公布的民調中，滿意度已上升至38%，黃暐瀚說，很明顯的簡單結論就是「賴清德自大罷免之後，短短五個月，民調一路上升了10％」。請繼續往下閱讀...另外，黃暐瀚指出，去年11月牛煦庭委員自費委託製作的民調中，有一題是「請問您贊不贊成政府增加國防預算，加強軍備？」結果57%贊成，35%不贊成。今年二月，支持度已經來到61%，不贊成為29%。本次民調新增「您支不支持8年1.25兆國防特別預算」，結果44%支持，45%不支持。另有56%擔心跟美國買武器，無法如期到貨。對此，黃暐瀚也做出三點結論：一、賴清德民調持續上升（38％滿意）。二、破六成國人支持增加國防預算。三、國人支持軍購，但擔心不能準時到貨。    ,https://news.ltn.com.tw/news/politics/breakingnews/5343293
卓榮泰盼台美關稅協定速審 促朝野合作回應社會期待,政治,2026/02/14 10:39,行政院長卓榮泰14日前往消防署救災救護指揮中心，慰勉春節留守值勤人員。（記者叢昌瑾攝）春節連假首日，行政院長卓榮泰今（14日）上午前往消防署救災救護指揮中心慰勉春節留守值勤人員。其間，卓榮泰被問到關於台美對等貿易協定等相關問題時，他表示，行政院將在副院長鄭麗君返國後，於法定時間內、以最快速度把相關內容送交行政院與立法院審議。他同時也強調，全國國人都如此熱切期待一個穩定的對美關稅制度時，朝野更應同心協力，他也將再度向立法院長韓國瑜提出要求，希望國會理性審議、以順利推進，回應社會與產業界的高度期待。請繼續往下閱讀...行政院長卓榮泰是今天上午8時30分，前往消防署救災救護指揮中心慰問留守人員，對堅守崗位落實「安全不打烊」的消防人員致上誠摯敬意。他表示，消防弟兄是守護國人生命財產安全的第一線基石，政府將從福利、人力、硬體與科技四大面向，全面作為消防同仁最強大的後盾。他說，政府規畫投入285億元經費，執行連續性計畫以精進消防體系，核心目標涵蓋五大面向，針對屋齡超過20年以上的辦公廳舍進行全面整修，改善人員工作與休息環境，確保其在疲憊後能獲得良好修復。卓榮泰表示，政府將在2028年前增補3000名消防人力，以達成更合理的勤務配置；全面更新消防車輛與現代化救援器材，積極導入紅外線熱顯像無人機、AI救災機器人及無人載具，利用科技取代人力進入高風險場域，降低第一線弟兄面臨的不必要風險。他表示，在精進待遇福利部分，已指示內政部檢討軍警消危險加給，承諾在年後研議提升消防人員危險津貼，讓警消待遇趨於一致。    ,https://news.ltn.com.tw/news/politics/breakingnews/5343309
2026百里侯選情初探   國民黨2縣市恐「藍天變綠地」,政治,2026/02/14 10:38,國民黨籍台北市副市長李四川已表態將於2月底請辭，3月投入新北市長選舉。（資料照）面對今年的百里侯戰局，目前掌握全台15塊地方執政版圖的國民黨，黨內人士評估，6個尋求連任的選區都可望順利連任，至於另外9個尋求換手的藍營執政縣市，嘉義市及彰化縣等2縣市恐面臨「淪陷」的高度危險，至於目前非藍營執政的7個選區，除了確定禮讓民眾黨的新竹市，以及可望重新回到藍營手上的金門縣，其他5個南部直轄市或縣市都難以樂觀。據分析，目前準備交棒的藍營執政地區中，新北市考量目前民眾黨對於藍白整合態度堅定，如果未來是呈兩人對決的態勢，勝選應無問題，差別只有在於小贏或較大幅度領先，如果藍白推出人選是劉和然、黃國昌，應該只會小贏，若是人選是李四川，則有明顯領先的優勢，若最後意外出現三腳督的情況，國民黨即便是由李四川出馬，「穩穩跑掉15趴的選票，哪有可能會贏！」請繼續往下閱讀...至於同樣屬於藍白合作選區的宜蘭縣，黨內人士評估，如果是立委吳宗憲出線，並獲得白營支持，選情將相對穩定，後勢並不看淡，而且國民黨有信心民眾黨不敢再背負藍白合破局的罪名。在嚴重紛擾的新竹縣，據分析，藍營向來有6成左右票源的優勢，因此拿下縣長應該不成問題，即便藍營出現分裂呈現三腳督態度，評估應該也能拿下4成5票選源，只是贏得不太漂亮，但黨中央一定會喬出一人參選，「如果誰脫黨參選，就開除誰，黨中央會決定棄保，不會被動等待棄保！」有關台中市部分，黨內認為，無論最後是江啟臣或楊瓊瓔出馬角逐，應該都能繼續掌權，只有贏多贏少的差別﹔至於花蓮縣、台東縣等傳統國民黨優勢地區，黨內評估維持藍天不成問題。目前讓國民黨最感悲觀的藍營執政地區就屬彰化縣與嘉義市。據一位熟知地方生態的黨內人士證實，彰化縣可以用「不甚樂觀」形容，關鍵就在謝家的內部問題，雖然黨中央看好立委謝衣鳯，但因謝衣鳯的弟弟謝典霖要尋求連任議長，謝母反對女兒參選縣長，再加上謝典霖近日自爆風波，已經造成謝家「內傷」，至於表態的另外兩位前副縣長，則是完全不被看好，彰化縣可以用「半個淪陷區」形容﹔至於嘉義市，由於現任市長黃敏惠與王美惠互動良好，在許多藍營人士眼中早已宛如「淪陷區」。在目前非藍色執政地盤的嘉義縣、台南市、高雄市及屏東縣，國民黨都不敢樂觀，有人私下感嘆，「能拉近差距就不錯了」﹔澎湖縣部分，黨內認為同樣處於劣勢，但如果由前副議長陳雙全的兒子、現任議長陳毓仁出馬，難保沒有翻盤機會﹔至於原本屬民眾黨執政的金門縣，黨內評估立委陳玉珍已勝券在握。有關基隆市、台北市、桃園市、苗栗縣、南投縣、連江縣等6個藍營尋求連任的選區，黨內人士指出，除非有特別的怪事發生，應該都能順利連任。針對彰化縣長選舉，黨中央雖看好立委謝衣鳯，但因謝衣鳯的弟弟謝典霖要尋求連任議長，目前謝家家族尚未對是否支持謝衣鳯參選縣長表態，選情出現變數。（資料照）    ,https://news.ltn.com.tw/news/politics/breakingnews/5340266
李四川胞弟「環保蟑螂」爭議 蘇巧慧：大眾支持司法徹查嚴辦,政治,2026/02/14 10:31,適逢情人節，民進黨立委、新北市長參選人蘇巧慧今（14）日率隊前往樹林區保安、博愛市場掃街，在本命區展現高人氣。（記者黃子暘攝）適逢情人節，民進黨立委、新北市長參選人蘇巧慧今（14）日率隊前往樹林區保安、博愛市場掃街，席間受訪。國民黨籍對手、台北市副市長李四川胞弟爆出環保蟑螂爭議，李四川也證實並表態胞弟應對自己行為負責，如何評價此事？蘇巧慧說，屏東是她的故鄉，任何暴力勒索、影響治安的環保流氓，人人深惡痛絕，相信大家都絕不允許，也相信大眾支持徹查嚴辦，此事就交給司法偵辦，盼根絕類似惡行。蘇巧慧率力爭連任的現任市議員廖宜琨、卓冠廷、彭一書、林銘仁與參選人高乃芸和吳昇翰、里長們前往掃街，被問到打算如何度過情人節，蘇巧慧表示，情人節就是要跟重要的人一起過，鄉親就是她重要的人，今年是年前最重要的週末，她來樹林向栽培她的鄉親拜年，這10年來她爭取許多中央經費補助樹林完成建設，其中包括捷運三鶯線將完工通車、萬大中和樹林線動工，希望鄉親在地生活越來越便利，她也會持續為新北爭取更多建設。請繼續往下閱讀...此外，蘇巧慧也分享，今早出門時，她跟老公的第一句話是「欸？今天好像是情人節耶」，她的老公則回應「啊，對耶，那加油！」為她打氣。蘇巧慧辦公室補充，為了讓樹林捷運工程早日動工，蘇巧慧協調台電加速辦理中正路、大安路11座超高壓電塔、83根高壓電桿下地工程，並協調樹人體健廣場特高壓電塔同步下地，提升生活環境品質。適逢情人節，民進黨立委、新北市長參選人蘇巧慧今（14）日率隊前往樹林區保安、博愛市場掃街，在本命區展現高人氣。（記者黃子暘攝）蘇巧慧辦公室補充，為了讓樹林捷運工程早日動工，蘇巧慧協調台電加速辦理中正路、大安路11座超高壓電塔、83根高壓電桿下地工程。（蘇巧慧辦公室提供）    ,https://news.ltn.com.tw/news/politics/breakingnews/5343304
2026開戰！民進黨布局劍指5+N 強攻藍白亂區拚翻轉,政治,2026/02/14 10:19,民進黨新北市長參選人蘇巧慧（左3）已提前就戰鬥位置，全力爭取勝選。（資料照）2026大選戰鼓擂起，民進黨現有15個縣市長人選就戰鬥位置。綠營鎖定「5+N」目標，將此役視為2028年賴清德總統連任前哨戰，提早佈局選將並強化政績論述，利用對手整合艱困的空窗期，全力搶攻藍白「亂區」。針對選戰布局節奏，民進黨高層說明，由於民進黨今年在多數縣市屬於挑戰者，提早起步以時間換取空間，讓參選人盡快招兵買馬、爭取曝光，也能讓黨內加速進行整合，並與行政部門對接，產出切合地方需求的建設清單與政見。請繼續往下閱讀...在「5+N」戰略目標下，民進黨除固守嘉義縣、台南市、高雄市、屏東縣及澎湖縣等5個執政縣市外，更積極尋求翻轉機會。民進黨政策會執行長吳思瑤直言，2022年戰果已是谷底，2026年不僅要守成，更要「突破再突破」，且此戰可視為2028年賴總統連任的前哨戰，具關鍵戰略意義。民進黨副祕書長何博文則對選情抱持「審慎樂觀」，因為執政團隊在經濟與國防上表現亮眼，且民進黨在多個選區已展現整合優勢。他盤點，宜蘭縣由律師林國漳出戰、展現空前團結，反觀國民黨仍搞不定議長張勝德與立委吳宗憲；台中市的何欣純聲勢看漲、內部整合迅速，國民黨則陷入「姊弟鬩牆」亂局；新北市的蘇巧慧也迅速提出政策願景，展現強大氣勢。此外，基隆市方面，議長童子瑋地方實力堅強，地方服務和個人形象俱佳；台東縣由立委陳瑩出戰，盼藉其原住民身分與父親、前台東縣長陳建年的政績，有助吸納原民族群的認同；彰化縣陳素月在類初選便定於一尊，且先行起跑，而國民黨目前則是一團亂。針對苗栗縣與南投縣等艱困選區，民進黨分別推派律師背景的縣議員陳品安，以及返鄉參選的牙醫温世政，力圖以「奇兵」策略一新耳目，相當具有競爭力。至於尚未提名的7個縣市，將於農曆年後攤牌。黨內人士評估，台北市與桃園市為布局重中之重，目前正強力遊說強將，人選可能與整體黨政人事連動；花蓮縣研議與無黨籍議長張峻合作的可能性，仍待多方溝通；新竹縣則看準藍營初選混亂且面臨分裂，民進黨則有隨時都能上陣的在地優秀人選，「就看國民黨狀況如何」。面對在野黨整合動向未明，何博文強調，民進黨定調「不管藍白合不合，都當作一對一來打」，不會寄望對手分裂，將以具體政績與政見爭取認同；對比藍白之間充滿算計與利益交換，這是民眾最討厭的事。    ,https://news.ltn.com.tw/news/politics/breakingnews/5343062
獨家》賴清德下令2026聯合作戰 綠營政見牌連發搶先機,政治,2026/02/14 10:05,民進黨主席賴清德去年11月宣布提名立委蘇巧慧、苗栗縣議員陳品安分別投入新北市長及苗栗縣長選舉。（資料照）年底百里侯爭霸戰全面開火，多位民進黨參選人已陸續發動政見攻勢。兼任民進黨主席的總統賴清德除親自下鄉理解民意，並下令黨中央在農曆年後啟動與各地競選團隊的連繫平台，以雙軌推動政績宣傳與政策願景，並研議跨縣市的「區域治理」共同政見，聯合作戰搶攻議題發球權。為深入了解地方需求，賴清德已多次參與地方黨公職座談。據轉述，賴日前在南投除關切名間焚化爐、高齡化和醫療資源不足等問題，為黨籍縣長參選人温世政拉抬聲勢；在台中場則聚焦當地產業現況、以及中央政策宣傳落差。請繼續往下閱讀...政策戰術方面，民進黨政策會執行長吳思瑤接受本報訪問說明，黨內採取政績宣傳與政策願景「雙軌並進」，首先是強化論述過去幾年中央資源挹注地方建設的具體成績；其次，由黨中央、行政部門與地方民意代表聯合作戰，產出地方迫切需要的政見。吳思瑤透露，她與行政部門已初步彙整相關政績資料，並提供參選人參考；賴清德也責成黨中央建構對話平台，預計年後邀請各參選團隊赴黨中央，進行實質政策討論與盤點。吳評估，相較於國民黨內部整合與「藍白合」前景未明，民進黨要搶得先機，透過政策吸引選民。此外，多位民進黨參選人已陸續發布政見。新北市長參選人蘇巧慧端出首波六大福利政見與紙本文宣；台中市長參選人何欣純提出老人健保補助及普發現金；彰化縣長參選人陳素月主張交通、都市與產業三大升級；苗栗縣長參選人陳品安則主動拜會行政院，爭取部立苗栗醫院急重症大樓擴建，藉由中央資源強化地方政見力道。輔選人士以中部縣市為例說明，黨內正研議區域治理框架下的共同政見，由於各縣市候選人布局速度不一，例如南投、苗栗等地團隊組建尚在進行，且中部目前多由國民黨執政，各地因應「財劃法」的方式不同，因此政見細節仍需更多討論。至於力拚延續執政的南台灣，高雄市長參選人賴瑞隆強調，民進黨已推動「大南方計畫」，未來將持續緊密結合區域治理的團隊合作，包括南高屏水電、交通及產業鏈，例如半導體「S廊帶」從南科串聯至屏東，並納入嘉義無人機與AI產業。相關新聞2026開戰！民進黨布局劍指5+N 強攻藍白亂區拚翻轉    ,https://news.ltn.com.tw/news/politics/breakingnews/5343061
領福袋看這裡！賴清德、蕭美琴春節行程出爐 3天走訪全台38廟,政治,2026/02/14 10:00,總統府新年總統、副總統賀年卡、春聯、紅包袋及福袋樣式。（資料照）農曆春節連續假期展開，總統賴清德與副總統蕭美琴規劃，除春節慰勉行程外，2人將於初一至初三的3天內，分頭走訪全台共38處廟宇祈福，並於現場親自發放1元福袋與民眾共襄盛舉，行程足跡涵蓋雙北、基隆、桃竹苗、中彰投、雲嘉南及高屏、宜蘭等縣市，與全台民眾共度新春佳節。根據總統府行程通知，賴清德今天上午赴台北市立聯合醫院信義門診部，視察春節醫療量能暨週日及國定假日輕急症中心（UCC）；接著到台北市中正一分局、中正二分局，慰勉春節期間堅守崗位的警察人員。明天的小年夜，賴清德將前往嘉義縣，慰勉嘉義縣警察局水上分局及第四岸巡隊布袋漁港安檢所。請繼續往下閱讀...農曆正月初一（17日），賴清德規劃密集走訪8處廟宇。上午7時起由台北市艋舺龍山寺出發，隨後轉往新北市萬里忠福宮、萬里昭靈宮，以及基隆市的基隆慶安宮，再回到新北市的竹林山觀音寺；下午則南下嘉義縣市，分別走訪嘉義城隍廟、朴子配天宮，最後一站為台南市「麻豆代天府」。蕭美琴初一則鎖定中部地區並安排5處行程，上午9時起依序前往台中市霧峰南天宮、南投縣草屯鎮永和宮、彰化縣埤腳五通宮。下午則是彰化市的南瑤宮及台中市的大雅永興宮。初二（18日）當天，賴清德同樣規劃8處廟宇參香。上午7時抵達台南市的台灣祀典武廟，依序前往屏東縣的精明寶宮、海豐三王國王；中午走訪高雄市的岡山壽天宮與前鎮鎮南宮。下午則是雲林縣的虎尾福安宮、石榴班長和宮，並於傍晚前往南投縣的竹山天心寶宮。蕭美琴初二則安排4處行程，上午9時起依序前往新北市的太平宮、永和保福宮，以及桃園市的平鎮褒忠祠；下午則前往宜蘭縣的二結王公廟。至於初三（19日），賴清德將走訪7處廟宇，包括彰化縣鹿港天后宮、台中市的新庄永順宮、元保宮。下午則一路北上，依序前往苗栗縣永貞宮、新竹市香山財神廟、新竹縣北埔慈天宮、以及桃園市景福宮。蕭美琴則深入南台灣，安排6處參拜地點。上午9時自台南市開基玉皇宮出發，隨後前往嘉義縣的民雄大士爺廟與民雄慶誠宮、嘉義市的南天門太子行宮；下午則轉往屏東縣南方代天府、高雄市鳳山代天府。    ,https://news.ltn.com.tw/news/politics/breakingnews/5343264
阻止中國吸光台積電！ 林智群曝李登輝開掛事蹟,政治,2026/02/14 09:59,前總統李登輝。（資料照）由徐琨華執導的電影《世紀血案》改編自1980年重大懸案「林宅血案」，相關爭議持續延燒，也引發許多人對於中國國民黨在白色恐怖時期的相關探討與討論。對此，律師林智群表示，李登輝這樣的菁英竟然閃過228跟白色恐怖，還進入國民黨體系，從一開始沒辦法掌握黨政軍的弱勢總統，逐步收編黨政軍，把政權從國民大會轉到人民身上（總統直選），從國民黨內部爆破，把權力還給人民。林智群在臉書PO文表示，李登輝念過京都帝國大學農學部農林經濟系，二戰後回台繼續在台大唸書，加入過共產黨，被警備總部逮補過，跟台獨大老彭明敏是好朋友，這樣的菁英竟然閃過228跟白色恐怖，還進入國民黨體系，取得特務頭子蔣經國的信賴。請繼續往下閱讀...林智群指出，不到20年登上總統大位，然後從一開始沒辦法掌握黨政軍的弱勢總統，逐步收編黨政軍，把政權從國民大會轉到人民身上（總統直選），從國民黨內部爆破，把權力還給人民，說接下來是你們的事情了，這根本就是開掛嘛！林智群直言，重點是，李登輝取得權力後，沒有眷戀，而是把權力還給人民，這一點比習近平強多了，另外李登輝在1996年提出戒急用忍，限制台積電聯電去中國，李登輝表示：「台灣的晶圓代工廠能晚一天去大陸，就晚一天，這樣對台灣來說才是好事。」，當時張忠謀還很不諒解，認爲政府干預企業決策，現在回頭看，沒有戒急用忍，台積電不會有現在這個榮景，技術早就被中國吸光光，現在這個局，李登輝在30年前就佈好了。    ,https://news.ltn.com.tw/news/politics/breakingnews/5343201
陸委會指李貞秀除籍證明有疑點 周軒：民眾黨選委會都沒人看到問題,政治,2026/02/14 09:34,民眾黨立委李貞秀（圖中）昨稱「陸配不是外國人」，是台灣之子的媽媽；她授權陸委會全權代為辦理陸配放棄國籍的事宜，期盼所有紛擾到她為止。（資料照）民眾黨中配立委李貞秀的國籍、戶籍爭議近日持續延燒，李貞秀昨雖稱1999年已註銷在中國湖南的戶籍。不過陸委會副主委梁文傑指李貞秀的證明書與其他中配完全不同，陸委會不予採信。政治工作者周軒也發文質疑，李貞秀的文件不知道哪裡來的，而當初李貞秀被提名市經過「選舉決策委員會」，成員包含黨主席柯文哲、秘書長周台竹、新竹市長高虹安等10人，但這麼多人都沒有看到李貞秀的問題。根據梁文傑說明，1999年兩岸條例並無要求單一戶籍制度，且她在2025年申請時，衡南縣公安局雲集派出所並未寫下具體的註銷日期，而是往前追溯了27年。這與其他中配拿回的證書完全不同，因此陸委會不予採信該時間點。請繼續往下閱讀...周軒在臉書發文指出，陸委會副主委梁文傑講得很清楚了，根據他的發言，可列出李貞秀國籍事件的時間序：1993年4月26日來台結婚1999年獲准定居2004年兩岸條例修正，要求單一戶籍與單一身分制度（當時多數陸配並未辦理註銷程序，當時也沒有機關受理此類申請，當事人自然沒有理由進行除籍。）2023年底獲民眾黨提名不分區立委2025年3月向移民署提出中國除籍文件（意即她的台灣身分程序是在2025年3月才完成）周軒直言，重點在於，2023年民眾黨提名李貞秀當不分區立委的時候，確實仍同時具備台灣與中國居民身分，未符合參選條件。而李貞秀提出來的1999年文件，經過比對後與其他中配申辦案例存在差異。周軒表示，多數中配所提供的證明文件，通常會清楚載明註銷身分的具體年月日，但李貞秀的文件卻僅記載「早在1993年嫁來台灣後即已完成註銷」，未見明確時間點，呈現方式與其他案例明顯不同。周軒指出，李貞秀有沒有問題，看起來是有，因為她的文件不知道哪裡來的。但這件事是李貞秀一個人的問題嗎？當然不是。周軒強調，2024年總統立委大選，台灣民眾黨為了提名作業成立了「選舉決策委員會」，委員會成員包含「黨主席柯文哲、秘書長周台竹、新竹市長高虹安、當時立法院黨團總召邱臣遠、指定中央委員林富男、前台北市副市長黃珊珊、台大醫院乳房醫學中心主治醫師張金堅、柯文哲辦公室特聘顧問林有志、宜蘭縣黨部主委李偉華、黨代表張清俊」等人。周軒表示，這個「選舉決策委員會委員名單」，除了黨主席與秘書長為當然成員外，其餘成員人選由黨主席提名，經中央委員會超過2/3同意後始得擔任。而包含李貞秀在內的，2024年這份民眾黨不分區名單，就是經過這個「選舉決策委員會」核定的。周軒直言，這麼多人都沒有看到李貞秀的問題，實在很難想像柯文哲那句「一個人走的快，一群人走得遠」，到底是不是民眾黨的DNA。    ,https://news.ltn.com.tw/news/politics/breakingnews/5343188
關稅談判順利！許美華曝美國一招超狠：直接出一張鬼牌給藍白,政治,2026/02/14 09:29,"台美雙方於美東時間2月12日簽署台美對等貿易協定。（圖取自美國駐中使領館X）行政院副院長鄭麗君與總談判代表楊珍妮率領的談判團隊，順利與美國政府完成簽署「台美對等貿易協定」（ART）。針對鄭麗君表示，美方曾一度要求協議在台灣國會完成審議後，才讓降稅生效；但是經溝通跟爭取後，美方已同意先行讓降稅生效。反紫光奇遊團成員許美華讚「這招真的很狠」，她表示，這根本是「直接出一張鬼牌」，看藍白要怎麼梭哈。許美華昨日深夜在臉書發文表示，當天最大的好消息，當然是台美雙方在華府簽署了對等關稅協議，整個內容比之前更多更好，最後關稅不只降到比照日韓歐盟的15%，再加上2072項產品豁免，實質平均關稅降到12.33%。請繼續往下閱讀...隨後，包括工總、商總、中小企業協會等七大工商團體，今天立刻發布聯合聲明，對政府談判團隊在複雜地緣政治環境下爭取產業利益「表達高度肯定」，同時呼籲，「儘速完成國內審查程序，將談判成果轉化為實質競爭力。」許美華指出，這是工商產業在跟立法院藍白喊話，別再搞事扯後腿、別再擋台美關稅了。「最後，還要再講一件很重要的事，」許美華指出，鄭麗君表示，美方曾一度要求協議在台灣國會完成審議後，才讓降稅生效；但是經溝通跟爭取後，美方已同意循其國內行政程序，在聯邦公報載明之後就讓降稅生效。「意思是，美方已同意會以最快時間，在台灣國會審議之前，就先讓台灣的降稅生效。」許美華說，這代表美國直接決定先降稅，不等台灣立法院了，立法院的同意權瞬間變成否決權。「不得不說，鄭麗君領軍的談判團隊很積極敢要，美國談判代表也很知道台灣國會的情況，直接出一張鬼牌，看藍白要怎麼梭哈。」她也預告，如果之後藍白決定擋下台美關稅，已經降低的關稅瞬間不見、回到過去，光是工商團體、無數傳產業者，自己去跟藍白立委翻臉吧！    ",https://news.ltn.com.tw/news/politics/breakingnews/5343229
李貞秀喊授權陸委會代辦放棄國籍 葉耀元：關政府什麼事？,政治,2026/02/14 09:19,美國聖湯瑪斯大學國際研究講座教授葉耀元。（資料照）民眾黨中配立委李貞秀因未放棄中國國籍而引起爭議，她昨日下午開記者會，稱「我授權陸委會全權代為辦理，行政院要求的陸配放棄國籍事宜」。對此，美國聖湯瑪斯大學國際研究講座教授葉耀元表示，放棄國籍是你自己的事情，你有沒有辦法成功放棄中國國籍也是你自己要想辦法，關政府什麼事？不要用這種自欺欺人的方式來轉移焦點。民眾黨中配立委李貞秀未放棄中國國籍引發爭議，同時也涉違反兩岸條例規定，不具備參選資格。民眾黨團昨日下午在陸委會前召開記者會，李貞秀哽咽地說，陸配不是外國人，陸配是台灣人的「家後」，陸配是台灣之子的媽媽；她「授權陸委會」全權代為辦理陸配放棄國籍的事宜，期盼所有紛擾到她為止。請繼續往下閱讀...葉耀元在臉書PO文表示，放棄國籍是你自己的事情，你有沒有辦法成功放棄中國國籍也是你自己要想辦法，關政府什麼事？不要用這種自欺欺人的方式來轉移焦點，在你擁有雙重國籍的當下，你擔任立法委員的身分就是違法，麻煩你不要霸佔著這個位子知法犯法。葉耀元直言，民眾黨跟民眾黨的支持者們，請問這種雙重國籍的政治人物就是你們的「選擇」嗎？如是如此，這個黨的存在就是在危害台灣的法治體系。    ,https://news.ltn.com.tw/news/politics/breakingnews/5343184
